separation_id,codigo_proforma,codigo_unidad,codigo_proyecto,snapshot_at,landmark_day,horizon_end_at,target_fall_within_30d,split,model,score
separacion:3832,2026-0000010,MT-A1109,MT,2026-01-02,0,2026-02-01,0,cross_regime_pre2026_to_post2026,prevalence_baseline,0.14280300816518135
separacion:3833,2026-0000035,NP-A2704,NP,2026-01-02,0,2026-02-01,0,cross_regime_pre2026_to_post2026,prevalence_baseline,0.14280300816518135
separacion:3834,2026-0000043,MT-A29,MT,2026-01-03,0,2026-02-02,0,cross_regime_pre2026_to_post2026,prevalence_baseline,0.14280300816518135
separacion:3835,2026-0000071,GY-35,GY,2026-01-03,0,2026-02-02,0,cross_regime_pre2026_to_post2026,prevalence_baseline,0.14280300816518135
separacion:3836,2026-0000078,EEUU-1701,EEUU,2026-01-03,0,2026-02-02,0,cross_regime_pre2026_to_post2026,prevalence_baseline,0.14280300816518135
separacion:3837,2026-0000095,NP-A-E27,NP,2026-01-04,0,2026-02-03,0,cross_regime_pre2026_to_post2026,prevalence_baseline,0.14280300816518135
separacion:3838,2026-0000102,EEUU-E40,EEUU,2026-01-04,0,2026-02-03,0,cross_regime_pre2026_to_post2026,prevalence_baseline,0.14280300816518135
separacion:3839,2026-0000029,GY-206,GY,2026-01-04,0,2026-02-03,0,cross_regime_pre2026_to_post2026,prevalence_baseline,0.14280300816518135
separacion:3855,2025-0009127,MD-1704,MD,2026-01-05,0,2026-02-04,1,cross_regime_pre2026_to_post2026,prevalence_baseline,0.14280300816518135
separacion:3857,2025-0009124,SL-1208,SL,2026-01-05,0,2026-02-04,0,cross_regime_pre2026_to_post2026,prevalence_baseline,0.14280300816518135
separacion:3862,2026-0000133,GY-501,GY,2026-01-05,0,2026-02-04,0,cross_regime_pre2026_to_post2026,prevalence_baseline,0.14280300816518135
separacion:3865,2026-0000164,MD-E38,MD,2026-01-06,0,2026-02-05,0,cross_regime_pre2026_to_post2026,prevalence_baseline,0.14280300816518135
separacion:3866,2026-0000134,NP-A-E62,NP,2026-01-07,0,2026-02-06,0,cross_regime_pre2026_to_post2026,prevalence_baseline,0.14280300816518135
separacion:3873,2026-0000225,SL-1408,SL,2026-01-09,0,2026-02-08,0,cross_regime_pre2026_to_post2026,prevalence_baseline,0.14280300816518135
separacion:3875,2026-0000132,SL-805,SL,2026-01-09,0,2026-02-08,0,cross_regime_pre2026_to_post2026,prevalence_baseline,0.14280300816518135
separacion:3834,2026-0000043,MT-A29,MT,2026-01-10,7,2026-02-09,0,cross_regime_pre2026_to_post2026,prevalence_baseline,0.14280300816518135
separacion:3835,2026-0000071,GY-35,GY,2026-01-10,7,2026-02-09,0,cross_regime_pre2026_to_post2026,prevalence_baseline,0.14280300816518135
separacion:3836,2026-0000078,EEUU-1701,EEUU,2026-01-10,7,2026-02-09,0,cross_regime_pre2026_to_post2026,prevalence_baseline,0.14280300816518135
separacion:3876,2026-0000218,GY-1504,GY,2026-01-10,0,2026-02-09,0,cross_regime_pre2026_to_post2026,prevalence_baseline,0.14280300816518135
separacion:3877,2026-0000222,EEUU-803,EEUU,2026-01-10,0,2026-02-09,0,cross_regime_pre2026_to_post2026,prevalence_baseline,0.14280300816518135
separacion:3837,2026-0000095,NP-A-E27,NP,2026-01-11,7,2026-02-10,0,cross_regime_pre2026_to_post2026,prevalence_baseline,0.14280300816518135
separacion:3838,2026-0000102,EEUU-E40,EEUU,2026-01-11,7,2026-02-10,0,cross_regime_pre2026_to_post2026,prevalence_baseline,0.14280300816518135
separacion:3839,2026-0000029,GY-206,GY,2026-01-11,7,2026-02-10,0,cross_regime_pre2026_to_post2026,prevalence_baseline,0.14280300816518135
separacion:3878,2026-0000335,NP-A1504,NP,2026-01-11,0,2026-02-10,0,cross_regime_pre2026_to_post2026,prevalence_baseline,0.14280300816518135
separacion:3879,2026-0000341,NP-A2301,NP,2026-01-11,0,2026-02-10,1,cross_regime_pre2026_to_post2026,prevalence_baseline,0.14280300816518135
separacion:3855,2025-0009127,MD-1704,MD,2026-01-12,7,2026-02-11,1,cross_regime_pre2026_to_post2026,prevalence_baseline,0.14280300816518135
separacion:3857,2025-0009124,SL-1208,SL,2026-01-12,7,2026-02-11,0,cross_regime_pre2026_to_post2026,prevalence_baseline,0.14280300816518135
separacion:3862,2026-0000133,GY-501,GY,2026-01-12,7,2026-02-11,0,cross_regime_pre2026_to_post2026,prevalence_baseline,0.14280300816518135
separacion:3880,2026-0000350,GY-903,GY,2026-01-12,0,2026-02-11,0,cross_regime_pre2026_to_post2026,prevalence_baseline,0.14280300816518135
separacion:3865,2026-0000164,MD-E38,MD,2026-01-13,7,2026-02-12,0,cross_regime_pre2026_to_post2026,prevalence_baseline,0.14280300816518135
separacion:3883,2026-0000369,MT-A308,MT,2026-01-13,0,2026-02-12,0,cross_regime_pre2026_to_post2026,prevalence_baseline,0.14280300816518135
separacion:3884,2026-0000402,MT-B1005,MT,2026-01-13,0,2026-02-12,0,cross_regime_pre2026_to_post2026,prevalence_baseline,0.14280300816518135
separacion:3866,2026-0000134,NP-A-E62,NP,2026-01-14,7,2026-02-13,0,cross_regime_pre2026_to_post2026,prevalence_baseline,0.14280300816518135
separacion:3888,2026-0000443,NP-A2103,NP,2026-01-15,0,2026-02-14,0,cross_regime_pre2026_to_post2026,prevalence_baseline,0.14280300816518135
separacion:3889,2026-0000493,FX-405,FX,2026-01-15,0,2026-02-14,0,cross_regime_pre2026_to_post2026,prevalence_baseline,0.14280300816518135
separacion:3873,2026-0000225,SL-1408,SL,2026-01-16,7,2026-02-15,0,cross_regime_pre2026_to_post2026,prevalence_baseline,0.14280300816518135
separacion:3890,2026-0000526,MD-E58,MD,2026-01-16,0,2026-02-15,0,cross_regime_pre2026_to_post2026,prevalence_baseline,0.14280300816518135
separacion:3891,2026-0000527,NP-A1806,NP,2026-01-16,0,2026-02-15,0,cross_regime_pre2026_to_post2026,prevalence_baseline,0.14280300816518135
separacion:3834,2026-0000043,MT-A29,MT,2026-01-17,14,2026-02-16,0,cross_regime_pre2026_to_post2026,prevalence_baseline,0.14280300816518135
separacion:3835,2026-0000071,GY-35,GY,2026-01-17,14,2026-02-16,0,cross_regime_pre2026_to_post2026,prevalence_baseline,0.14280300816518135
separacion:3836,2026-0000078,EEUU-1701,EEUU,2026-01-17,14,2026-02-16,0,cross_regime_pre2026_to_post2026,prevalence_baseline,0.14280300816518135
separacion:3876,2026-0000218,GY-1504,GY,2026-01-17,7,2026-02-16,0,cross_regime_pre2026_to_post2026,prevalence_baseline,0.14280300816518135
separacion:3877,2026-0000222,EEUU-803,EEUU,2026-01-17,7,2026-02-16,0,cross_regime_pre2026_to_post2026,prevalence_baseline,0.14280300816518135
separacion:3893,2026-0000574,MD-1607,MD,2026-01-17,0,2026-02-16,0,cross_regime_pre2026_to_post2026,prevalence_baseline,0.14280300816518135
separacion:3837,2026-0000095,NP-A-E27,NP,2026-01-18,14,2026-02-17,0,cross_regime_pre2026_to_post2026,prevalence_baseline,0.14280300816518135
separacion:3838,2026-0000102,EEUU-E40,EEUU,2026-01-18,14,2026-02-17,0,cross_regime_pre2026_to_post2026,prevalence_baseline,0.14280300816518135
separacion:3839,2026-0000029,GY-206,GY,2026-01-18,14,2026-02-17,0,cross_regime_pre2026_to_post2026,prevalence_baseline,0.14280300816518135
separacion:3879,2026-0000341,NP-A2301,NP,2026-01-18,7,2026-02-17,1,cross_regime_pre2026_to_post2026,prevalence_baseline,0.14280300816518135
separacion:3855,2025-0009127,MD-1704,MD,2026-01-19,14,2026-02-18,1,cross_regime_pre2026_to_post2026,prevalence_baseline,0.14280300816518135
separacion:3857,2025-0009124,SL-1208,SL,2026-01-19,14,2026-02-18,0,cross_regime_pre2026_to_post2026,prevalence_baseline,0.14280300816518135
separacion:3862,2026-0000133,GY-501,GY,2026-01-19,14,2026-02-18,0,cross_regime_pre2026_to_post2026,prevalence_baseline,0.14280300816518135
separacion:3904,2026-0000701,EEUU-E14,EEUU,2026-01-19,0,2026-02-18,0,cross_regime_pre2026_to_post2026,prevalence_baseline,0.14280300816518135
separacion:3905,2026-0000706,MT-A503,MT,2026-01-19,0,2026-02-18,0,cross_regime_pre2026_to_post2026,prevalence_baseline,0.14280300816518135
separacion:3865,2026-0000164,MD-E38,MD,2026-01-20,14,2026-02-19,0,cross_regime_pre2026_to_post2026,prevalence_baseline,0.14280300816518135
separacion:3883,2026-0000369,MT-A308,MT,2026-01-20,7,2026-02-19,0,cross_regime_pre2026_to_post2026,prevalence_baseline,0.14280300816518135
separacion:3909,2026-0000732,EEUU-D16,EEUU,2026-01-20,0,2026-02-19,0,cross_regime_pre2026_to_post2026,prevalence_baseline,0.14280300816518135
separacion:3911,2026-0000743,EEUU-1202,EEUU,2026-01-20,0,2026-02-19,1,cross_regime_pre2026_to_post2026,prevalence_baseline,0.14280300816518135
separacion:3866,2026-0000134,NP-A-E62,NP,2026-01-21,14,2026-02-20,0,cross_regime_pre2026_to_post2026,prevalence_baseline,0.14280300816518135
separacion:3913,2026-0000767,NP-A2801,NP,2026-01-21,0,2026-02-20,1,cross_regime_pre2026_to_post2026,prevalence_baseline,0.14280300816518135
separacion:3916,2026-0000782,EEUU-902,EEUU,2026-01-21,0,2026-02-20,0,cross_regime_pre2026_to_post2026,prevalence_baseline,0.14280300816518135
separacion:3888,2026-0000443,NP-A2103,NP,2026-01-22,7,2026-02-21,0,cross_regime_pre2026_to_post2026,prevalence_baseline,0.14280300816518135
separacion:3889,2026-0000493,FX-405,FX,2026-01-22,7,2026-02-21,0,cross_regime_pre2026_to_post2026,prevalence_baseline,0.14280300816518135
separacion:3917,2026-0000806,SL-1207,SL,2026-01-22,0,2026-02-21,0,cross_regime_pre2026_to_post2026,prevalence_baseline,0.14280300816518135
separacion:3918,2026-0000807,MD-1205,MD,2026-01-22,0,2026-02-21,0,cross_regime_pre2026_to_post2026,prevalence_baseline,0.14280300816518135
separacion:3921,2026-0000820,NP-A1510,NP,2026-01-22,0,2026-02-21,0,cross_regime_pre2026_to_post2026,prevalence_baseline,0.14280300816518135
separacion:3922,2026-0000826,MD-E43,MD,2026-01-22,0,2026-02-21,0,cross_regime_pre2026_to_post2026,prevalence_baseline,0.14280300816518135
separacion:3923,2026-0000825,MD-E36,MD,2026-01-22,0,2026-02-21,0,cross_regime_pre2026_to_post2026,prevalence_baseline,0.14280300816518135
separacion:3924,2026-0000828,NP-A1304,NP,2026-01-22,0,2026-02-21,0,cross_regime_pre2026_to_post2026,prevalence_baseline,0.14280300816518135
separacion:3925,2026-0000800,GY-1603,GY,2026-01-22,0,2026-02-21,0,cross_regime_pre2026_to_post2026,prevalence_baseline,0.14280300816518135
separacion:3873,2026-0000225,SL-1408,SL,2026-01-23,14,2026-02-22,0,cross_regime_pre2026_to_post2026,prevalence_baseline,0.14280300816518135
separacion:3890,2026-0000526,MD-E58,MD,2026-01-23,7,2026-02-22,0,cross_regime_pre2026_to_post2026,prevalence_baseline,0.14280300816518135
separacion:3891,2026-0000527,NP-A1806,NP,2026-01-23,7,2026-02-22,0,cross_regime_pre2026_to_post2026,prevalence_baseline,0.14280300816518135
separacion:3926,2026-0000832,NP-A207,NP,2026-01-23,0,2026-02-22,1,cross_regime_pre2026_to_post2026,prevalence_baseline,0.14280300816518135
separacion:3927,2026-0000822,GY-701,GY,2026-01-23,0,2026-02-22,1,cross_regime_pre2026_to_post2026,prevalence_baseline,0.14280300816518135
separacion:3931,2026-0000856,MT-A23,MT,2026-01-23,0,2026-02-22,0,cross_regime_pre2026_to_post2026,prevalence_baseline,0.14280300816518135
separacion:3932,2026-0000872,MD-1108,MD,2026-01-23,0,2026-02-22,0,cross_regime_pre2026_to_post2026,prevalence_baseline,0.14280300816518135
separacion:3834,2026-0000043,MT-A29,MT,2026-01-24,21,2026-02-23,0,cross_regime_pre2026_to_post2026,prevalence_baseline,0.14280300816518135
separacion:3835,2026-0000071,GY-35,GY,2026-01-24,21,2026-02-23,0,cross_regime_pre2026_to_post2026,prevalence_baseline,0.14280300816518135
separacion:3876,2026-0000218,GY-1504,GY,2026-01-24,14,2026-02-23,0,cross_regime_pre2026_to_post2026,prevalence_baseline,0.14280300816518135
separacion:3877,2026-0000222,EEUU-803,EEUU,2026-01-24,14,2026-02-23,0,cross_regime_pre2026_to_post2026,prevalence_baseline,0.14280300816518135
separacion:3893,2026-0000574,MD-1607,MD,2026-01-24,7,2026-02-23,0,cross_regime_pre2026_to_post2026,prevalence_baseline,0.14280300816518135
separacion:3933,2026-0000887,MD-604,MD,2026-01-24,0,2026-02-23,1,cross_regime_pre2026_to_post2026,prevalence_baseline,0.14280300816518135
separacion:3934,2026-0000785,MT-A405,MT,2026-01-24,0,2026-02-23,0,cross_regime_pre2026_to_post2026,prevalence_baseline,0.14280300816518135
separacion:3837,2026-0000095,NP-A-E27,NP,2026-01-25,21,2026-02-24,0,cross_regime_pre2026_to_post2026,prevalence_baseline,0.14280300816518135
separacion:3838,2026-0000102,EEUU-E40,EEUU,2026-01-25,21,2026-02-24,0,cross_regime_pre2026_to_post2026,prevalence_baseline,0.14280300816518135
separacion:3839,2026-0000029,GY-206,GY,2026-01-25,21,2026-02-24,0,cross_regime_pre2026_to_post2026,prevalence_baseline,0.14280300816518135
separacion:3879,2026-0000341,NP-A2301,NP,2026-01-25,14,2026-02-24,1,cross_regime_pre2026_to_post2026,prevalence_baseline,0.14280300816518135
separacion:3936,2026-0000854,GY-1102,GY,2026-01-25,0,2026-02-24,0,cross_regime_pre2026_to_post2026,prevalence_baseline,0.14280300816518135
separacion:3938,2026-0000956,GY-701,GY,2026-01-25,0,2026-02-24,0,cross_regime_pre2026_to_post2026,prevalence_baseline,0.14280300816518135
separacion:3939,2026-0000961,NP-A2806,NP,2026-01-25,0,2026-02-24,0,cross_regime_pre2026_to_post2026,prevalence_baseline,0.14280300816518135
separacion:3940,2026-0000944,MT-A1108,MT,2026-01-25,0,2026-02-24,0,cross_regime_pre2026_to_post2026,prevalence_baseline,0.14280300816518135
separacion:3941,2026-0000976,NP-A2702,NP,2026-01-25,0,2026-02-24,0,cross_regime_pre2026_to_post2026,prevalence_baseline,0.14280300816518135
separacion:3942,2026-0000938,MT-B1105,MT,2026-01-25,0,2026-02-24,0,cross_regime_pre2026_to_post2026,prevalence_baseline,0.14280300816518135
separacion:3855,2025-0009127,MD-1704,MD,2026-01-26,21,2026-02-25,1,cross_regime_pre2026_to_post2026,prevalence_baseline,0.14280300816518135
separacion:3857,2025-0009124,SL-1208,SL,2026-01-26,21,2026-02-25,0,cross_regime_pre2026_to_post2026,prevalence_baseline,0.14280300816518135
separacion:3904,2026-0000701,EEUU-E14,EEUU,2026-01-26,7,2026-02-25,0,cross_regime_pre2026_to_post2026,prevalence_baseline,0.14280300816518135
separacion:3905,2026-0000706,MT-A503,MT,2026-01-26,7,2026-02-25,0,cross_regime_pre2026_to_post2026,prevalence_baseline,0.14280300816518135
separacion:3949,2026-0001010,NP-A2303,NP,2026-01-26,0,2026-02-25,1,cross_regime_pre2026_to_post2026,prevalence_baseline,0.14280300816518135
separacion:3950,2026-0001016,MD-E21,MD,2026-01-26,0,2026-02-25,0,cross_regime_pre2026_to_post2026,prevalence_baseline,0.14280300816518135
separacion:3951,2026-0000933,EEUU-501,EEUU,2026-01-26,0,2026-02-25,1,cross_regime_pre2026_to_post2026,prevalence_baseline,0.14280300816518135
separacion:3865,2026-0000164,MD-E38,MD,2026-01-27,21,2026-02-26,0,cross_regime_pre2026_to_post2026,prevalence_baseline,0.14280300816518135
separacion:3909,2026-0000732,EEUU-D16,EEUU,2026-01-27,7,2026-02-26,0,cross_regime_pre2026_to_post2026,prevalence_baseline,0.14280300816518135
separacion:3952,2026-0001043,EEUU-603,EEUU,2026-01-27,0,2026-02-26,0,cross_regime_pre2026_to_post2026,prevalence_baseline,0.14280300816518135
separacion:3953,2026-0001041,GY-1604,GY,2026-01-27,0,2026-02-26,0,cross_regime_pre2026_to_post2026,prevalence_baseline,0.14280300816518135
separacion:3866,2026-0000134,NP-A-E62,NP,2026-01-28,21,2026-02-27,0,cross_regime_pre2026_to_post2026,prevalence_baseline,0.14280300816518135
separacion:3913,2026-0000767,NP-A2801,NP,2026-01-28,7,2026-02-27,1,cross_regime_pre2026_to_post2026,prevalence_baseline,0.14280300816518135
separacion:3954,2026-0001053,MT-A58,MT,2026-01-28,0,2026-02-27,0,cross_regime_pre2026_to_post2026,prevalence_baseline,0.14280300816518135
separacion:3956,2026-0001082,EEUU-D13,EEUU,2026-01-28,0,2026-02-27,0,cross_regime_pre2026_to_post2026,prevalence_baseline,0.14280300816518135
separacion:3889,2026-0000493,FX-405,FX,2026-01-29,14,2026-02-28,1,cross_regime_pre2026_to_post2026,prevalence_baseline,0.14280300816518135
separacion:3921,2026-0000820,NP-A1510,NP,2026-01-29,7,2026-02-28,0,cross_regime_pre2026_to_post2026,prevalence_baseline,0.14280300816518135
separacion:3922,2026-0000826,MD-E43,MD,2026-01-29,7,2026-02-28,0,cross_regime_pre2026_to_post2026,prevalence_baseline,0.14280300816518135
separacion:3923,2026-0000825,MD-E36,MD,2026-01-29,7,2026-02-28,0,cross_regime_pre2026_to_post2026,prevalence_baseline,0.14280300816518135
separacion:3924,2026-0000828,NP-A1304,NP,2026-01-29,7,2026-02-28,1,cross_regime_pre2026_to_post2026,prevalence_baseline,0.14280300816518135
separacion:3925,2026-0000800,GY-1603,GY,2026-01-29,7,2026-02-28,0,cross_regime_pre2026_to_post2026,prevalence_baseline,0.14280300816518135
separacion:3957,2026-0001100,GY-1501,GY,2026-01-29,0,2026-02-28,0,cross_regime_pre2026_to_post2026,prevalence_baseline,0.14280300816518135
separacion:3959,2026-0001124,FX-1602,FX,2026-01-29,0,2026-02-28,0,cross_regime_pre2026_to_post2026,prevalence_baseline,0.14280300816518135
separacion:3962,2026-0001127,CP-B803,CP,2026-01-29,0,2026-02-28,0,cross_regime_pre2026_to_post2026,prevalence_baseline,0.14280300816518135
separacion:3963,2026-0001013,SL-604,SL,2026-01-29,0,2026-02-28,0,cross_regime_pre2026_to_post2026,prevalence_baseline,0.14280300816518135
separacion:3873,2026-0000225,SL-1408,SL,2026-01-30,21,2026-03-01,0,cross_regime_pre2026_to_post2026,prevalence_baseline,0.14280300816518135
separacion:3890,2026-0000526,MD-E58,MD,2026-01-30,14,2026-03-01,0,cross_regime_pre2026_to_post2026,prevalence_baseline,0.14280300816518135
separacion:3891,2026-0000527,NP-A1806,NP,2026-01-30,14,2026-03-01,1,cross_regime_pre2026_to_post2026,prevalence_baseline,0.14280300816518135
separacion:3931,2026-0000856,MT-A23,MT,2026-01-30,7,2026-03-01,0,cross_regime_pre2026_to_post2026,prevalence_baseline,0.14280300816518135
separacion:3964,2026-0001141,MD-1909,MD,2026-01-30,0,2026-03-01,0,cross_regime_pre2026_to_post2026,prevalence_baseline,0.14280300816518135
separacion:3933,2026-0000887,MD-604,MD,2026-01-31,7,2026-03-02,1,cross_regime_pre2026_to_post2026,prevalence_baseline,0.14280300816518135
separacion:3966,2026-0001164,GY-1106,GY,2026-01-31,0,2026-03-02,0,cross_regime_pre2026_to_post2026,prevalence_baseline,0.14280300816518135
separacion:3879,2026-0000341,NP-A2301,NP,2026-02-01,21,2026-03-03,1,cross_regime_pre2026_to_post2026,prevalence_baseline,0.14280300816518135
separacion:3968,2026-0001236,NP-A-E61,NP,2026-02-01,0,2026-03-03,0,cross_regime_pre2026_to_post2026,prevalence_baseline,0.14280300816518135
separacion:3969,2026-0001263,MD-1805,MD,2026-02-01,0,2026-03-03,0,cross_regime_pre2026_to_post2026,prevalence_baseline,0.14280300816518135
separacion:3970,2026-0001264,MD-E22,MD,2026-02-01,0,2026-03-03,0,cross_regime_pre2026_to_post2026,prevalence_baseline,0.14280300816518135
separacion:3834,2026-0000043,MT-A29,MT,2026-02-02,30,2026-03-04,0,cross_regime_pre2026_to_post2026,prevalence_baseline,0.14280300816518135
separacion:3835,2026-0000071,GY-35,GY,2026-02-02,30,2026-03-04,0,cross_regime_pre2026_to_post2026,prevalence_baseline,0.14280300816518135
separacion:3904,2026-0000701,EEUU-E14,EEUU,2026-02-02,14,2026-03-04,0,cross_regime_pre2026_to_post2026,prevalence_baseline,0.14280300816518135
separacion:3949,2026-0001010,NP-A2303,NP,2026-02-02,7,2026-03-04,1,cross_regime_pre2026_to_post2026,prevalence_baseline,0.14280300816518135
separacion:3950,2026-0001016,MD-E21,MD,2026-02-02,7,2026-03-04,0,cross_regime_pre2026_to_post2026,prevalence_baseline,0.14280300816518135
separacion:3951,2026-0000933,EEUU-501,EEUU,2026-02-02,7,2026-03-04,1,cross_regime_pre2026_to_post2026,prevalence_baseline,0.14280300816518135
separacion:3971,2026-0001284,NP-A303,NP,2026-02-02,0,2026-03-04,1,cross_regime_pre2026_to_post2026,prevalence_baseline,0.14280300816518135
separacion:3837,2026-0000095,NP-A-E27,NP,2026-02-03,30,2026-03-05,0,cross_regime_pre2026_to_post2026,prevalence_baseline,0.14280300816518135
separacion:3838,2026-0000102,EEUU-E40,EEUU,2026-02-03,30,2026-03-05,0,cross_regime_pre2026_to_post2026,prevalence_baseline,0.14280300816518135
separacion:3839,2026-0000029,GY-206,GY,2026-02-03,30,2026-03-05,0,cross_regime_pre2026_to_post2026,prevalence_baseline,0.14280300816518135
separacion:3909,2026-0000732,EEUU-D16,EEUU,2026-02-03,14,2026-03-05,0,cross_regime_pre2026_to_post2026,prevalence_baseline,0.14280300816518135
separacion:3952,2026-0001043,EEUU-603,EEUU,2026-02-03,7,2026-03-05,0,cross_regime_pre2026_to_post2026,prevalence_baseline,0.14280300816518135
separacion:3972,2026-0001306,MD-1508,MD,2026-02-03,0,2026-03-05,0,cross_regime_pre2026_to_post2026,prevalence_baseline,0.14280300816518135
separacion:3973,2026-0001308,MD-2206,MD,2026-02-03,0,2026-03-05,0,cross_regime_pre2026_to_post2026,prevalence_baseline,0.14280300816518135
separacion:3974,2026-0001297,GY-25,GY,2026-02-03,0,2026-03-05,0,cross_regime_pre2026_to_post2026,prevalence_baseline,0.14280300816518135
separacion:3975,2026-0001317,NP-A1401,NP,2026-02-03,0,2026-03-05,0,cross_regime_pre2026_to_post2026,prevalence_baseline,0.14280300816518135
separacion:3976,2026-0001320,GY-21,GY,2026-02-03,0,2026-03-05,0,cross_regime_pre2026_to_post2026,prevalence_baseline,0.14280300816518135
separacion:3954,2026-0001053,MT-A58,MT,2026-02-04,7,2026-03-06,0,cross_regime_pre2026_to_post2026,prevalence_baseline,0.14280300816518135
separacion:3956,2026-0001082,EEUU-D13,EEUU,2026-02-04,7,2026-03-06,0,cross_regime_pre2026_to_post2026,prevalence_baseline,0.14280300816518135
separacion:3978,2026-0001332,EEUU-D4,EEUU,2026-02-04,0,2026-03-06,0,cross_regime_pre2026_to_post2026,prevalence_baseline,0.14280300816518135
separacion:3980,2026-0001337,FX-1502,FX,2026-02-04,0,2026-03-06,1,cross_regime_pre2026_to_post2026,prevalence_baseline,0.14280300816518135
separacion:3981,2026-0001309,MT-A1209,MT,2026-02-04,0,2026-03-06,0,cross_regime_pre2026_to_post2026,prevalence_baseline,0.14280300816518135
separacion:3865,2026-0000164,MD-E38,MD,2026-02-05,30,2026-03-07,0,cross_regime_pre2026_to_post2026,prevalence_baseline,0.14280300816518135
separacion:3889,2026-0000493,FX-405,FX,2026-02-05,21,2026-03-07,1,cross_regime_pre2026_to_post2026,prevalence_baseline,0.14280300816518135
separacion:3922,2026-0000826,MD-E43,MD,2026-02-05,14,2026-03-07,0,cross_regime_pre2026_to_post2026,prevalence_baseline,0.14280300816518135
separacion:3923,2026-0000825,MD-E36,MD,2026-02-05,14,2026-03-07,0,cross_regime_pre2026_to_post2026,prevalence_baseline,0.14280300816518135
separacion:3924,2026-0000828,NP-A1304,NP,2026-02-05,14,2026-03-07,1,cross_regime_pre2026_to_post2026,prevalence_baseline,0.14280300816518135
separacion:3866,2026-0000134,NP-A-E62,NP,2026-02-06,30,2026-03-08,0,cross_regime_pre2026_to_post2026,prevalence_baseline,0.14280300816518135
separacion:3890,2026-0000526,MD-E58,MD,2026-02-06,21,2026-03-08,0,cross_regime_pre2026_to_post2026,prevalence_baseline,0.14280300816518135
separacion:3891,2026-0000527,NP-A1806,NP,2026-02-06,21,2026-03-08,1,cross_regime_pre2026_to_post2026,prevalence_baseline,0.14280300816518135
separacion:3931,2026-0000856,MT-A23,MT,2026-02-06,14,2026-03-08,0,cross_regime_pre2026_to_post2026,prevalence_baseline,0.14280300816518135
separacion:3982,2026-0001398,SL-705,SL,2026-02-06,0,2026-03-08,0,cross_regime_pre2026_to_post2026,prevalence_baseline,0.14280300816518135
separacion:3983,2026-0001402,SL-E8,SL,2026-02-06,0,2026-03-08,0,cross_regime_pre2026_to_post2026,prevalence_baseline,0.14280300816518135
separacion:3985,2026-0001403,NP-A1803,NP,2026-02-06,0,2026-03-08,0,cross_regime_pre2026_to_post2026,prevalence_baseline,0.14280300816518135
separacion:3986,2026-0001396,EEUU-203,EEUU,2026-02-06,0,2026-03-08,1,cross_regime_pre2026_to_post2026,prevalence_baseline,0.14280300816518135
separacion:3987,2026-0001331,CP-B203,CP,2026-02-06,0,2026-03-08,1,cross_regime_pre2026_to_post2026,prevalence_baseline,0.14280300816518135
separacion:3933,2026-0000887,MD-604,MD,2026-02-07,14,2026-03-09,1,cross_regime_pre2026_to_post2026,prevalence_baseline,0.14280300816518135
separacion:3966,2026-0001164,GY-1106,GY,2026-02-07,7,2026-03-09,0,cross_regime_pre2026_to_post2026,prevalence_baseline,0.14280300816518135
separacion:3988,2026-0001431,FX-205,FX,2026-02-07,0,2026-03-09,0,cross_regime_pre2026_to_post2026,prevalence_baseline,0.14280300816518135
separacion:3989,2026-0001432,EEUU-D15,EEUU,2026-02-07,0,2026-03-09,0,cross_regime_pre2026_to_post2026,prevalence_baseline,0.14280300816518135
separacion:3873,2026-0000225,SL-1408,SL,2026-02-08,30,2026-03-10,0,cross_regime_pre2026_to_post2026,prevalence_baseline,0.14280300816518135
separacion:3968,2026-0001236,NP-A-E61,NP,2026-02-08,7,2026-03-10,0,cross_regime_pre2026_to_post2026,prevalence_baseline,0.14280300816518135
separacion:3970,2026-0001264,MD-E22,MD,2026-02-08,7,2026-03-10,0,cross_regime_pre2026_to_post2026,prevalence_baseline,0.14280300816518135
separacion:3990,2026-0001471,GY-603,GY,2026-02-08,0,2026-03-10,0,cross_regime_pre2026_to_post2026,prevalence_baseline,0.14280300816518135
separacion:3991,2026-0001475,MD-1309,MD,2026-02-08,0,2026-03-10,0,cross_regime_pre2026_to_post2026,prevalence_baseline,0.14280300816518135
separacion:3904,2026-0000701,EEUU-E14,EEUU,2026-02-09,21,2026-03-11,0,cross_regime_pre2026_to_post2026,prevalence_baseline,0.14280300816518135
separacion:3949,2026-0001010,NP-A2303,NP,2026-02-09,14,2026-03-11,1,cross_regime_pre2026_to_post2026,prevalence_baseline,0.14280300816518135
separacion:3950,2026-0001016,MD-E21,MD,2026-02-09,14,2026-03-11,0,cross_regime_pre2026_to_post2026,prevalence_baseline,0.14280300816518135
separacion:3951,2026-0000933,EEUU-501,EEUU,2026-02-09,14,2026-03-11,1,cross_regime_pre2026_to_post2026,prevalence_baseline,0.14280300816518135
separacion:3971,2026-0001284,NP-A303,NP,2026-02-09,7,2026-03-11,1,cross_regime_pre2026_to_post2026,prevalence_baseline,0.14280300816518135
separacion:3992,2026-0001474,MD-1902,MD,2026-02-09,0,2026-03-11,0,cross_regime_pre2026_to_post2026,prevalence_baseline,0.14280300816518135
separacion:3909,2026-0000732,EEUU-D16,EEUU,2026-02-10,21,2026-03-12,0,cross_regime_pre2026_to_post2026,prevalence_baseline,0.14280300816518135
separacion:3952,2026-0001043,EEUU-603,EEUU,2026-02-10,14,2026-03-12,0,cross_regime_pre2026_to_post2026,prevalence_baseline,0.14280300816518135
separacion:3974,2026-0001297,GY-25,GY,2026-02-10,7,2026-03-12,0,cross_regime_pre2026_to_post2026,prevalence_baseline,0.14280300816518135
separacion:3976,2026-0001320,GY-21,GY,2026-02-10,7,2026-03-12,0,cross_regime_pre2026_to_post2026,prevalence_baseline,0.14280300816518135
separacion:3954,2026-0001053,MT-A58,MT,2026-02-11,14,2026-03-13,0,cross_regime_pre2026_to_post2026,prevalence_baseline,0.14280300816518135
separacion:3956,2026-0001082,EEUU-D13,EEUU,2026-02-11,14,2026-03-13,0,cross_regime_pre2026_to_post2026,prevalence_baseline,0.14280300816518135
separacion:3978,2026-0001332,EEUU-D4,EEUU,2026-02-11,7,2026-03-13,0,cross_regime_pre2026_to_post2026,prevalence_baseline,0.14280300816518135
separacion:3980,2026-0001337,FX-1502,FX,2026-02-11,7,2026-03-13,1,cross_regime_pre2026_to_post2026,prevalence_baseline,0.14280300816518135
separacion:3981,2026-0001309,MT-A1209,MT,2026-02-11,7,2026-03-13,0,cross_regime_pre2026_to_post2026,prevalence_baseline,0.14280300816518135
separacion:3993,2026-0001537,MD-1609,MD,2026-02-11,0,2026-03-13,0,cross_regime_pre2026_to_post2026,prevalence_baseline,0.14280300816518135
separacion:3994,2026-0001538,MD-1603,MD,2026-02-11,0,2026-03-13,0,cross_regime_pre2026_to_post2026,prevalence_baseline,0.14280300816518135
separacion:3922,2026-0000826,MD-E43,MD,2026-02-12,21,2026-03-14,0,cross_regime_pre2026_to_post2026,prevalence_baseline,0.14280300816518135
separacion:3923,2026-0000825,MD-E36,MD,2026-02-12,21,2026-03-14,0,cross_regime_pre2026_to_post2026,prevalence_baseline,0.14280300816518135
separacion:3924,2026-0000828,NP-A1304,NP,2026-02-12,21,2026-03-14,1,cross_regime_pre2026_to_post2026,prevalence_baseline,0.14280300816518135
separacion:3997,2026-0001566,GY-1001,GY,2026-02-12,0,2026-03-14,1,cross_regime_pre2026_to_post2026,prevalence_baseline,0.14280300816518135
separacion:3931,2026-0000856,MT-A23,MT,2026-02-13,21,2026-03-15,0,cross_regime_pre2026_to_post2026,prevalence_baseline,0.14280300816518135
separacion:3982,2026-0001398,SL-705,SL,2026-02-13,7,2026-03-15,0,cross_regime_pre2026_to_post2026,prevalence_baseline,0.14280300816518135
separacion:3983,2026-0001402,SL-E8,SL,2026-02-13,7,2026-03-15,0,cross_regime_pre2026_to_post2026,prevalence_baseline,0.14280300816518135
separacion:3985,2026-0001403,NP-A1803,NP,2026-02-13,7,2026-03-15,0,cross_regime_pre2026_to_post2026,prevalence_baseline,0.14280300816518135
separacion:3986,2026-0001396,EEUU-203,EEUU,2026-02-13,7,2026-03-15,1,cross_regime_pre2026_to_post2026,prevalence_baseline,0.14280300816518135
separacion:4002,2026-0001591,MT-A09,MT,2026-02-13,0,2026-03-15,0,cross_regime_pre2026_to_post2026,prevalence_baseline,0.14280300816518135
separacion:4005,2026-0001573,NP-A906,NP,2026-02-13,0,2026-03-15,0,cross_regime_pre2026_to_post2026,prevalence_baseline,0.14280300816518135
separacion:3889,2026-0000493,FX-405,FX,2026-02-14,30,2026-03-16,1,cross_regime_pre2026_to_post2026,prevalence_baseline,0.14280300816518135
separacion:3988,2026-0001431,FX-205,FX,2026-02-14,7,2026-03-16,0,cross_regime_pre2026_to_post2026,prevalence_baseline,0.14280300816518135
separacion:3989,2026-0001432,EEUU-D15,EEUU,2026-02-14,7,2026-03-16,0,cross_regime_pre2026_to_post2026,prevalence_baseline,0.14280300816518135
separacion:4006,2026-0001533,SL-1305,SL,2026-02-14,0,2026-03-16,0,cross_regime_pre2026_to_post2026,prevalence_baseline,0.14280300816518135
separacion:3890,2026-0000526,MD-E58,MD,2026-02-15,30,2026-03-17,0,cross_regime_pre2026_to_post2026,prevalence_baseline,0.14280300816518135
separacion:3891,2026-0000527,NP-A1806,NP,2026-02-15,30,2026-03-17,1,cross_regime_pre2026_to_post2026,prevalence_baseline,0.14280300816518135
separacion:3968,2026-0001236,NP-A-E61,NP,2026-02-15,14,2026-03-17,0,cross_regime_pre2026_to_post2026,prevalence_baseline,0.14280300816518135
separacion:3970,2026-0001264,MD-E22,MD,2026-02-15,14,2026-03-17,0,cross_regime_pre2026_to_post2026,prevalence_baseline,0.14280300816518135
separacion:3991,2026-0001475,MD-1309,MD,2026-02-15,7,2026-03-17,1,cross_regime_pre2026_to_post2026,prevalence_baseline,0.14280300816518135
separacion:4007,2026-0001648,NP-A2502,NP,2026-02-15,0,2026-03-17,0,cross_regime_pre2026_to_post2026,prevalence_baseline,0.14280300816518135
separacion:3949,2026-0001010,NP-A2303,NP,2026-02-16,21,2026-03-18,1,cross_regime_pre2026_to_post2026,prevalence_baseline,0.14280300816518135
separacion:3950,2026-0001016,MD-E21,MD,2026-02-16,21,2026-03-18,0,cross_regime_pre2026_to_post2026,prevalence_baseline,0.14280300816518135
separacion:3951,2026-0000933,EEUU-501,EEUU,2026-02-16,21,2026-03-18,1,cross_regime_pre2026_to_post2026,prevalence_baseline,0.14280300816518135
separacion:3971,2026-0001284,NP-A303,NP,2026-02-16,14,2026-03-18,1,cross_regime_pre2026_to_post2026,prevalence_baseline,0.14280300816518135
separacion:4009,2026-0001667,GY-1103,GY,2026-02-16,0,2026-03-18,1,cross_regime_pre2026_to_post2026,prevalence_baseline,0.14280300816518135
separacion:4011,2026-0001676,NP-A406,NP,2026-02-16,0,2026-03-18,1,cross_regime_pre2026_to_post2026,prevalence_baseline,0.14280300816518135
separacion:4012,2026-0001672,NP-A2605,NP,2026-02-16,0,2026-03-18,0,cross_regime_pre2026_to_post2026,prevalence_baseline,0.14280300816518135
separacion:3834,2026-0000043,MT-A29,MT,2026-02-17,45,2026-03-19,0,cross_regime_pre2026_to_post2026,prevalence_baseline,0.14280300816518135
separacion:3835,2026-0000071,GY-35,GY,2026-02-17,45,2026-03-19,0,cross_regime_pre2026_to_post2026,prevalence_baseline,0.14280300816518135
separacion:3974,2026-0001297,GY-25,GY,2026-02-17,14,2026-03-19,0,cross_regime_pre2026_to_post2026,prevalence_baseline,0.14280300816518135
separacion:3976,2026-0001320,GY-21,GY,2026-02-17,14,2026-03-19,0,cross_regime_pre2026_to_post2026,prevalence_baseline,0.14280300816518135
separacion:4013,2026-0001693,EEUU-1402,EEUU,2026-02-17,0,2026-03-19,0,cross_regime_pre2026_to_post2026,prevalence_baseline,0.14280300816518135
separacion:4014,2026-0001698,EEUU-E48,EEUU,2026-02-17,0,2026-03-19,0,cross_regime_pre2026_to_post2026,prevalence_baseline,0.14280300816518135
separacion:4016,2026-0001707,NP-A402,NP,2026-02-17,0,2026-03-19,0,cross_regime_pre2026_to_post2026,prevalence_baseline,0.14280300816518135
separacion:3837,2026-0000095,NP-A-E27,NP,2026-02-18,45,2026-03-20,0,cross_regime_pre2026_to_post2026,prevalence_baseline,0.14280300816518135
separacion:3838,2026-0000102,EEUU-E40,EEUU,2026-02-18,45,2026-03-20,0,cross_regime_pre2026_to_post2026,prevalence_baseline,0.14280300816518135
separacion:3839,2026-0000029,GY-206,GY,2026-02-18,45,2026-03-20,0,cross_regime_pre2026_to_post2026,prevalence_baseline,0.14280300816518135
separacion:3904,2026-0000701,EEUU-E14,EEUU,2026-02-18,30,2026-03-20,0,cross_regime_pre2026_to_post2026,prevalence_baseline,0.14280300816518135
separacion:3954,2026-0001053,MT-A58,MT,2026-02-18,21,2026-03-20,0,cross_regime_pre2026_to_post2026,prevalence_baseline,0.14280300816518135
separacion:3956,2026-0001082,EEUU-D13,EEUU,2026-02-18,21,2026-03-20,0,cross_regime_pre2026_to_post2026,prevalence_baseline,0.14280300816518135
separacion:3978,2026-0001332,EEUU-D4,EEUU,2026-02-18,14,2026-03-20,0,cross_regime_pre2026_to_post2026,prevalence_baseline,0.14280300816518135
separacion:3980,2026-0001337,FX-1502,FX,2026-02-18,14,2026-03-20,1,cross_regime_pre2026_to_post2026,prevalence_baseline,0.14280300816518135
separacion:3993,2026-0001537,MD-1609,MD,2026-02-18,7,2026-03-20,0,cross_regime_pre2026_to_post2026,prevalence_baseline,0.14280300816518135
separacion:3994,2026-0001538,MD-1603,MD,2026-02-18,7,2026-03-20,0,cross_regime_pre2026_to_post2026,prevalence_baseline,0.14280300816518135
separacion:4017,2026-0001713,GY-1503,GY,2026-02-18,0,2026-03-20,1,cross_regime_pre2026_to_post2026,prevalence_baseline,0.14280300816518135
separacion:4018,2026-0001716,NP-A1704,NP,2026-02-18,0,2026-03-20,1,cross_regime_pre2026_to_post2026,prevalence_baseline,0.14280300816518135
separacion:4019,2026-0001717,NP-A1404,NP,2026-02-18,0,2026-03-20,0,cross_regime_pre2026_to_post2026,prevalence_baseline,0.14280300816518135
separacion:3909,2026-0000732,EEUU-D16,EEUU,2026-02-19,30,2026-03-21,0,cross_regime_pre2026_to_post2026,prevalence_baseline,0.14280300816518135
separacion:4025,2026-0001739,FX-705,FX,2026-02-19,0,2026-03-21,1,cross_regime_pre2026_to_post2026,prevalence_baseline,0.14280300816518135
separacion:4026,2026-0001742,CP-E27,CP,2026-02-19,0,2026-03-21,0,cross_regime_pre2026_to_post2026,prevalence_baseline,0.14280300816518135
separacion:3865,2026-0000164,MD-E38,MD,2026-02-20,45,2026-03-22,0,cross_regime_pre2026_to_post2026,prevalence_baseline,0.14280300816518135
separacion:3982,2026-0001398,SL-705,SL,2026-02-20,14,2026-03-22,0,cross_regime_pre2026_to_post2026,prevalence_baseline,0.14280300816518135
separacion:3983,2026-0001402,SL-E8,SL,2026-02-20,14,2026-03-22,0,cross_regime_pre2026_to_post2026,prevalence_baseline,0.14280300816518135
separacion:3985,2026-0001403,NP-A1803,NP,2026-02-20,14,2026-03-22,0,cross_regime_pre2026_to_post2026,prevalence_baseline,0.14280300816518135
separacion:3986,2026-0001396,EEUU-203,EEUU,2026-02-20,14,2026-03-22,1,cross_regime_pre2026_to_post2026,prevalence_baseline,0.14280300816518135
separacion:4002,2026-0001591,MT-A09,MT,2026-02-20,7,2026-03-22,0,cross_regime_pre2026_to_post2026,prevalence_baseline,0.14280300816518135
separacion:3866,2026-0000134,NP-A-E62,NP,2026-02-21,45,2026-03-23,0,cross_regime_pre2026_to_post2026,prevalence_baseline,0.14280300816518135
separacion:3922,2026-0000826,MD-E43,MD,2026-02-21,30,2026-03-23,0,cross_regime_pre2026_to_post2026,prevalence_baseline,0.14280300816518135
separacion:3923,2026-0000825,MD-E36,MD,2026-02-21,30,2026-03-23,0,cross_regime_pre2026_to_post2026,prevalence_baseline,0.14280300816518135
separacion:3924,2026-0000828,NP-A1304,NP,2026-02-21,30,2026-03-23,1,cross_regime_pre2026_to_post2026,prevalence_baseline,0.14280300816518135
separacion:3989,2026-0001432,EEUU-D15,EEUU,2026-02-21,14,2026-03-23,0,cross_regime_pre2026_to_post2026,prevalence_baseline,0.14280300816518135
separacion:4006,2026-0001533,SL-1305,SL,2026-02-21,7,2026-03-23,0,cross_regime_pre2026_to_post2026,prevalence_baseline,0.14280300816518135
separacion:4028,2026-0001802,MD-1208,MD,2026-02-21,0,2026-03-23,0,cross_regime_pre2026_to_post2026,prevalence_baseline,0.14280300816518135
separacion:4029,2026-0001819,MD-908,MD,2026-02-21,0,2026-03-23,0,cross_regime_pre2026_to_post2026,prevalence_baseline,0.14280300816518135
separacion:3931,2026-0000856,MT-A23,MT,2026-02-22,30,2026-03-24,0,cross_regime_pre2026_to_post2026,prevalence_baseline,0.14280300816518135
separacion:3968,2026-0001236,NP-A-E61,NP,2026-02-22,21,2026-03-24,0,cross_regime_pre2026_to_post2026,prevalence_baseline,0.14280300816518135
separacion:3970,2026-0001264,MD-E22,MD,2026-02-22,21,2026-03-24,0,cross_regime_pre2026_to_post2026,prevalence_baseline,0.14280300816518135
separacion:3991,2026-0001475,MD-1309,MD,2026-02-22,14,2026-03-24,1,cross_regime_pre2026_to_post2026,prevalence_baseline,0.14280300816518135
separacion:4007,2026-0001648,NP-A2502,NP,2026-02-22,7,2026-03-24,0,cross_regime_pre2026_to_post2026,prevalence_baseline,0.14280300816518135
separacion:4031,2026-0001823,MD-2101,MD,2026-02-22,0,2026-03-24,0,cross_regime_pre2026_to_post2026,prevalence_baseline,0.14280300816518135
separacion:3873,2026-0000225,SL-1408,SL,2026-02-23,45,2026-03-25,0,cross_regime_pre2026_to_post2026,prevalence_baseline,0.14280300816518135
separacion:4033,2026-0001854,TZ-6,TZ,2026-02-23,0,2026-03-25,0,cross_regime_pre2026_to_post2026,prevalence_baseline,0.14280300816518135
separacion:4034,2026-0001828,GY-703,GY,2026-02-23,0,2026-03-25,0,cross_regime_pre2026_to_post2026,prevalence_baseline,0.14280300816518135
separacion:4040,2026-0001859,TZ-17,TZ,2026-02-23,0,2026-03-25,0,cross_regime_pre2026_to_post2026,prevalence_baseline,0.14280300816518135
separacion:3974,2026-0001297,GY-25,GY,2026-02-24,21,2026-03-26,0,cross_regime_pre2026_to_post2026,prevalence_baseline,0.14280300816518135
separacion:3976,2026-0001320,GY-21,GY,2026-02-24,21,2026-03-26,0,cross_regime_pre2026_to_post2026,prevalence_baseline,0.14280300816518135
separacion:4014,2026-0001698,EEUU-E48,EEUU,2026-02-24,7,2026-03-26,0,cross_regime_pre2026_to_post2026,prevalence_baseline,0.14280300816518135
separacion:4044,2026-0001915,SL-1405,SL,2026-02-24,0,2026-03-26,0,cross_regime_pre2026_to_post2026,prevalence_baseline,0.14280300816518135
separacion:4045,2026-0001919,FX-E24,FX,2026-02-24,0,2026-03-26,0,cross_regime_pre2026_to_post2026,prevalence_baseline,0.14280300816518135
separacion:4046,2026-0001921,FX-1601,FX,2026-02-24,0,2026-03-26,1,cross_regime_pre2026_to_post2026,prevalence_baseline,0.14280300816518135
separacion:3950,2026-0001016,MD-E21,MD,2026-02-25,30,2026-03-27,0,cross_regime_pre2026_to_post2026,prevalence_baseline,0.14280300816518135
separacion:3978,2026-0001332,EEUU-D4,EEUU,2026-02-25,21,2026-03-27,0,cross_regime_pre2026_to_post2026,prevalence_baseline,0.14280300816518135
separacion:3993,2026-0001537,MD-1609,MD,2026-02-25,14,2026-03-27,0,cross_regime_pre2026_to_post2026,prevalence_baseline,0.14280300816518135
separacion:4047,2026-0001892,NP-A1302,NP,2026-02-25,0,2026-03-27,0,cross_regime_pre2026_to_post2026,prevalence_baseline,0.14280300816518135
separacion:4050,2026-0001938,FX-1301,FX,2026-02-25,0,2026-03-27,0,cross_regime_pre2026_to_post2026,prevalence_baseline,0.14280300816518135
separacion:4052,2026-0001943,GY-706,GY,2026-02-25,0,2026-03-27,0,cross_regime_pre2026_to_post2026,prevalence_baseline,0.14280300816518135
separacion:4026,2026-0001742,CP-E27,CP,2026-02-26,7,2026-03-28,0,cross_regime_pre2026_to_post2026,prevalence_baseline,0.14280300816518135
separacion:3954,2026-0001053,MT-A58,MT,2026-02-27,30,2026-03-29,0,cross_regime_pre2026_to_post2026,prevalence_baseline,0.14280300816518135
separacion:3956,2026-0001082,EEUU-D13,EEUU,2026-02-27,30,2026-03-29,0,cross_regime_pre2026_to_post2026,prevalence_baseline,0.14280300816518135
separacion:3983,2026-0001402,SL-E8,SL,2026-02-27,21,2026-03-29,0,cross_regime_pre2026_to_post2026,prevalence_baseline,0.14280300816518135
separacion:4002,2026-0001591,MT-A09,MT,2026-02-27,14,2026-03-29,0,cross_regime_pre2026_to_post2026,prevalence_baseline,0.14280300816518135
separacion:4058,2026-0001994,MD-102,MD,2026-02-27,0,2026-03-29,0,cross_regime_pre2026_to_post2026,prevalence_baseline,0.14280300816518135
separacion:3989,2026-0001432,EEUU-D15,EEUU,2026-02-28,21,2026-03-30,0,cross_regime_pre2026_to_post2026,prevalence_baseline,0.14280300816518135
separacion:4006,2026-0001533,SL-1305,SL,2026-02-28,14,2026-03-30,0,cross_regime_pre2026_to_post2026,prevalence_baseline,0.14280300816518135
separacion:4061,2026-0002052,SL-505,SL,2026-02-28,0,2026-03-30,0,cross_regime_pre2026_to_post2026,prevalence_baseline,0.14280300816518135
separacion:4062,2026-0002065,FX-1502,FX,2026-02-28,0,2026-03-30,0,cross_regime_pre2026_to_post2026,prevalence_baseline,0.14280300816518135
separacion:4063,2026-0002080,NP-A1703,NP,2026-02-28,0,2026-03-30,0,cross_regime_pre2026_to_post2026,prevalence_baseline,0.14280300816518135
separacion:4064,2026-0002083,GY-1303,GY,2026-02-28,0,2026-03-30,0,cross_regime_pre2026_to_post2026,prevalence_baseline,0.14280300816518135
separacion:4065,2026-0002060,MT-A509,MT,2026-02-28,0,2026-03-30,0,cross_regime_pre2026_to_post2026,prevalence_baseline,0.14280300816518135
separacion:3991,2026-0001475,MD-1309,MD,2026-03-01,21,2026-03-31,1,cross_regime_pre2026_to_post2026,prevalence_baseline,0.14280300816518135
separacion:4066,2026-0002114,NP-A1910,NP,2026-03-01,0,2026-03-31,0,cross_regime_pre2026_to_post2026,prevalence_baseline,0.14280300816518135
separacion:4067,2026-0002061,NP-A2610,NP,2026-03-01,0,2026-03-31,0,cross_regime_pre2026_to_post2026,prevalence_baseline,0.14280300816518135
separacion:4068,2026-0002131,GY-1502,GY,2026-03-01,0,2026-03-31,0,cross_regime_pre2026_to_post2026,prevalence_baseline,0.14280300816518135
separacion:4069,2026-0002138,SL-1505,SL,2026-03-01,0,2026-03-31,0,cross_regime_pre2026_to_post2026,prevalence_baseline,0.14280300816518135
separacion:3890,2026-0000526,MD-E58,MD,2026-03-02,45,2026-04-01,0,cross_regime_pre2026_to_post2026,prevalence_baseline,0.14280300816518135
separacion:4033,2026-0001854,TZ-6,TZ,2026-03-02,7,2026-04-01,0,cross_regime_pre2026_to_post2026,prevalence_baseline,0.14280300816518135
separacion:4040,2026-0001859,TZ-17,TZ,2026-03-02,7,2026-04-01,0,cross_regime_pre2026_to_post2026,prevalence_baseline,0.14280300816518135
separacion:4070,2026-0002136,NP-A1202,NP,2026-03-02,0,2026-04-01,0,cross_regime_pre2026_to_post2026,prevalence_baseline,0.14280300816518135
separacion:4075,2026-0002152,NP-A802,NP,2026-03-02,0,2026-04-01,1,cross_regime_pre2026_to_post2026,prevalence_baseline,0.14280300816518135
separacion:4076,2026-0002177,EEUU-1002,EEUU,2026-03-02,0,2026-04-01,0,cross_regime_pre2026_to_post2026,prevalence_baseline,0.14280300816518135
separacion:3968,2026-0001236,NP-A-E61,NP,2026-03-03,30,2026-04-02,0,cross_regime_pre2026_to_post2026,prevalence_baseline,0.14280300816518135
separacion:3970,2026-0001264,MD-E22,MD,2026-03-03,30,2026-04-02,0,cross_regime_pre2026_to_post2026,prevalence_baseline,0.14280300816518135
separacion:4014,2026-0001698,EEUU-E48,EEUU,2026-03-03,14,2026-04-02,0,cross_regime_pre2026_to_post2026,prevalence_baseline,0.14280300816518135
separacion:4044,2026-0001915,SL-1405,SL,2026-03-03,7,2026-04-02,0,cross_regime_pre2026_to_post2026,prevalence_baseline,0.14280300816518135
separacion:4045,2026-0001919,FX-E24,FX,2026-03-03,7,2026-04-02,0,cross_regime_pre2026_to_post2026,prevalence_baseline,0.14280300816518135
separacion:3834,2026-0000043,MT-A29,MT,2026-03-04,60,2026-04-03,0,cross_regime_pre2026_to_post2026,prevalence_baseline,0.14280300816518135
separacion:3835,2026-0000071,GY-35,GY,2026-03-04,60,2026-04-03,0,cross_regime_pre2026_to_post2026,prevalence_baseline,0.14280300816518135
separacion:4050,2026-0001938,FX-1301,FX,2026-03-04,7,2026-04-03,0,cross_regime_pre2026_to_post2026,prevalence_baseline,0.14280300816518135
separacion:4052,2026-0001943,GY-706,GY,2026-03-04,7,2026-04-03,0,cross_regime_pre2026_to_post2026,prevalence_baseline,0.14280300816518135
separacion:4077,2026-0002207,FX-401,FX,2026-03-04,0,2026-04-03,0,cross_regime_pre2026_to_post2026,prevalence_baseline,0.14280300816518135
separacion:3837,2026-0000095,NP-A-E27,NP,2026-03-05,60,2026-04-04,0,cross_regime_pre2026_to_post2026,prevalence_baseline,0.14280300816518135
separacion:3838,2026-0000102,EEUU-E40,EEUU,2026-03-05,60,2026-04-04,0,cross_regime_pre2026_to_post2026,prevalence_baseline,0.14280300816518135
separacion:3904,2026-0000701,EEUU-E14,EEUU,2026-03-05,45,2026-04-04,0,cross_regime_pre2026_to_post2026,prevalence_baseline,0.14280300816518135
separacion:3974,2026-0001297,GY-25,GY,2026-03-05,30,2026-04-04,0,cross_regime_pre2026_to_post2026,prevalence_baseline,0.14280300816518135
separacion:3976,2026-0001320,GY-21,GY,2026-03-05,30,2026-04-04,0,cross_regime_pre2026_to_post2026,prevalence_baseline,0.14280300816518135
separacion:4026,2026-0001742,CP-E27,CP,2026-03-05,14,2026-04-04,0,cross_regime_pre2026_to_post2026,prevalence_baseline,0.14280300816518135
separacion:3909,2026-0000732,EEUU-D16,EEUU,2026-03-06,45,2026-04-05,0,cross_regime_pre2026_to_post2026,prevalence_baseline,0.14280300816518135
separacion:3978,2026-0001332,EEUU-D4,EEUU,2026-03-06,30,2026-04-05,0,cross_regime_pre2026_to_post2026,prevalence_baseline,0.14280300816518135
separacion:4002,2026-0001591,MT-A09,MT,2026-03-06,21,2026-04-05,0,cross_regime_pre2026_to_post2026,prevalence_baseline,0.14280300816518135
separacion:3865,2026-0000164,MD-E38,MD,2026-03-07,60,2026-04-06,0,cross_regime_pre2026_to_post2026,prevalence_baseline,0.14280300816518135
separacion:4006,2026-0001533,SL-1305,SL,2026-03-07,21,2026-04-06,0,cross_regime_pre2026_to_post2026,prevalence_baseline,0.14280300816518135
separacion:4061,2026-0002052,SL-505,SL,2026-03-07,7,2026-04-06,0,cross_regime_pre2026_to_post2026,prevalence_baseline,0.14280300816518135
separacion:4062,2026-0002065,FX-1502,FX,2026-03-07,7,2026-04-06,0,cross_regime_pre2026_to_post2026,prevalence_baseline,0.14280300816518135
separacion:4063,2026-0002080,NP-A1703,NP,2026-03-07,7,2026-04-06,0,cross_regime_pre2026_to_post2026,prevalence_baseline,0.14280300816518135
separacion:4080,2026-0002276,GY-1602,GY,2026-03-07,0,2026-04-06,0,cross_regime_pre2026_to_post2026,prevalence_baseline,0.14280300816518135
separacion:3866,2026-0000134,NP-A-E62,NP,2026-03-08,60,2026-04-07,0,cross_regime_pre2026_to_post2026,prevalence_baseline,0.14280300816518135
separacion:3922,2026-0000826,MD-E43,MD,2026-03-08,45,2026-04-07,0,cross_regime_pre2026_to_post2026,prevalence_baseline,0.14280300816518135
separacion:3923,2026-0000825,MD-E36,MD,2026-03-08,45,2026-04-07,0,cross_regime_pre2026_to_post2026,prevalence_baseline,0.14280300816518135
separacion:3983,2026-0001402,SL-E8,SL,2026-03-08,30,2026-04-07,0,cross_regime_pre2026_to_post2026,prevalence_baseline,0.14280300816518135
separacion:4067,2026-0002061,NP-A2610,NP,2026-03-08,7,2026-04-07,0,cross_regime_pre2026_to_post2026,prevalence_baseline,0.14280300816518135
separacion:4068,2026-0002131,GY-1502,GY,2026-03-08,7,2026-04-07,0,cross_regime_pre2026_to_post2026,prevalence_baseline,0.14280300816518135
separacion:4069,2026-0002138,SL-1505,SL,2026-03-08,7,2026-04-07,0,cross_regime_pre2026_to_post2026,prevalence_baseline,0.14280300816518135
separacion:3931,2026-0000856,MT-A23,MT,2026-03-09,45,2026-04-08,0,cross_regime_pre2026_to_post2026,prevalence_baseline,0.14280300816518135
separacion:3989,2026-0001432,EEUU-D15,EEUU,2026-03-09,30,2026-04-08,0,cross_regime_pre2026_to_post2026,prevalence_baseline,0.14280300816518135
separacion:4033,2026-0001854,TZ-6,TZ,2026-03-09,14,2026-04-08,0,cross_regime_pre2026_to_post2026,prevalence_baseline,0.14280300816518135
separacion:4040,2026-0001859,TZ-17,TZ,2026-03-09,14,2026-04-08,0,cross_regime_pre2026_to_post2026,prevalence_baseline,0.14280300816518135
separacion:4075,2026-0002152,NP-A802,NP,2026-03-09,7,2026-04-08,1,cross_regime_pre2026_to_post2026,prevalence_baseline,0.14280300816518135
separacion:4076,2026-0002177,EEUU-1002,EEUU,2026-03-09,7,2026-04-08,0,cross_regime_pre2026_to_post2026,prevalence_baseline,0.14280300816518135
separacion:3873,2026-0000225,SL-1408,SL,2026-03-10,60,2026-04-09,1,cross_regime_pre2026_to_post2026,prevalence_baseline,0.14280300816518135
separacion:3991,2026-0001475,MD-1309,MD,2026-03-10,30,2026-04-09,1,cross_regime_pre2026_to_post2026,prevalence_baseline,0.14280300816518135
separacion:4014,2026-0001698,EEUU-E48,EEUU,2026-03-10,21,2026-04-09,0,cross_regime_pre2026_to_post2026,prevalence_baseline,0.14280300816518135
separacion:4044,2026-0001915,SL-1405,SL,2026-03-10,14,2026-04-09,0,cross_regime_pre2026_to_post2026,prevalence_baseline,0.14280300816518135
separacion:4045,2026-0001919,FX-E24,FX,2026-03-10,14,2026-04-09,0,cross_regime_pre2026_to_post2026,prevalence_baseline,0.14280300816518135
separacion:4085,2026-0002366,NP-A2405,NP,2026-03-10,0,2026-04-09,0,cross_regime_pre2026_to_post2026,prevalence_baseline,0.14280300816518135
separacion:4050,2026-0001938,FX-1301,FX,2026-03-11,14,2026-04-10,0,cross_regime_pre2026_to_post2026,prevalence_baseline,0.14280300816518135
separacion:4077,2026-0002207,FX-401,FX,2026-03-11,7,2026-04-10,0,cross_regime_pre2026_to_post2026,prevalence_baseline,0.14280300816518135
separacion:3950,2026-0001016,MD-E21,MD,2026-03-12,45,2026-04-11,0,cross_regime_pre2026_to_post2026,prevalence_baseline,0.14280300816518135
separacion:4026,2026-0001742,CP-E27,CP,2026-03-12,21,2026-04-11,0,cross_regime_pre2026_to_post2026,prevalence_baseline,0.14280300816518135
separacion:4088,2026-0002498,NP-A1601,NP,2026-03-12,0,2026-04-11,0,cross_regime_pre2026_to_post2026,prevalence_baseline,0.14280300816518135
separacion:4089,2026-0002499,NP-A1603,NP,2026-03-12,0,2026-04-11,0,cross_regime_pre2026_to_post2026,prevalence_baseline,0.14280300816518135
separacion:4090,2026-0002514,SL-704,SL,2026-03-13,0,2026-04-12,0,cross_regime_pre2026_to_post2026,prevalence_baseline,0.14280300816518135
separacion:4091,2026-0002513,SL-702,SL,2026-03-13,0,2026-04-12,0,cross_regime_pre2026_to_post2026,prevalence_baseline,0.14280300816518135
separacion:4093,2026-0002593,NP-A2403,NP,2026-03-13,0,2026-04-12,0,cross_regime_pre2026_to_post2026,prevalence_baseline,0.14280300816518135
separacion:4094,2026-0002550,MD-501,MD,2026-03-13,0,2026-04-12,0,cross_regime_pre2026_to_post2026,prevalence_baseline,0.14280300816518135
separacion:3954,2026-0001053,MT-A58,MT,2026-03-14,45,2026-04-13,0,cross_regime_pre2026_to_post2026,prevalence_baseline,0.14280300816518135
separacion:3956,2026-0001082,EEUU-D13,EEUU,2026-03-14,45,2026-04-13,0,cross_regime_pre2026_to_post2026,prevalence_baseline,0.14280300816518135
separacion:4061,2026-0002052,SL-505,SL,2026-03-14,14,2026-04-13,0,cross_regime_pre2026_to_post2026,prevalence_baseline,0.14280300816518135
separacion:4062,2026-0002065,FX-1502,FX,2026-03-14,14,2026-04-13,0,cross_regime_pre2026_to_post2026,prevalence_baseline,0.14280300816518135
separacion:4063,2026-0002080,NP-A1703,NP,2026-03-14,14,2026-04-13,0,cross_regime_pre2026_to_post2026,prevalence_baseline,0.14280300816518135
separacion:4080,2026-0002276,GY-1602,GY,2026-03-14,7,2026-04-13,0,cross_regime_pre2026_to_post2026,prevalence_baseline,0.14280300816518135
separacion:4095,2026-0002610,FX-501,FX,2026-03-14,0,2026-04-13,0,cross_regime_pre2026_to_post2026,prevalence_baseline,0.14280300816518135
separacion:4096,2026-0002615,MD-1709,MD,2026-03-14,0,2026-04-13,0,cross_regime_pre2026_to_post2026,prevalence_baseline,0.14280300816518135
separacion:4098,2026-0002641,GY-1403,GY,2026-03-14,0,2026-04-13,0,cross_regime_pre2026_to_post2026,prevalence_baseline,0.14280300816518135
separacion:4099,2026-0002659,MT-A904,MT,2026-03-14,0,2026-04-13,0,cross_regime_pre2026_to_post2026,prevalence_baseline,0.14280300816518135
separacion:4100,2026-0002696,GY-1003,GY,2026-03-14,0,2026-04-13,0,cross_regime_pre2026_to_post2026,prevalence_baseline,0.14280300816518135
separacion:4101,2026-0002726,NP-A902,NP,2026-03-14,0,2026-04-13,0,cross_regime_pre2026_to_post2026,prevalence_baseline,0.14280300816518135
separacion:4102,2026-0002668,GY-1103,GY,2026-03-14,0,2026-04-13,0,cross_regime_pre2026_to_post2026,prevalence_baseline,0.14280300816518135
separacion:4103,2026-0002746,CP-A301,CP,2026-03-14,0,2026-04-13,0,cross_regime_pre2026_to_post2026,prevalence_baseline,0.14280300816518135
separacion:4104,2026-0002599,NP-A2303,NP,2026-03-14,0,2026-04-13,0,cross_regime_pre2026_to_post2026,prevalence_baseline,0.14280300816518135
separacion:4105,2026-0002774,CP-A401,CP,2026-03-14,0,2026-04-13,0,cross_regime_pre2026_to_post2026,prevalence_baseline,0.14280300816518135
separacion:4106,2026-0002781,FX-E16,FX,2026-03-14,0,2026-04-13,0,cross_regime_pre2026_to_post2026,prevalence_baseline,0.14280300816518135
separacion:4002,2026-0001591,MT-A09,MT,2026-03-15,30,2026-04-14,0,cross_regime_pre2026_to_post2026,prevalence_baseline,0.14280300816518135
separacion:4068,2026-0002131,GY-1502,GY,2026-03-15,14,2026-04-14,0,cross_regime_pre2026_to_post2026,prevalence_baseline,0.14280300816518135
separacion:4069,2026-0002138,SL-1505,SL,2026-03-15,14,2026-04-14,0,cross_regime_pre2026_to_post2026,prevalence_baseline,0.14280300816518135
separacion:4107,2026-0002813,GY-303,GY,2026-03-15,0,2026-04-14,0,cross_regime_pre2026_to_post2026,prevalence_baseline,0.14280300816518135
separacion:4108,2026-0002822,SL-403,SL,2026-03-15,0,2026-04-14,0,cross_regime_pre2026_to_post2026,prevalence_baseline,0.14280300816518135
separacion:4109,2026-0002890,MT-A57,MT,2026-03-15,0,2026-04-14,0,cross_regime_pre2026_to_post2026,prevalence_baseline,0.14280300816518135
separacion:4110,2026-0002888,MT-A409,MT,2026-03-15,0,2026-04-14,1,cross_regime_pre2026_to_post2026,prevalence_baseline,0.14280300816518135
separacion:4112,2026-0002901,SL-1101,SL,2026-03-15,0,2026-04-14,0,cross_regime_pre2026_to_post2026,prevalence_baseline,0.14280300816518135
separacion:4113,2026-0002937,NP-A306,NP,2026-03-15,0,2026-04-14,0,cross_regime_pre2026_to_post2026,prevalence_baseline,0.14280300816518135
separacion:4114,2026-0002949,FX-1102,FX,2026-03-15,0,2026-04-14,0,cross_regime_pre2026_to_post2026,prevalence_baseline,0.14280300816518135
separacion:4115,2026-0002954,NP-A1205,NP,2026-03-15,0,2026-04-14,0,cross_regime_pre2026_to_post2026,prevalence_baseline,0.14280300816518135
separacion:4116,2026-0002965,NP-A706,NP,2026-03-15,0,2026-04-14,0,cross_regime_pre2026_to_post2026,prevalence_baseline,0.14280300816518135
separacion:4117,2026-0002964,FX-901,FX,2026-03-15,0,2026-04-14,1,cross_regime_pre2026_to_post2026,prevalence_baseline,0.14280300816518135
separacion:4118,2026-0002963,SL-1306,SL,2026-03-15,0,2026-04-14,1,cross_regime_pre2026_to_post2026,prevalence_baseline,0.14280300816518135
separacion:4119,2026-0002952,MT-A801,MT,2026-03-15,0,2026-04-14,0,cross_regime_pre2026_to_post2026,prevalence_baseline,0.14280300816518135
separacion:4006,2026-0001533,SL-1305,SL,2026-03-16,30,2026-04-15,0,cross_regime_pre2026_to_post2026,prevalence_baseline,0.14280300816518135
separacion:4040,2026-0001859,TZ-17,TZ,2026-03-16,21,2026-04-15,0,cross_regime_pre2026_to_post2026,prevalence_baseline,0.14280300816518135
separacion:4075,2026-0002152,NP-A802,NP,2026-03-16,14,2026-04-15,1,cross_regime_pre2026_to_post2026,prevalence_baseline,0.14280300816518135
separacion:3890,2026-0000526,MD-E58,MD,2026-03-17,60,2026-04-16,0,cross_regime_pre2026_to_post2026,prevalence_baseline,0.14280300816518135
separacion:4044,2026-0001915,SL-1405,SL,2026-03-17,21,2026-04-16,0,cross_regime_pre2026_to_post2026,prevalence_baseline,0.14280300816518135
separacion:4045,2026-0001919,FX-E24,FX,2026-03-17,21,2026-04-16,0,cross_regime_pre2026_to_post2026,prevalence_baseline,0.14280300816518135
separacion:4085,2026-0002366,NP-A2405,NP,2026-03-17,7,2026-04-16,0,cross_regime_pre2026_to_post2026,prevalence_baseline,0.14280300816518135
separacion:4121,2026-0002874,MT-A1008,MT,2026-03-17,0,2026-04-16,0,cross_regime_pre2026_to_post2026,prevalence_baseline,0.14280300816518135
separacion:4122,2026-0002991,GY-D7,GY,2026-03-17,0,2026-04-16,0,cross_regime_pre2026_to_post2026,prevalence_baseline,0.14280300816518135
separacion:4123,2026-0002995,MT-A1001,MT,2026-03-17,0,2026-04-16,0,cross_regime_pre2026_to_post2026,prevalence_baseline,0.14280300816518135
separacion:3968,2026-0001236,NP-A-E61,NP,2026-03-18,45,2026-04-17,0,cross_regime_pre2026_to_post2026,prevalence_baseline,0.14280300816518135
separacion:3970,2026-0001264,MD-E22,MD,2026-03-18,45,2026-04-17,0,cross_regime_pre2026_to_post2026,prevalence_baseline,0.14280300816518135
separacion:4050,2026-0001938,FX-1301,FX,2026-03-18,21,2026-04-17,0,cross_regime_pre2026_to_post2026,prevalence_baseline,0.14280300816518135
separacion:4129,2026-0002981,MT-A1309,MT,2026-03-18,0,2026-04-17,0,cross_regime_pre2026_to_post2026,prevalence_baseline,0.14280300816518135
separacion:4130,2026-0003010,SL-1001,SL,2026-03-18,0,2026-04-17,0,cross_regime_pre2026_to_post2026,prevalence_baseline,0.14280300816518135
separacion:4131,2026-0003014,EEUU-E50,EEUU,2026-03-18,0,2026-04-17,0,cross_regime_pre2026_to_post2026,prevalence_baseline,0.14280300816518135
separacion:4132,2026-0003024,CP-A1001,CP,2026-03-18,0,2026-04-17,0,cross_regime_pre2026_to_post2026,prevalence_baseline,0.14280300816518135
separacion:4133,2026-0003028,MT-B705,MT,2026-03-18,0,2026-04-17,0,cross_regime_pre2026_to_post2026,prevalence_baseline,0.14280300816518135
separacion:3834,2026-0000043,MT-A29,MT,2026-03-19,75,2026-04-18,0,cross_regime_pre2026_to_post2026,prevalence_baseline,0.14280300816518135
separacion:3835,2026-0000071,GY-35,GY,2026-03-19,75,2026-04-18,0,cross_regime_pre2026_to_post2026,prevalence_baseline,0.14280300816518135
separacion:4014,2026-0001698,EEUU-E48,EEUU,2026-03-19,30,2026-04-18,0,cross_regime_pre2026_to_post2026,prevalence_baseline,0.14280300816518135
separacion:4088,2026-0002498,NP-A1601,NP,2026-03-19,7,2026-04-18,0,cross_regime_pre2026_to_post2026,prevalence_baseline,0.14280300816518135
separacion:4089,2026-0002499,NP-A1603,NP,2026-03-19,7,2026-04-18,0,cross_regime_pre2026_to_post2026,prevalence_baseline,0.14280300816518135
separacion:4134,2026-0003033,GY-8,GY,2026-03-19,0,2026-04-18,1,cross_regime_pre2026_to_post2026,prevalence_baseline,0.14280300816518135
separacion:4135,2026-0003039,NP-A1802,NP,2026-03-19,0,2026-04-18,0,cross_regime_pre2026_to_post2026,prevalence_baseline,0.14280300816518135
separacion:4136,2026-0003041,MT-A04,MT,2026-03-19,0,2026-04-18,0,cross_regime_pre2026_to_post2026,prevalence_baseline,0.14280300816518135
separacion:3837,2026-0000095,NP-A-E27,NP,2026-03-20,75,2026-04-19,0,cross_regime_pre2026_to_post2026,prevalence_baseline,0.14280300816518135
separacion:3838,2026-0000102,EEUU-E40,EEUU,2026-03-20,75,2026-04-19,0,cross_regime_pre2026_to_post2026,prevalence_baseline,0.14280300816518135
separacion:3904,2026-0000701,EEUU-E14,EEUU,2026-03-20,60,2026-04-19,0,cross_regime_pre2026_to_post2026,prevalence_baseline,0.14280300816518135
separacion:3974,2026-0001297,GY-25,GY,2026-03-20,45,2026-04-19,0,cross_regime_pre2026_to_post2026,prevalence_baseline,0.14280300816518135
separacion:3976,2026-0001320,GY-21,GY,2026-03-20,45,2026-04-19,0,cross_regime_pre2026_to_post2026,prevalence_baseline,0.14280300816518135
separacion:4090,2026-0002514,SL-704,SL,2026-03-20,7,2026-04-19,0,cross_regime_pre2026_to_post2026,prevalence_baseline,0.14280300816518135
separacion:4091,2026-0002513,SL-702,SL,2026-03-20,7,2026-04-19,0,cross_regime_pre2026_to_post2026,prevalence_baseline,0.14280300816518135
separacion:4093,2026-0002593,NP-A2403,NP,2026-03-20,7,2026-04-19,0,cross_regime_pre2026_to_post2026,prevalence_baseline,0.14280300816518135
separacion:4094,2026-0002550,MD-501,MD,2026-03-20,7,2026-04-19,0,cross_regime_pre2026_to_post2026,prevalence_baseline,0.14280300816518135
separacion:4139,2026-0002794,MD-802,MD,2026-03-20,0,2026-04-19,0,cross_regime_pre2026_to_post2026,prevalence_baseline,0.14280300816518135
separacion:4140,2026-0003067,GY-14,GY,2026-03-20,0,2026-04-19,0,cross_regime_pre2026_to_post2026,prevalence_baseline,0.14280300816518135
separacion:3909,2026-0000732,EEUU-D16,EEUU,2026-03-21,60,2026-04-20,0,cross_regime_pre2026_to_post2026,prevalence_baseline,0.14280300816518135
separacion:4026,2026-0001742,CP-E27,CP,2026-03-21,30,2026-04-20,0,cross_regime_pre2026_to_post2026,prevalence_baseline,0.14280300816518135
separacion:4062,2026-0002065,FX-1502,FX,2026-03-21,21,2026-04-20,0,cross_regime_pre2026_to_post2026,prevalence_baseline,0.14280300816518135
separacion:4063,2026-0002080,NP-A1703,NP,2026-03-21,21,2026-04-20,0,cross_regime_pre2026_to_post2026,prevalence_baseline,0.14280300816518135
separacion:4080,2026-0002276,GY-1602,GY,2026-03-21,14,2026-04-20,1,cross_regime_pre2026_to_post2026,prevalence_baseline,0.14280300816518135
separacion:4095,2026-0002610,FX-501,FX,2026-03-21,7,2026-04-20,0,cross_regime_pre2026_to_post2026,prevalence_baseline,0.14280300816518135
separacion:4096,2026-0002615,MD-1709,MD,2026-03-21,7,2026-04-20,0,cross_regime_pre2026_to_post2026,prevalence_baseline,0.14280300816518135
separacion:4098,2026-0002641,GY-1403,GY,2026-03-21,7,2026-04-20,0,cross_regime_pre2026_to_post2026,prevalence_baseline,0.14280300816518135
separacion:4100,2026-0002696,GY-1003,GY,2026-03-21,7,2026-04-20,0,cross_regime_pre2026_to_post2026,prevalence_baseline,0.14280300816518135
separacion:4101,2026-0002726,NP-A902,NP,2026-03-21,7,2026-04-20,0,cross_regime_pre2026_to_post2026,prevalence_baseline,0.14280300816518135
separacion:4102,2026-0002668,GY-1103,GY,2026-03-21,7,2026-04-20,0,cross_regime_pre2026_to_post2026,prevalence_baseline,0.14280300816518135
separacion:4103,2026-0002746,CP-A301,CP,2026-03-21,7,2026-04-20,0,cross_regime_pre2026_to_post2026,prevalence_baseline,0.14280300816518135
separacion:4104,2026-0002599,NP-A2303,NP,2026-03-21,7,2026-04-20,0,cross_regime_pre2026_to_post2026,prevalence_baseline,0.14280300816518135
separacion:4106,2026-0002781,FX-E16,FX,2026-03-21,7,2026-04-20,0,cross_regime_pre2026_to_post2026,prevalence_baseline,0.14280300816518135
separacion:4141,2026-0002797,MT-A401,MT,2026-03-21,0,2026-04-20,0,cross_regime_pre2026_to_post2026,prevalence_baseline,0.14280300816518135
separacion:4142,2026-0003094,GY-203,GY,2026-03-21,0,2026-04-20,0,cross_regime_pre2026_to_post2026,prevalence_baseline,0.14280300816518135
separacion:4143,2026-0003097,NP-A1003,NP,2026-03-21,0,2026-04-20,0,cross_regime_pre2026_to_post2026,prevalence_baseline,0.14280300816518135
separacion:4144,2026-0003104,NP-A2304,NP,2026-03-21,0,2026-04-20,0,cross_regime_pre2026_to_post2026,prevalence_baseline,0.14280300816518135
separacion:3865,2026-0000164,MD-E38,MD,2026-03-22,75,2026-04-21,0,cross_regime_pre2026_to_post2026,prevalence_baseline,0.14280300816518135
separacion:4068,2026-0002131,GY-1502,GY,2026-03-22,21,2026-04-21,0,cross_regime_pre2026_to_post2026,prevalence_baseline,0.14280300816518135
separacion:4069,2026-0002138,SL-1505,SL,2026-03-22,21,2026-04-21,0,cross_regime_pre2026_to_post2026,prevalence_baseline,0.14280300816518135
separacion:4107,2026-0002813,GY-303,GY,2026-03-22,7,2026-04-21,0,cross_regime_pre2026_to_post2026,prevalence_baseline,0.14280300816518135
separacion:4108,2026-0002822,SL-403,SL,2026-03-22,7,2026-04-21,0,cross_regime_pre2026_to_post2026,prevalence_baseline,0.14280300816518135
separacion:4109,2026-0002890,MT-A57,MT,2026-03-22,7,2026-04-21,0,cross_regime_pre2026_to_post2026,prevalence_baseline,0.14280300816518135
separacion:4110,2026-0002888,MT-A409,MT,2026-03-22,7,2026-04-21,1,cross_regime_pre2026_to_post2026,prevalence_baseline,0.14280300816518135
separacion:4113,2026-0002937,NP-A306,NP,2026-03-22,7,2026-04-21,0,cross_regime_pre2026_to_post2026,prevalence_baseline,0.14280300816518135
separacion:4114,2026-0002949,FX-1102,FX,2026-03-22,7,2026-04-21,0,cross_regime_pre2026_to_post2026,prevalence_baseline,0.14280300816518135
separacion:4115,2026-0002954,NP-A1205,NP,2026-03-22,7,2026-04-21,0,cross_regime_pre2026_to_post2026,prevalence_baseline,0.14280300816518135
separacion:4116,2026-0002965,NP-A706,NP,2026-03-22,7,2026-04-21,0,cross_regime_pre2026_to_post2026,prevalence_baseline,0.14280300816518135
separacion:4117,2026-0002964,FX-901,FX,2026-03-22,7,2026-04-21,1,cross_regime_pre2026_to_post2026,prevalence_baseline,0.14280300816518135
separacion:4118,2026-0002963,SL-1306,SL,2026-03-22,7,2026-04-21,1,cross_regime_pre2026_to_post2026,prevalence_baseline,0.14280300816518135
separacion:4119,2026-0002952,MT-A801,MT,2026-03-22,7,2026-04-21,0,cross_regime_pre2026_to_post2026,prevalence_baseline,0.14280300816518135
separacion:4145,2026-0003084,MD-2301,MD,2026-03-22,0,2026-04-21,0,cross_regime_pre2026_to_post2026,prevalence_baseline,0.14280300816518135
separacion:4146,2026-0003116,MT-B905,MT,2026-03-22,0,2026-04-21,0,cross_regime_pre2026_to_post2026,prevalence_baseline,0.14280300816518135
separacion:4147,2026-0003115,CP-B1203,CP,2026-03-22,0,2026-04-21,0,cross_regime_pre2026_to_post2026,prevalence_baseline,0.14280300816518135
separacion:4148,2026-0003118,GY-43,GY,2026-03-22,0,2026-04-21,0,cross_regime_pre2026_to_post2026,prevalence_baseline,0.14280300816518135
separacion:4149,2026-0003123,CP-B501,CP,2026-03-22,0,2026-04-21,0,cross_regime_pre2026_to_post2026,prevalence_baseline,0.14280300816518135
separacion:4150,2026-0003125,NP-A1304,NP,2026-03-22,0,2026-04-21,0,cross_regime_pre2026_to_post2026,prevalence_baseline,0.14280300816518135
separacion:3866,2026-0000134,NP-A-E62,NP,2026-03-23,75,2026-04-22,0,cross_regime_pre2026_to_post2026,prevalence_baseline,0.14280300816518135
separacion:3922,2026-0000826,MD-E43,MD,2026-03-23,60,2026-04-22,0,cross_regime_pre2026_to_post2026,prevalence_baseline,0.14280300816518135
separacion:3923,2026-0000825,MD-E36,MD,2026-03-23,60,2026-04-22,0,cross_regime_pre2026_to_post2026,prevalence_baseline,0.14280300816518135
separacion:3983,2026-0001402,SL-E8,SL,2026-03-23,45,2026-04-22,0,cross_regime_pre2026_to_post2026,prevalence_baseline,0.14280300816518135
separacion:4075,2026-0002152,NP-A802,NP,2026-03-23,21,2026-04-22,1,cross_regime_pre2026_to_post2026,prevalence_baseline,0.14280300816518135
separacion:4153,2026-0003145,GY-27,GY,2026-03-23,0,2026-04-22,0,cross_regime_pre2026_to_post2026,prevalence_baseline,0.14280300816518135
separacion:4156,2026-0003166,FX-1001,FX,2026-03-23,0,2026-04-22,0,cross_regime_pre2026_to_post2026,prevalence_baseline,0.14280300816518135
separacion:4157,2026-0003167,FX-801,FX,2026-03-23,0,2026-04-22,0,cross_regime_pre2026_to_post2026,prevalence_baseline,0.14280300816518135
separacion:3931,2026-0000856,MT-A23,MT,2026-03-24,60,2026-04-23,0,cross_regime_pre2026_to_post2026,prevalence_baseline,0.14280300816518135
separacion:3989,2026-0001432,EEUU-D15,EEUU,2026-03-24,45,2026-04-23,0,cross_regime_pre2026_to_post2026,prevalence_baseline,0.14280300816518135
separacion:4085,2026-0002366,NP-A2405,NP,2026-03-24,14,2026-04-23,0,cross_regime_pre2026_to_post2026,prevalence_baseline,0.14280300816518135
separacion:4121,2026-0002874,MT-A1008,MT,2026-03-24,7,2026-04-23,0,cross_regime_pre2026_to_post2026,prevalence_baseline,0.14280300816518135
separacion:4122,2026-0002991,GY-D7,GY,2026-03-24,7,2026-04-23,0,cross_regime_pre2026_to_post2026,prevalence_baseline,0.14280300816518135
separacion:4158,2026-0003168,EEUU-501,EEUU,2026-03-24,0,2026-04-23,0,cross_regime_pre2026_to_post2026,prevalence_baseline,0.14280300816518135
separacion:4163,2026-0003190,MD-E18,MD,2026-03-24,0,2026-04-23,0,cross_regime_pre2026_to_post2026,prevalence_baseline,0.14280300816518135
separacion:3873,2026-0000225,SL-1408,SL,2026-03-25,75,2026-04-24,1,cross_regime_pre2026_to_post2026,prevalence_baseline,0.14280300816518135
separacion:4040,2026-0001859,TZ-17,TZ,2026-03-25,30,2026-04-24,0,cross_regime_pre2026_to_post2026,prevalence_baseline,0.14280300816518135
separacion:4130,2026-0003010,SL-1001,SL,2026-03-25,7,2026-04-24,0,cross_regime_pre2026_to_post2026,prevalence_baseline,0.14280300816518135
separacion:4131,2026-0003014,EEUU-E50,EEUU,2026-03-25,7,2026-04-24,0,cross_regime_pre2026_to_post2026,prevalence_baseline,0.14280300816518135
separacion:4132,2026-0003024,CP-A1001,CP,2026-03-25,7,2026-04-24,0,cross_regime_pre2026_to_post2026,prevalence_baseline,0.14280300816518135
separacion:4133,2026-0003028,MT-B705,MT,2026-03-25,7,2026-04-24,0,cross_regime_pre2026_to_post2026,prevalence_baseline,0.14280300816518135
separacion:4164,2026-0003197,NP-A-E19,NP,2026-03-25,0,2026-04-24,0,cross_regime_pre2026_to_post2026,prevalence_baseline,0.14280300816518135
separacion:4044,2026-0001915,SL-1405,SL,2026-03-26,30,2026-04-25,0,cross_regime_pre2026_to_post2026,prevalence_baseline,0.14280300816518135
separacion:4045,2026-0001919,FX-E24,FX,2026-03-26,30,2026-04-25,0,cross_regime_pre2026_to_post2026,prevalence_baseline,0.14280300816518135
separacion:4088,2026-0002498,NP-A1601,NP,2026-03-26,14,2026-04-25,0,cross_regime_pre2026_to_post2026,prevalence_baseline,0.14280300816518135
separacion:4089,2026-0002499,NP-A1603,NP,2026-03-26,14,2026-04-25,0,cross_regime_pre2026_to_post2026,prevalence_baseline,0.14280300816518135
separacion:4135,2026-0003039,NP-A1802,NP,2026-03-26,7,2026-04-25,0,cross_regime_pre2026_to_post2026,prevalence_baseline,0.14280300816518135
separacion:4136,2026-0003041,MT-A04,MT,2026-03-26,7,2026-04-25,0,cross_regime_pre2026_to_post2026,prevalence_baseline,0.14280300816518135
separacion:4165,2026-0003207,NP-A2201,NP,2026-03-26,0,2026-04-25,0,cross_regime_pre2026_to_post2026,prevalence_baseline,0.14280300816518135
separacion:4166,2026-0003221,CP-E52,CP,2026-03-26,0,2026-04-25,0,cross_regime_pre2026_to_post2026,prevalence_baseline,0.14280300816518135
separacion:4167,2026-0003226,SL-1004,SL,2026-03-26,0,2026-04-25,0,cross_regime_pre2026_to_post2026,prevalence_baseline,0.14280300816518135
separacion:3950,2026-0001016,MD-E21,MD,2026-03-27,60,2026-04-26,0,cross_regime_pre2026_to_post2026,prevalence_baseline,0.14280300816518135
separacion:4050,2026-0001938,FX-1301,FX,2026-03-27,30,2026-04-26,0,cross_regime_pre2026_to_post2026,prevalence_baseline,0.14280300816518135
separacion:4091,2026-0002513,SL-702,SL,2026-03-27,14,2026-04-26,0,cross_regime_pre2026_to_post2026,prevalence_baseline,0.14280300816518135
separacion:4093,2026-0002593,NP-A2403,NP,2026-03-27,14,2026-04-26,0,cross_regime_pre2026_to_post2026,prevalence_baseline,0.14280300816518135
separacion:4140,2026-0003067,GY-14,GY,2026-03-27,7,2026-04-26,0,cross_regime_pre2026_to_post2026,prevalence_baseline,0.14280300816518135
separacion:4191,2026-0003242,NP-A2005,NP,2026-03-27,0,2026-04-26,0,cross_regime_pre2026_to_post2026,prevalence_baseline,0.14280300816518135
separacion:4080,2026-0002276,GY-1602,GY,2026-03-28,21,2026-04-27,1,cross_regime_pre2026_to_post2026,prevalence_baseline,0.14280300816518135
separacion:4100,2026-0002696,GY-1003,GY,2026-03-28,14,2026-04-27,0,cross_regime_pre2026_to_post2026,prevalence_baseline,0.14280300816518135
separacion:4103,2026-0002746,CP-A301,CP,2026-03-28,14,2026-04-27,0,cross_regime_pre2026_to_post2026,prevalence_baseline,0.14280300816518135
separacion:4104,2026-0002599,NP-A2303,NP,2026-03-28,14,2026-04-27,0,cross_regime_pre2026_to_post2026,prevalence_baseline,0.14280300816518135
separacion:4106,2026-0002781,FX-E16,FX,2026-03-28,14,2026-04-27,0,cross_regime_pre2026_to_post2026,prevalence_baseline,0.14280300816518135
separacion:4142,2026-0003094,GY-203,GY,2026-03-28,7,2026-04-27,0,cross_regime_pre2026_to_post2026,prevalence_baseline,0.14280300816518135
separacion:4143,2026-0003097,NP-A1003,NP,2026-03-28,7,2026-04-27,0,cross_regime_pre2026_to_post2026,prevalence_baseline,0.14280300816518135
separacion:4144,2026-0003104,NP-A2304,NP,2026-03-28,7,2026-04-27,0,cross_regime_pre2026_to_post2026,prevalence_baseline,0.14280300816518135
separacion:4192,2026-0003243,CP-B1306,CP,2026-03-28,0,2026-04-27,0,cross_regime_pre2026_to_post2026,prevalence_baseline,0.14280300816518135
separacion:4193,2026-0003246,NP-A-E138,NP,2026-03-28,0,2026-04-27,0,cross_regime_pre2026_to_post2026,prevalence_baseline,0.14280300816518135
separacion:3954,2026-0001053,MT-A58,MT,2026-03-29,60,2026-04-28,0,cross_regime_pre2026_to_post2026,prevalence_baseline,0.14280300816518135
separacion:3956,2026-0001082,EEUU-D13,EEUU,2026-03-29,60,2026-04-28,0,cross_regime_pre2026_to_post2026,prevalence_baseline,0.14280300816518135
separacion:4107,2026-0002813,GY-303,GY,2026-03-29,14,2026-04-28,0,cross_regime_pre2026_to_post2026,prevalence_baseline,0.14280300816518135
separacion:4108,2026-0002822,SL-403,SL,2026-03-29,14,2026-04-28,0,cross_regime_pre2026_to_post2026,prevalence_baseline,0.14280300816518135
separacion:4109,2026-0002890,MT-A57,MT,2026-03-29,14,2026-04-28,0,cross_regime_pre2026_to_post2026,prevalence_baseline,0.14280300816518135
separacion:4116,2026-0002965,NP-A706,NP,2026-03-29,14,2026-04-28,0,cross_regime_pre2026_to_post2026,prevalence_baseline,0.14280300816518135
separacion:4117,2026-0002964,FX-901,FX,2026-03-29,14,2026-04-28,1,cross_regime_pre2026_to_post2026,prevalence_baseline,0.14280300816518135
separacion:4119,2026-0002952,MT-A801,MT,2026-03-29,14,2026-04-28,0,cross_regime_pre2026_to_post2026,prevalence_baseline,0.14280300816518135
separacion:4145,2026-0003084,MD-2301,MD,2026-03-29,7,2026-04-28,0,cross_regime_pre2026_to_post2026,prevalence_baseline,0.14280300816518135
separacion:4146,2026-0003116,MT-B905,MT,2026-03-29,7,2026-04-28,0,cross_regime_pre2026_to_post2026,prevalence_baseline,0.14280300816518135
separacion:4148,2026-0003118,GY-43,GY,2026-03-29,7,2026-04-28,0,cross_regime_pre2026_to_post2026,prevalence_baseline,0.14280300816518135
separacion:4150,2026-0003125,NP-A1304,NP,2026-03-29,7,2026-04-28,0,cross_regime_pre2026_to_post2026,prevalence_baseline,0.14280300816518135
separacion:4002,2026-0001591,MT-A09,MT,2026-03-30,45,2026-04-29,0,cross_regime_pre2026_to_post2026,prevalence_baseline,0.14280300816518135
separacion:4062,2026-0002065,FX-1502,FX,2026-03-30,30,2026-04-29,0,cross_regime_pre2026_to_post2026,prevalence_baseline,0.14280300816518135
separacion:4153,2026-0003145,GY-27,GY,2026-03-30,7,2026-04-29,0,cross_regime_pre2026_to_post2026,prevalence_baseline,0.14280300816518135
separacion:4156,2026-0003166,FX-1001,FX,2026-03-30,7,2026-04-29,0,cross_regime_pre2026_to_post2026,prevalence_baseline,0.14280300816518135
separacion:4201,2026-0003312,FX-705,FX,2026-03-30,0,2026-04-29,0,cross_regime_pre2026_to_post2026,prevalence_baseline,0.14280300816518135
separacion:4202,2026-0003313,NP-A2203,NP,2026-03-30,0,2026-04-29,0,cross_regime_pre2026_to_post2026,prevalence_baseline,0.14280300816518135
separacion:4203,2026-0003315,NP-A2204,NP,2026-03-30,0,2026-04-29,0,cross_regime_pre2026_to_post2026,prevalence_baseline,0.14280300816518135
separacion:4006,2026-0001533,SL-1305,SL,2026-03-31,45,2026-04-30,1,cross_regime_pre2026_to_post2026,prevalence_baseline,0.14280300816518135
separacion:4068,2026-0002131,GY-1502,GY,2026-03-31,30,2026-04-30,0,cross_regime_pre2026_to_post2026,prevalence_baseline,0.14280300816518135
separacion:4122,2026-0002991,GY-D7,GY,2026-03-31,14,2026-04-30,0,cross_regime_pre2026_to_post2026,prevalence_baseline,0.14280300816518135
separacion:4158,2026-0003168,EEUU-501,EEUU,2026-03-31,7,2026-04-30,0,cross_regime_pre2026_to_post2026,prevalence_baseline,0.14280300816518135
separacion:4163,2026-0003190,MD-E18,MD,2026-03-31,7,2026-04-30,0,cross_regime_pre2026_to_post2026,prevalence_baseline,0.14280300816518135
separacion:4207,2026-0003353,FX-1203,FX,2026-03-31,0,2026-04-30,0,cross_regime_pre2026_to_post2026,prevalence_baseline,0.14280300816518135
separacion:3890,2026-0000526,MD-E58,MD,2026-04-01,75,2026-05-01,0,cross_regime_pre2026_to_post2026,prevalence_baseline,0.14280300816518135
separacion:4130,2026-0003010,SL-1001,SL,2026-04-01,14,2026-05-01,1,cross_regime_pre2026_to_post2026,prevalence_baseline,0.14280300816518135
separacion:4131,2026-0003014,EEUU-E50,EEUU,2026-04-01,14,2026-05-01,0,cross_regime_pre2026_to_post2026,prevalence_baseline,0.14280300816518135
separacion:4164,2026-0003197,NP-A-E19,NP,2026-04-01,7,2026-05-01,0,cross_regime_pre2026_to_post2026,prevalence_baseline,0.14280300816518135
separacion:3968,2026-0001236,NP-A-E61,NP,2026-04-02,60,2026-05-02,0,cross_regime_pre2026_to_post2026,prevalence_baseline,0.14280300816518135
separacion:3970,2026-0001264,MD-E22,MD,2026-04-02,60,2026-05-02,0,cross_regime_pre2026_to_post2026,prevalence_baseline,0.14280300816518135
separacion:4088,2026-0002498,NP-A1601,NP,2026-04-02,21,2026-05-02,0,cross_regime_pre2026_to_post2026,prevalence_baseline,0.14280300816518135
separacion:4089,2026-0002499,NP-A1603,NP,2026-04-02,21,2026-05-02,0,cross_regime_pre2026_to_post2026,prevalence_baseline,0.14280300816518135
separacion:4136,2026-0003041,MT-A04,MT,2026-04-02,14,2026-05-02,0,cross_regime_pre2026_to_post2026,prevalence_baseline,0.14280300816518135
separacion:4166,2026-0003221,CP-E52,CP,2026-04-02,7,2026-05-02,0,cross_regime_pre2026_to_post2026,prevalence_baseline,0.14280300816518135
separacion:3834,2026-0000043,MT-A29,MT,2026-04-03,90,2026-05-03,0,cross_regime_pre2026_to_post2026,prevalence_baseline,0.14280300816518135
separacion:3835,2026-0000071,GY-35,GY,2026-04-03,90,2026-05-03,0,cross_regime_pre2026_to_post2026,prevalence_baseline,0.14280300816518135
separacion:4014,2026-0001698,EEUU-E48,EEUU,2026-04-03,45,2026-05-03,0,cross_regime_pre2026_to_post2026,prevalence_baseline,0.14280300816518135
separacion:4091,2026-0002513,SL-702,SL,2026-04-03,21,2026-05-03,0,cross_regime_pre2026_to_post2026,prevalence_baseline,0.14280300816518135
separacion:4093,2026-0002593,NP-A2403,NP,2026-04-03,21,2026-05-03,0,cross_regime_pre2026_to_post2026,prevalence_baseline,0.14280300816518135
separacion:4140,2026-0003067,GY-14,GY,2026-04-03,14,2026-05-03,0,cross_regime_pre2026_to_post2026,prevalence_baseline,0.14280300816518135
separacion:4191,2026-0003242,NP-A2005,NP,2026-04-03,7,2026-05-03,0,cross_regime_pre2026_to_post2026,prevalence_baseline,0.14280300816518135
separacion:3837,2026-0000095,NP-A-E27,NP,2026-04-04,90,2026-05-04,0,cross_regime_pre2026_to_post2026,prevalence_baseline,0.14280300816518135
separacion:3838,2026-0000102,EEUU-E40,EEUU,2026-04-04,90,2026-05-04,0,cross_regime_pre2026_to_post2026,prevalence_baseline,0.14280300816518135
separacion:3904,2026-0000701,EEUU-E14,EEUU,2026-04-04,75,2026-05-04,0,cross_regime_pre2026_to_post2026,prevalence_baseline,0.14280300816518135
separacion:3974,2026-0001297,GY-25,GY,2026-04-04,60,2026-05-04,0,cross_regime_pre2026_to_post2026,prevalence_baseline,0.14280300816518135
separacion:3976,2026-0001320,GY-21,GY,2026-04-04,60,2026-05-04,0,cross_regime_pre2026_to_post2026,prevalence_baseline,0.14280300816518135
separacion:4106,2026-0002781,FX-E16,FX,2026-04-04,21,2026-05-04,0,cross_regime_pre2026_to_post2026,prevalence_baseline,0.14280300816518135
separacion:4192,2026-0003243,CP-B1306,CP,2026-04-04,7,2026-05-04,0,cross_regime_pre2026_to_post2026,prevalence_baseline,0.14280300816518135
separacion:4193,2026-0003246,NP-A-E138,NP,2026-04-04,7,2026-05-04,0,cross_regime_pre2026_to_post2026,prevalence_baseline,0.14280300816518135
separacion:4209,2026-0003385,NP-A2710,NP,2026-04-04,0,2026-05-04,0,cross_regime_pre2026_to_post2026,prevalence_baseline,0.14280300816518135
separacion:3909,2026-0000732,EEUU-D16,EEUU,2026-04-05,75,2026-05-05,0,cross_regime_pre2026_to_post2026,prevalence_baseline,0.14280300816518135
separacion:4026,2026-0001742,CP-E27,CP,2026-04-05,45,2026-05-05,0,cross_regime_pre2026_to_post2026,prevalence_baseline,0.14280300816518135
separacion:4107,2026-0002813,GY-303,GY,2026-04-05,21,2026-05-05,0,cross_regime_pre2026_to_post2026,prevalence_baseline,0.14280300816518135
separacion:4109,2026-0002890,MT-A57,MT,2026-04-05,21,2026-05-05,0,cross_regime_pre2026_to_post2026,prevalence_baseline,0.14280300816518135
separacion:4117,2026-0002964,FX-901,FX,2026-04-05,21,2026-05-05,1,cross_regime_pre2026_to_post2026,prevalence_baseline,0.14280300816518135
separacion:4145,2026-0003084,MD-2301,MD,2026-04-05,14,2026-05-05,0,cross_regime_pre2026_to_post2026,prevalence_baseline,0.14280300816518135
separacion:4148,2026-0003118,GY-43,GY,2026-04-05,14,2026-05-05,0,cross_regime_pre2026_to_post2026,prevalence_baseline,0.14280300816518135
separacion:4150,2026-0003125,NP-A1304,NP,2026-04-05,14,2026-05-05,0,cross_regime_pre2026_to_post2026,prevalence_baseline,0.14280300816518135
separacion:3865,2026-0000164,MD-E38,MD,2026-04-06,90,2026-05-06,0,cross_regime_pre2026_to_post2026,prevalence_baseline,0.14280300816518135
separacion:4080,2026-0002276,GY-1602,GY,2026-04-06,30,2026-05-06,1,cross_regime_pre2026_to_post2026,prevalence_baseline,0.14280300816518135
separacion:4153,2026-0003145,GY-27,GY,2026-04-06,14,2026-05-06,0,cross_regime_pre2026_to_post2026,prevalence_baseline,0.14280300816518135
separacion:4156,2026-0003166,FX-1001,FX,2026-04-06,14,2026-05-06,0,cross_regime_pre2026_to_post2026,prevalence_baseline,0.14280300816518135
separacion:4202,2026-0003313,NP-A2203,NP,2026-04-06,7,2026-05-06,0,cross_regime_pre2026_to_post2026,prevalence_baseline,0.14280300816518135
separacion:4203,2026-0003315,NP-A2204,NP,2026-04-06,7,2026-05-06,0,cross_regime_pre2026_to_post2026,prevalence_baseline,0.14280300816518135
separacion:4210,2026-0003409,SL-E4,SL,2026-04-06,0,2026-05-06,0,cross_regime_pre2026_to_post2026,prevalence_baseline,0.14280300816518135
separacion:4213,2026-0003412,MT-A54,MT,2026-04-06,0,2026-05-06,0,cross_regime_pre2026_to_post2026,prevalence_baseline,0.14280300816518135
separacion:4214,2026-0003419,GY-8,GY,2026-04-06,0,2026-05-06,1,cross_regime_pre2026_to_post2026,prevalence_baseline,0.14280300816518135
separacion:4216,2026-0003420,CP-E87,CP,2026-04-06,0,2026-05-06,0,cross_regime_pre2026_to_post2026,prevalence_baseline,0.14280300816518135
separacion:3922,2026-0000826,MD-E43,MD,2026-04-07,75,2026-05-07,0,cross_regime_pre2026_to_post2026,prevalence_baseline,0.14280300816518135
separacion:3923,2026-0000825,MD-E36,MD,2026-04-07,75,2026-05-07,0,cross_regime_pre2026_to_post2026,prevalence_baseline,0.14280300816518135
separacion:3983,2026-0001402,SL-E8,SL,2026-04-07,60,2026-05-07,0,cross_regime_pre2026_to_post2026,prevalence_baseline,0.14280300816518135
separacion:4122,2026-0002991,GY-D7,GY,2026-04-07,21,2026-05-07,0,cross_regime_pre2026_to_post2026,prevalence_baseline,0.14280300816518135
separacion:4158,2026-0003168,EEUU-501,EEUU,2026-04-07,14,2026-05-07,0,cross_regime_pre2026_to_post2026,prevalence_baseline,0.14280300816518135
separacion:4163,2026-0003190,MD-E18,MD,2026-04-07,14,2026-05-07,0,cross_regime_pre2026_to_post2026,prevalence_baseline,0.14280300816518135
separacion:4207,2026-0003353,FX-1203,FX,2026-04-07,7,2026-05-07,0,cross_regime_pre2026_to_post2026,prevalence_baseline,0.14280300816518135
separacion:4217,2026-0003401,NP-A2110,NP,2026-04-07,0,2026-05-07,0,cross_regime_pre2026_to_post2026,prevalence_baseline,0.14280300816518135
separacion:4273,2026-0003451,CP-B1008,CP,2026-04-07,0,2026-05-07,0,cross_regime_pre2026_to_post2026,prevalence_baseline,0.14280300816518135
separacion:3931,2026-0000856,MT-A23,MT,2026-04-08,75,2026-05-08,0,cross_regime_pre2026_to_post2026,prevalence_baseline,0.14280300816518135
separacion:3989,2026-0001432,EEUU-D15,EEUU,2026-04-08,60,2026-05-08,0,cross_regime_pre2026_to_post2026,prevalence_baseline,0.14280300816518135
separacion:4130,2026-0003010,SL-1001,SL,2026-04-08,21,2026-05-08,1,cross_regime_pre2026_to_post2026,prevalence_baseline,0.14280300816518135
separacion:4131,2026-0003014,EEUU-E50,EEUU,2026-04-08,21,2026-05-08,0,cross_regime_pre2026_to_post2026,prevalence_baseline,0.14280300816518135
separacion:4164,2026-0003197,NP-A-E19,NP,2026-04-08,14,2026-05-08,0,cross_regime_pre2026_to_post2026,prevalence_baseline,0.14280300816518135
separacion:4287,2026-0003479,NP-A1704,NP,2026-04-08,0,2026-05-08,0,cross_regime_pre2026_to_post2026,prevalence_baseline,0.14280300816518135
separacion:4040,2026-0001859,TZ-17,TZ,2026-04-09,45,2026-05-09,0,cross_regime_pre2026_to_post2026,prevalence_baseline,0.14280300816518135
separacion:4136,2026-0003041,MT-A04,MT,2026-04-09,21,2026-05-09,0,cross_regime_pre2026_to_post2026,prevalence_baseline,0.14280300816518135
separacion:4166,2026-0003221,CP-E52,CP,2026-04-09,14,2026-05-09,0,cross_regime_pre2026_to_post2026,prevalence_baseline,0.14280300816518135
separacion:4288,2026-0003484,MT-A27,MT,2026-04-09,0,2026-05-09,0,cross_regime_pre2026_to_post2026,prevalence_baseline,0.14280300816518135
separacion:4290,2026-0003499,MT-A45,MT,2026-04-09,0,2026-05-09,0,cross_regime_pre2026_to_post2026,prevalence_baseline,0.14280300816518135
separacion:4044,2026-0001915,SL-1405,SL,2026-04-10,45,2026-05-10,0,cross_regime_pre2026_to_post2026,prevalence_baseline,0.14280300816518135
separacion:4045,2026-0001919,FX-E24,FX,2026-04-10,45,2026-05-10,1,cross_regime_pre2026_to_post2026,prevalence_baseline,0.14280300816518135
separacion:4140,2026-0003067,GY-14,GY,2026-04-10,21,2026-05-10,0,cross_regime_pre2026_to_post2026,prevalence_baseline,0.14280300816518135
separacion:4191,2026-0003242,NP-A2005,NP,2026-04-10,14,2026-05-10,0,cross_regime_pre2026_to_post2026,prevalence_baseline,0.14280300816518135
separacion:4295,2026-0003502,SL-E7,SL,2026-04-10,0,2026-05-10,0,cross_regime_pre2026_to_post2026,prevalence_baseline,0.14280300816518135
separacion:3950,2026-0001016,MD-E21,MD,2026-04-11,75,2026-05-11,0,cross_regime_pre2026_to_post2026,prevalence_baseline,0.14280300816518135
separacion:4050,2026-0001938,FX-1301,FX,2026-04-11,45,2026-05-11,1,cross_regime_pre2026_to_post2026,prevalence_baseline,0.14280300816518135
separacion:4088,2026-0002498,NP-A1601,NP,2026-04-11,30,2026-05-11,0,cross_regime_pre2026_to_post2026,prevalence_baseline,0.14280300816518135
separacion:4089,2026-0002499,NP-A1603,NP,2026-04-11,30,2026-05-11,0,cross_regime_pre2026_to_post2026,prevalence_baseline,0.14280300816518135
separacion:4192,2026-0003243,CP-B1306,CP,2026-04-11,14,2026-05-11,0,cross_regime_pre2026_to_post2026,prevalence_baseline,0.14280300816518135
separacion:4193,2026-0003246,NP-A-E138,NP,2026-04-11,14,2026-05-11,0,cross_regime_pre2026_to_post2026,prevalence_baseline,0.14280300816518135
separacion:4209,2026-0003385,NP-A2710,NP,2026-04-11,7,2026-05-11,0,cross_regime_pre2026_to_post2026,prevalence_baseline,0.14280300816518135
separacion:4297,2026-0003545,SL-1403,SL,2026-04-11,0,2026-05-11,0,cross_regime_pre2026_to_post2026,prevalence_baseline,0.14280300816518135
separacion:4091,2026-0002513,SL-702,SL,2026-04-12,30,2026-05-12,1,cross_regime_pre2026_to_post2026,prevalence_baseline,0.14280300816518135
separacion:4093,2026-0002593,NP-A2403,NP,2026-04-12,30,2026-05-12,0,cross_regime_pre2026_to_post2026,prevalence_baseline,0.14280300816518135
separacion:4145,2026-0003084,MD-2301,MD,2026-04-12,21,2026-05-12,0,cross_regime_pre2026_to_post2026,prevalence_baseline,0.14280300816518135
separacion:4148,2026-0003118,GY-43,GY,2026-04-12,21,2026-05-12,0,cross_regime_pre2026_to_post2026,prevalence_baseline,0.14280300816518135
separacion:4150,2026-0003125,NP-A1304,NP,2026-04-12,21,2026-05-12,0,cross_regime_pre2026_to_post2026,prevalence_baseline,0.14280300816518135
separacion:3954,2026-0001053,MT-A58,MT,2026-04-13,75,2026-05-13,0,cross_regime_pre2026_to_post2026,prevalence_baseline,0.14280300816518135
separacion:3956,2026-0001082,EEUU-D13,EEUU,2026-04-13,75,2026-05-13,0,cross_regime_pre2026_to_post2026,prevalence_baseline,0.14280300816518135
separacion:4106,2026-0002781,FX-E16,FX,2026-04-13,30,2026-05-13,0,cross_regime_pre2026_to_post2026,prevalence_baseline,0.14280300816518135
separacion:4153,2026-0003145,GY-27,GY,2026-04-13,21,2026-05-13,0,cross_regime_pre2026_to_post2026,prevalence_baseline,0.14280300816518135
separacion:4156,2026-0003166,FX-1001,FX,2026-04-13,21,2026-05-13,0,cross_regime_pre2026_to_post2026,prevalence_baseline,0.14280300816518135
separacion:4202,2026-0003313,NP-A2203,NP,2026-04-13,14,2026-05-13,0,cross_regime_pre2026_to_post2026,prevalence_baseline,0.14280300816518135
separacion:4203,2026-0003315,NP-A2204,NP,2026-04-13,14,2026-05-13,0,cross_regime_pre2026_to_post2026,prevalence_baseline,0.14280300816518135
separacion:4210,2026-0003409,SL-E4,SL,2026-04-13,7,2026-05-13,0,cross_regime_pre2026_to_post2026,prevalence_baseline,0.14280300816518135
separacion:4213,2026-0003412,MT-A54,MT,2026-04-13,7,2026-05-13,0,cross_regime_pre2026_to_post2026,prevalence_baseline,0.14280300816518135
separacion:4216,2026-0003420,CP-E87,CP,2026-04-13,7,2026-05-13,0,cross_regime_pre2026_to_post2026,prevalence_baseline,0.14280300816518135
separacion:4298,2026-0003517,NP-A2310,NP,2026-04-13,0,2026-05-13,0,cross_regime_pre2026_to_post2026,prevalence_baseline,0.14280300816518135
separacion:4299,2026-0003613,NP-A701,NP,2026-04-13,0,2026-05-13,1,cross_regime_pre2026_to_post2026,prevalence_baseline,0.14280300816518135
separacion:4002,2026-0001591,MT-A09,MT,2026-04-14,60,2026-05-14,0,cross_regime_pre2026_to_post2026,prevalence_baseline,0.14280300816518135
separacion:4107,2026-0002813,GY-303,GY,2026-04-14,30,2026-05-14,0,cross_regime_pre2026_to_post2026,prevalence_baseline,0.14280300816518135
separacion:4109,2026-0002890,MT-A57,MT,2026-04-14,30,2026-05-14,0,cross_regime_pre2026_to_post2026,prevalence_baseline,0.14280300816518135
separacion:4158,2026-0003168,EEUU-501,EEUU,2026-04-14,21,2026-05-14,0,cross_regime_pre2026_to_post2026,prevalence_baseline,0.14280300816518135
separacion:4163,2026-0003190,MD-E18,MD,2026-04-14,21,2026-05-14,0,cross_regime_pre2026_to_post2026,prevalence_baseline,0.14280300816518135
separacion:4273,2026-0003451,CP-B1008,CP,2026-04-14,7,2026-05-14,0,cross_regime_pre2026_to_post2026,prevalence_baseline,0.14280300816518135
separacion:4300,2026-0003625,FX-1601,FX,2026-04-14,0,2026-05-14,0,cross_regime_pre2026_to_post2026,prevalence_baseline,0.14280300816518135
separacion:4301,2026-0003630,NP-A-E08,NP,2026-04-14,0,2026-05-14,0,cross_regime_pre2026_to_post2026,prevalence_baseline,0.14280300816518135
separacion:4304,2026-0003643,NP-A1701,NP,2026-04-14,0,2026-05-14,0,cross_regime_pre2026_to_post2026,prevalence_baseline,0.14280300816518135
separacion:4006,2026-0001533,SL-1305,SL,2026-04-15,60,2026-05-15,1,cross_regime_pre2026_to_post2026,prevalence_baseline,0.14280300816518135
separacion:4164,2026-0003197,NP-A-E19,NP,2026-04-15,21,2026-05-15,0,cross_regime_pre2026_to_post2026,prevalence_baseline,0.14280300816518135
separacion:4287,2026-0003479,NP-A1704,NP,2026-04-15,7,2026-05-15,0,cross_regime_pre2026_to_post2026,prevalence_baseline,0.14280300816518135
separacion:3890,2026-0000526,MD-E58,MD,2026-04-16,90,2026-05-16,0,cross_regime_pre2026_to_post2026,prevalence_baseline,0.14280300816518135
separacion:4122,2026-0002991,GY-D7,GY,2026-04-16,30,2026-05-16,0,cross_regime_pre2026_to_post2026,prevalence_baseline,0.14280300816518135
separacion:4166,2026-0003221,CP-E52,CP,2026-04-16,21,2026-05-16,0,cross_regime_pre2026_to_post2026,prevalence_baseline,0.14280300816518135
separacion:4288,2026-0003484,MT-A27,MT,2026-04-16,7,2026-05-16,0,cross_regime_pre2026_to_post2026,prevalence_baseline,0.14280300816518135
separacion:4290,2026-0003499,MT-A45,MT,2026-04-16,7,2026-05-16,0,cross_regime_pre2026_to_post2026,prevalence_baseline,0.14280300816518135
separacion:3968,2026-0001236,NP-A-E61,NP,2026-04-17,75,2026-05-17,0,cross_regime_pre2026_to_post2026,prevalence_baseline,0.14280300816518135
separacion:3970,2026-0001264,MD-E22,MD,2026-04-17,75,2026-05-17,0,cross_regime_pre2026_to_post2026,prevalence_baseline,0.14280300816518135
separacion:4130,2026-0003010,SL-1001,SL,2026-04-17,30,2026-05-17,1,cross_regime_pre2026_to_post2026,prevalence_baseline,0.14280300816518135
separacion:4131,2026-0003014,EEUU-E50,EEUU,2026-04-17,30,2026-05-17,0,cross_regime_pre2026_to_post2026,prevalence_baseline,0.14280300816518135
separacion:4191,2026-0003242,NP-A2005,NP,2026-04-17,21,2026-05-17,0,cross_regime_pre2026_to_post2026,prevalence_baseline,0.14280300816518135
separacion:4295,2026-0003502,SL-E7,SL,2026-04-17,7,2026-05-17,0,cross_regime_pre2026_to_post2026,prevalence_baseline,0.14280300816518135
separacion:4014,2026-0001698,EEUU-E48,EEUU,2026-04-18,60,2026-05-18,0,cross_regime_pre2026_to_post2026,prevalence_baseline,0.14280300816518135
separacion:4136,2026-0003041,MT-A04,MT,2026-04-18,30,2026-05-18,0,cross_regime_pre2026_to_post2026,prevalence_baseline,0.14280300816518135
separacion:4192,2026-0003243,CP-B1306,CP,2026-04-18,21,2026-05-18,0,cross_regime_pre2026_to_post2026,prevalence_baseline,0.14280300816518135
separacion:4193,2026-0003246,NP-A-E138,NP,2026-04-18,21,2026-05-18,0,cross_regime_pre2026_to_post2026,prevalence_baseline,0.14280300816518135
separacion:4209,2026-0003385,NP-A2710,NP,2026-04-18,14,2026-05-18,0,cross_regime_pre2026_to_post2026,prevalence_baseline,0.14280300816518135
separacion:4297,2026-0003545,SL-1403,SL,2026-04-18,7,2026-05-18,0,cross_regime_pre2026_to_post2026,prevalence_baseline,0.14280300816518135
separacion:4332,2026-0003701,TZ-201,TZ,2026-04-18,0,2026-05-18,0,cross_regime_pre2026_to_post2026,prevalence_baseline,0.14280300816518135
separacion:4333,2026-0003716,GY-1301,GY,2026-04-18,0,2026-05-18,0,cross_regime_pre2026_to_post2026,prevalence_baseline,0.14280300816518135
separacion:4334,2026-0003726,SL-307,SL,2026-04-18,0,2026-05-18,0,cross_regime_pre2026_to_post2026,prevalence_baseline,0.14280300816518135
separacion:3904,2026-0000701,EEUU-E14,EEUU,2026-04-19,90,2026-05-19,0,cross_regime_pre2026_to_post2026,prevalence_baseline,0.14280300816518135
separacion:3974,2026-0001297,GY-25,GY,2026-04-19,75,2026-05-19,0,cross_regime_pre2026_to_post2026,prevalence_baseline,0.14280300816518135
separacion:3976,2026-0001320,GY-21,GY,2026-04-19,75,2026-05-19,0,cross_regime_pre2026_to_post2026,prevalence_baseline,0.14280300816518135
separacion:4140,2026-0003067,GY-14,GY,2026-04-19,30,2026-05-19,0,cross_regime_pre2026_to_post2026,prevalence_baseline,0.14280300816518135
separacion:3909,2026-0000732,EEUU-D16,EEUU,2026-04-20,90,2026-05-20,0,cross_regime_pre2026_to_post2026,prevalence_baseline,0.14280300816518135
separacion:4026,2026-0001742,CP-E27,CP,2026-04-20,60,2026-05-20,0,cross_regime_pre2026_to_post2026,prevalence_baseline,0.14280300816518135
separacion:4202,2026-0003313,NP-A2203,NP,2026-04-20,21,2026-05-20,0,cross_regime_pre2026_to_post2026,prevalence_baseline,0.14280300816518135
separacion:4203,2026-0003315,NP-A2204,NP,2026-04-20,21,2026-05-20,0,cross_regime_pre2026_to_post2026,prevalence_baseline,0.14280300816518135
separacion:4210,2026-0003409,SL-E4,SL,2026-04-20,14,2026-05-20,0,cross_regime_pre2026_to_post2026,prevalence_baseline,0.14280300816518135
separacion:4213,2026-0003412,MT-A54,MT,2026-04-20,14,2026-05-20,0,cross_regime_pre2026_to_post2026,prevalence_baseline,0.14280300816518135
separacion:4216,2026-0003420,CP-E87,CP,2026-04-20,14,2026-05-20,0,cross_regime_pre2026_to_post2026,prevalence_baseline,0.14280300816518135
separacion:4299,2026-0003613,NP-A701,NP,2026-04-20,7,2026-05-20,1,cross_regime_pre2026_to_post2026,prevalence_baseline,0.14280300816518135
separacion:4335,2026-0003784,NP-A1001,NP,2026-04-20,0,2026-05-20,0,cross_regime_pre2026_to_post2026,prevalence_baseline,0.14280300816518135
separacion:4145,2026-0003084,MD-2301,MD,2026-04-21,30,2026-05-21,0,cross_regime_pre2026_to_post2026,prevalence_baseline,0.14280300816518135
separacion:4148,2026-0003118,GY-43,GY,2026-04-21,30,2026-05-21,0,cross_regime_pre2026_to_post2026,prevalence_baseline,0.14280300816518135
separacion:4150,2026-0003125,NP-A1304,NP,2026-04-21,30,2026-05-21,1,cross_regime_pre2026_to_post2026,prevalence_baseline,0.14280300816518135
separacion:4300,2026-0003625,FX-1601,FX,2026-04-21,7,2026-05-21,0,cross_regime_pre2026_to_post2026,prevalence_baseline,0.14280300816518135
separacion:4301,2026-0003630,NP-A-E08,NP,2026-04-21,7,2026-05-21,0,cross_regime_pre2026_to_post2026,prevalence_baseline,0.14280300816518135
separacion:4304,2026-0003643,NP-A1701,NP,2026-04-21,7,2026-05-21,0,cross_regime_pre2026_to_post2026,prevalence_baseline,0.14280300816518135
separacion:4336,2026-0003787,FX-603,FX,2026-04-21,0,2026-05-21,1,cross_regime_pre2026_to_post2026,prevalence_baseline,0.14280300816518135
separacion:4337,2026-0003807,CP-E60,CP,2026-04-21,0,2026-05-21,0,cross_regime_pre2026_to_post2026,prevalence_baseline,0.14280300816518135
separacion:3922,2026-0000826,MD-E43,MD,2026-04-22,90,2026-05-22,0,cross_regime_pre2026_to_post2026,prevalence_baseline,0.14280300816518135
separacion:3923,2026-0000825,MD-E36,MD,2026-04-22,90,2026-05-22,0,cross_regime_pre2026_to_post2026,prevalence_baseline,0.14280300816518135
separacion:3983,2026-0001402,SL-E8,SL,2026-04-22,75,2026-05-22,0,cross_regime_pre2026_to_post2026,prevalence_baseline,0.14280300816518135
separacion:4153,2026-0003145,GY-27,GY,2026-04-22,30,2026-05-22,0,cross_regime_pre2026_to_post2026,prevalence_baseline,0.14280300816518135
separacion:4287,2026-0003479,NP-A1704,NP,2026-04-22,14,2026-05-22,0,cross_regime_pre2026_to_post2026,prevalence_baseline,0.14280300816518135
separacion:4338,2026-0003832,NP-A1201,NP,2026-04-22,0,2026-05-22,0,cross_regime_pre2026_to_post2026,prevalence_baseline,0.14280300816518135
separacion:4341,2026-0003845,FX-502,FX,2026-04-22,0,2026-05-22,0,cross_regime_pre2026_to_post2026,prevalence_baseline,0.14280300816518135
separacion:4342,2026-0003842,FX-702,FX,2026-04-22,0,2026-05-22,0,cross_regime_pre2026_to_post2026,prevalence_baseline,0.14280300816518135
separacion:4343,2026-0003846,FX-E43,FX,2026-04-22,0,2026-05-22,0,cross_regime_pre2026_to_post2026,prevalence_baseline,0.14280300816518135
separacion:4345,2026-0003857,GY-801,GY,2026-04-22,0,2026-05-22,0,cross_regime_pre2026_to_post2026,prevalence_baseline,0.14280300816518135
separacion:4346,2026-0003858,NP-A2401,NP,2026-04-22,0,2026-05-22,0,cross_regime_pre2026_to_post2026,prevalence_baseline,0.14280300816518135
separacion:3931,2026-0000856,MT-A23,MT,2026-04-23,90,2026-05-23,0,cross_regime_pre2026_to_post2026,prevalence_baseline,0.14280300816518135
separacion:3989,2026-0001432,EEUU-D15,EEUU,2026-04-23,75,2026-05-23,0,cross_regime_pre2026_to_post2026,prevalence_baseline,0.14280300816518135
separacion:4163,2026-0003190,MD-E18,MD,2026-04-23,30,2026-05-23,0,cross_regime_pre2026_to_post2026,prevalence_baseline,0.14280300816518135
separacion:4288,2026-0003484,MT-A27,MT,2026-04-23,14,2026-05-23,0,cross_regime_pre2026_to_post2026,prevalence_baseline,0.14280300816518135
separacion:4290,2026-0003499,MT-A45,MT,2026-04-23,14,2026-05-23,0,cross_regime_pre2026_to_post2026,prevalence_baseline,0.14280300816518135
separacion:4352,2026-0003901,EEUU-503,EEUU,2026-04-23,0,2026-05-23,0,cross_regime_pre2026_to_post2026,prevalence_baseline,0.14280300816518135
separacion:4040,2026-0001859,TZ-17,TZ,2026-04-24,60,2026-05-24,0,cross_regime_pre2026_to_post2026,prevalence_baseline,0.14280300816518135
separacion:4164,2026-0003197,NP-A-E19,NP,2026-04-24,30,2026-05-24,0,cross_regime_pre2026_to_post2026,prevalence_baseline,0.14280300816518135
separacion:4295,2026-0003502,SL-E7,SL,2026-04-24,14,2026-05-24,0,cross_regime_pre2026_to_post2026,prevalence_baseline,0.14280300816518135
separacion:4355,2026-0003914,NP-A2407,NP,2026-04-24,0,2026-05-24,0,cross_regime_pre2026_to_post2026,prevalence_baseline,0.14280300816518135
separacion:4363,2026-0003941,GY-33,GY,2026-04-24,0,2026-05-24,0,cross_regime_pre2026_to_post2026,prevalence_baseline,0.14280300816518135
separacion:4045,2026-0001919,FX-E24,FX,2026-04-25,60,2026-05-25,1,cross_regime_pre2026_to_post2026,prevalence_baseline,0.14280300816518135
separacion:4166,2026-0003221,CP-E52,CP,2026-04-25,30,2026-05-25,0,cross_regime_pre2026_to_post2026,prevalence_baseline,0.14280300816518135
separacion:4209,2026-0003385,NP-A2710,NP,2026-04-25,21,2026-05-25,0,cross_regime_pre2026_to_post2026,prevalence_baseline,0.14280300816518135
separacion:4297,2026-0003545,SL-1403,SL,2026-04-25,14,2026-05-25,0,cross_regime_pre2026_to_post2026,prevalence_baseline,0.14280300816518135
separacion:4332,2026-0003701,TZ-201,TZ,2026-04-25,7,2026-05-25,0,cross_regime_pre2026_to_post2026,prevalence_baseline,0.14280300816518135
separacion:4334,2026-0003726,SL-307,SL,2026-04-25,7,2026-05-25,0,cross_regime_pre2026_to_post2026,prevalence_baseline,0.14280300816518135
separacion:4364,2026-0003960,SL-1306,SL,2026-04-25,0,2026-05-25,0,cross_regime_pre2026_to_post2026,prevalence_baseline,0.14280300816518135
separacion:4365,2026-0003981,TZ-19,TZ,2026-04-25,0,2026-05-25,0,cross_regime_pre2026_to_post2026,prevalence_baseline,0.14280300816518135
separacion:3950,2026-0001016,MD-E21,MD,2026-04-26,90,2026-05-26,0,cross_regime_pre2026_to_post2026,prevalence_baseline,0.14280300816518135
separacion:4050,2026-0001938,FX-1301,FX,2026-04-26,60,2026-05-26,1,cross_regime_pre2026_to_post2026,prevalence_baseline,0.14280300816518135
separacion:4088,2026-0002498,NP-A1601,NP,2026-04-26,45,2026-05-26,0,cross_regime_pre2026_to_post2026,prevalence_baseline,0.14280300816518135
separacion:4089,2026-0002499,NP-A1603,NP,2026-04-26,45,2026-05-26,0,cross_regime_pre2026_to_post2026,prevalence_baseline,0.14280300816518135
separacion:4191,2026-0003242,NP-A2005,NP,2026-04-26,30,2026-05-26,0,cross_regime_pre2026_to_post2026,prevalence_baseline,0.14280300816518135
separacion:4366,2026-0004062,NP-A2306,NP,2026-04-26,0,2026-05-26,0,cross_regime_pre2026_to_post2026,prevalence_baseline,0.14280300816518135
separacion:4091,2026-0002513,SL-702,SL,2026-04-27,45,2026-05-27,1,cross_regime_pre2026_to_post2026,prevalence_baseline,0.14280300816518135
separacion:4192,2026-0003243,CP-B1306,CP,2026-04-27,30,2026-05-27,0,cross_regime_pre2026_to_post2026,prevalence_baseline,0.14280300816518135
separacion:4193,2026-0003246,NP-A-E138,NP,2026-04-27,30,2026-05-27,0,cross_regime_pre2026_to_post2026,prevalence_baseline,0.14280300816518135
separacion:4210,2026-0003409,SL-E4,SL,2026-04-27,21,2026-05-27,0,cross_regime_pre2026_to_post2026,prevalence_baseline,0.14280300816518135
separacion:4213,2026-0003412,MT-A54,MT,2026-04-27,21,2026-05-27,0,cross_regime_pre2026_to_post2026,prevalence_baseline,0.14280300816518135
separacion:4216,2026-0003420,CP-E87,CP,2026-04-27,21,2026-05-27,0,cross_regime_pre2026_to_post2026,prevalence_baseline,0.14280300816518135
separacion:4367,2026-0004067,TZ-50,TZ,2026-04-27,0,2026-05-27,0,cross_regime_pre2026_to_post2026,prevalence_baseline,0.14280300816518135
separacion:4368,2026-0004009,MT-A901,MT,2026-04-27,0,2026-05-27,0,cross_regime_pre2026_to_post2026,prevalence_baseline,0.14280300816518135
separacion:3954,2026-0001053,MT-A58,MT,2026-04-28,90,2026-05-28,0,cross_regime_pre2026_to_post2026,prevalence_baseline,0.14280300816518135
separacion:3956,2026-0001082,EEUU-D13,EEUU,2026-04-28,90,2026-05-28,0,cross_regime_pre2026_to_post2026,prevalence_baseline,0.14280300816518135
separacion:4106,2026-0002781,FX-E16,FX,2026-04-28,45,2026-05-28,0,cross_regime_pre2026_to_post2026,prevalence_baseline,0.14280300816518135
separacion:4300,2026-0003625,FX-1601,FX,2026-04-28,14,2026-05-28,0,cross_regime_pre2026_to_post2026,prevalence_baseline,0.14280300816518135
separacion:4301,2026-0003630,NP-A-E08,NP,2026-04-28,14,2026-05-28,0,cross_regime_pre2026_to_post2026,prevalence_baseline,0.14280300816518135
separacion:4336,2026-0003787,FX-603,FX,2026-04-28,7,2026-05-28,1,cross_regime_pre2026_to_post2026,prevalence_baseline,0.14280300816518135
separacion:4337,2026-0003807,CP-E60,CP,2026-04-28,7,2026-05-28,0,cross_regime_pre2026_to_post2026,prevalence_baseline,0.14280300816518135
separacion:4370,2026-0004112,NP-A-E06,NP,2026-04-28,0,2026-05-28,0,cross_regime_pre2026_to_post2026,prevalence_baseline,0.14280300816518135
separacion:4002,2026-0001591,MT-A09,MT,2026-04-29,75,2026-05-29,0,cross_regime_pre2026_to_post2026,prevalence_baseline,0.14280300816518135
separacion:4107,2026-0002813,GY-303,GY,2026-04-29,45,2026-05-29,0,cross_regime_pre2026_to_post2026,prevalence_baseline,0.14280300816518135
separacion:4109,2026-0002890,MT-A57,MT,2026-04-29,45,2026-05-29,1,cross_regime_pre2026_to_post2026,prevalence_baseline,0.14280300816518135
separacion:4202,2026-0003313,NP-A2203,NP,2026-04-29,30,2026-05-29,0,cross_regime_pre2026_to_post2026,prevalence_baseline,0.14280300816518135
separacion:4203,2026-0003315,NP-A2204,NP,2026-04-29,30,2026-05-29,0,cross_regime_pre2026_to_post2026,prevalence_baseline,0.14280300816518135
separacion:4343,2026-0003846,FX-E43,FX,2026-04-29,7,2026-05-29,0,cross_regime_pre2026_to_post2026,prevalence_baseline,0.14280300816518135
separacion:4345,2026-0003857,GY-801,GY,2026-04-29,7,2026-05-29,0,cross_regime_pre2026_to_post2026,prevalence_baseline,0.14280300816518135
separacion:4371,2026-0004020,NP-A1801,NP,2026-04-29,0,2026-05-29,0,cross_regime_pre2026_to_post2026,prevalence_baseline,0.14280300816518135
separacion:4377,2026-0004146,CP-B1108,CP,2026-04-29,0,2026-05-29,0,cross_regime_pre2026_to_post2026,prevalence_baseline,0.14280300816518135
separacion:4288,2026-0003484,MT-A27,MT,2026-04-30,21,2026-05-30,0,cross_regime_pre2026_to_post2026,prevalence_baseline,0.14280300816518135
separacion:4290,2026-0003499,MT-A45,MT,2026-04-30,21,2026-05-30,0,cross_regime_pre2026_to_post2026,prevalence_baseline,0.14280300816518135
separacion:4352,2026-0003901,EEUU-503,EEUU,2026-04-30,7,2026-05-30,0,cross_regime_pre2026_to_post2026,prevalence_baseline,0.14280300816518135
separacion:4384,2026-0004153,CP-B705,CP,2026-04-30,0,2026-05-30,0,cross_regime_pre2026_to_post2026,prevalence_baseline,0.14280300816518135
separacion:4385,2026-0004150,GY-201,GY,2026-04-30,0,2026-05-30,0,cross_regime_pre2026_to_post2026,prevalence_baseline,0.14280300816518135
separacion:4122,2026-0002991,GY-D7,GY,2026-05-01,45,2026-05-31,0,cross_regime_pre2026_to_post2026,prevalence_baseline,0.14280300816518135
separacion:4295,2026-0003502,SL-E7,SL,2026-05-01,21,2026-05-31,0,cross_regime_pre2026_to_post2026,prevalence_baseline,0.14280300816518135
separacion:4363,2026-0003941,GY-33,GY,2026-05-01,7,2026-05-31,0,cross_regime_pre2026_to_post2026,prevalence_baseline,0.14280300816518135
separacion:4389,2026-0004188,SL-E1,SL,2026-05-01,0,2026-05-31,0,cross_regime_pre2026_to_post2026,prevalence_baseline,0.14280300816518135
separacion:4131,2026-0003014,EEUU-E50,EEUU,2026-05-02,45,2026-06-01,0,cross_regime_pre2026_to_post2026,prevalence_baseline,0.14280300816518135
separacion:4365,2026-0003981,TZ-19,TZ,2026-05-02,7,2026-06-01,0,cross_regime_pre2026_to_post2026,prevalence_baseline,0.14280300816518135
separacion:4393,2026-0004251,CP-B507,CP,2026-05-02,0,2026-06-01,0,cross_regime_pre2026_to_post2026,prevalence_baseline,0.14280300816518135
separacion:4394,2026-0004235,FX-304,FX,2026-05-02,0,2026-06-01,0,cross_regime_pre2026_to_post2026,prevalence_baseline,0.14280300816518135
separacion:4395,2026-0004267,GY-605,GY,2026-05-02,0,2026-06-01,0,cross_regime_pre2026_to_post2026,prevalence_baseline,0.14280300816518135
separacion:4553,2026-0005356,NP-A-E161,NP,2026-05-02,0,2026-06-01,0,cross_regime_pre2026_to_post2026,prevalence_baseline,0.14280300816518135
separacion:4014,2026-0001698,EEUU-E48,EEUU,2026-05-03,75,2026-06-02,0,cross_regime_pre2026_to_post2026,prevalence_baseline,0.14280300816518135
separacion:4136,2026-0003041,MT-A04,MT,2026-05-03,45,2026-06-02,0,cross_regime_pre2026_to_post2026,prevalence_baseline,0.14280300816518135
separacion:4366,2026-0004062,NP-A2306,NP,2026-05-03,7,2026-06-02,0,cross_regime_pre2026_to_post2026,prevalence_baseline,0.14280300816518135
separacion:4140,2026-0003067,GY-14,GY,2026-05-04,45,2026-06-03,0,cross_regime_pre2026_to_post2026,prevalence_baseline,0.14280300816518135
separacion:4367,2026-0004067,TZ-50,TZ,2026-05-04,7,2026-06-03,0,cross_regime_pre2026_to_post2026,prevalence_baseline,0.14280300816518135
separacion:4400,2026-0004310,NP-A-E134,NP,2026-05-04,0,2026-06-03,0,cross_regime_pre2026_to_post2026,prevalence_baseline,0.14280300816518135
separacion:4401,2026-0004311,MD-1901,MD,2026-05-04,0,2026-06-03,0,cross_regime_pre2026_to_post2026,prevalence_baseline,0.14280300816518135
separacion:4026,2026-0001742,CP-E27,CP,2026-05-05,75,2026-06-04,0,cross_regime_pre2026_to_post2026,prevalence_baseline,0.14280300816518135
separacion:4301,2026-0003630,NP-A-E08,NP,2026-05-05,21,2026-06-04,0,cross_regime_pre2026_to_post2026,prevalence_baseline,0.14280300816518135
separacion:4336,2026-0003787,FX-603,FX,2026-05-05,14,2026-06-04,1,cross_regime_pre2026_to_post2026,prevalence_baseline,0.14280300816518135
separacion:4337,2026-0003807,CP-E60,CP,2026-05-05,14,2026-06-04,0,cross_regime_pre2026_to_post2026,prevalence_baseline,0.14280300816518135
separacion:4370,2026-0004112,NP-A-E06,NP,2026-05-05,7,2026-06-04,0,cross_regime_pre2026_to_post2026,prevalence_baseline,0.14280300816518135
separacion:4402,2026-0004319,MD-1803,MD,2026-05-05,0,2026-06-04,0,cross_regime_pre2026_to_post2026,prevalence_baseline,0.14280300816518135
separacion:4403,2026-0004320,MD-E97,MD,2026-05-05,0,2026-06-04,0,cross_regime_pre2026_to_post2026,prevalence_baseline,0.14280300816518135
separacion:4405,2026-0004331,NP-A1501,NP,2026-05-05,0,2026-06-04,0,cross_regime_pre2026_to_post2026,prevalence_baseline,0.14280300816518135
separacion:4407,2026-0004338,NP-A2210,NP,2026-05-05,0,2026-06-04,0,cross_regime_pre2026_to_post2026,prevalence_baseline,0.14280300816518135
separacion:4148,2026-0003118,GY-43,GY,2026-05-06,45,2026-06-05,0,cross_regime_pre2026_to_post2026,prevalence_baseline,0.14280300816518135
separacion:4150,2026-0003125,NP-A1304,NP,2026-05-06,45,2026-06-05,1,cross_regime_pre2026_to_post2026,prevalence_baseline,0.14280300816518135
separacion:4210,2026-0003409,SL-E4,SL,2026-05-06,30,2026-06-05,0,cross_regime_pre2026_to_post2026,prevalence_baseline,0.14280300816518135
separacion:4213,2026-0003412,MT-A54,MT,2026-05-06,30,2026-06-05,0,cross_regime_pre2026_to_post2026,prevalence_baseline,0.14280300816518135
separacion:4216,2026-0003420,CP-E87,CP,2026-05-06,30,2026-06-05,0,cross_regime_pre2026_to_post2026,prevalence_baseline,0.14280300816518135
separacion:4343,2026-0003846,FX-E43,FX,2026-05-06,14,2026-06-05,0,cross_regime_pre2026_to_post2026,prevalence_baseline,0.14280300816518135
separacion:4345,2026-0003857,GY-801,GY,2026-05-06,14,2026-06-05,0,cross_regime_pre2026_to_post2026,prevalence_baseline,0.14280300816518135
separacion:4408,2026-0004330,SL-1308,SL,2026-05-06,0,2026-06-05,0,cross_regime_pre2026_to_post2026,prevalence_baseline,0.14280300816518135
separacion:4409,2026-0004351,SL-E47,SL,2026-05-06,0,2026-06-05,0,cross_regime_pre2026_to_post2026,prevalence_baseline,0.14280300816518135
separacion:4413,2026-0004374,MT-B24,MT,2026-05-06,0,2026-06-05,0,cross_regime_pre2026_to_post2026,prevalence_baseline,0.14280300816518135
separacion:4153,2026-0003145,GY-27,GY,2026-05-07,45,2026-06-06,0,cross_regime_pre2026_to_post2026,prevalence_baseline,0.14280300816518135
separacion:4352,2026-0003901,EEUU-503,EEUU,2026-05-07,14,2026-06-06,0,cross_regime_pre2026_to_post2026,prevalence_baseline,0.14280300816518135
separacion:4384,2026-0004153,CP-B705,CP,2026-05-07,7,2026-06-06,0,cross_regime_pre2026_to_post2026,prevalence_baseline,0.14280300816518135
separacion:4385,2026-0004150,GY-201,GY,2026-05-07,7,2026-06-06,0,cross_regime_pre2026_to_post2026,prevalence_baseline,0.14280300816518135
separacion:4415,2026-0004385,EEUU-1404,EEUU,2026-05-07,0,2026-06-06,0,cross_regime_pre2026_to_post2026,prevalence_baseline,0.14280300816518135
separacion:4416,2026-0004370,TZ-106,TZ,2026-05-07,0,2026-06-06,0,cross_regime_pre2026_to_post2026,prevalence_baseline,0.14280300816518135
separacion:4417,2026-0004387,FX-405,FX,2026-05-07,0,2026-06-06,0,cross_regime_pre2026_to_post2026,prevalence_baseline,0.14280300816518135
separacion:4163,2026-0003190,MD-E18,MD,2026-05-08,45,2026-06-07,0,cross_regime_pre2026_to_post2026,prevalence_baseline,0.14280300816518135
separacion:4363,2026-0003941,GY-33,GY,2026-05-08,14,2026-06-07,0,cross_regime_pre2026_to_post2026,prevalence_baseline,0.14280300816518135
separacion:4389,2026-0004188,SL-E1,SL,2026-05-08,7,2026-06-07,0,cross_regime_pre2026_to_post2026,prevalence_baseline,0.14280300816518135
separacion:4040,2026-0001859,TZ-17,TZ,2026-05-09,75,2026-06-08,0,cross_regime_pre2026_to_post2026,prevalence_baseline,0.14280300816518135
separacion:4164,2026-0003197,NP-A-E19,NP,2026-05-09,45,2026-06-08,0,cross_regime_pre2026_to_post2026,prevalence_baseline,0.14280300816518135
separacion:4288,2026-0003484,MT-A27,MT,2026-05-09,30,2026-06-08,0,cross_regime_pre2026_to_post2026,prevalence_baseline,0.14280300816518135
separacion:4290,2026-0003499,MT-A45,MT,2026-05-09,30,2026-06-08,0,cross_regime_pre2026_to_post2026,prevalence_baseline,0.14280300816518135
separacion:4365,2026-0003981,TZ-19,TZ,2026-05-09,14,2026-06-08,0,cross_regime_pre2026_to_post2026,prevalence_baseline,0.14280300816518135
separacion:4393,2026-0004251,CP-B507,CP,2026-05-09,7,2026-06-08,0,cross_regime_pre2026_to_post2026,prevalence_baseline,0.14280300816518135
separacion:4394,2026-0004235,FX-304,FX,2026-05-09,7,2026-06-08,0,cross_regime_pre2026_to_post2026,prevalence_baseline,0.14280300816518135
separacion:4395,2026-0004267,GY-605,GY,2026-05-09,7,2026-06-08,0,cross_regime_pre2026_to_post2026,prevalence_baseline,0.14280300816518135
separacion:4422,2026-0004435,NP-A1810,NP,2026-05-09,0,2026-06-08,0,cross_regime_pre2026_to_post2026,prevalence_baseline,0.14280300816518135
separacion:4423,2026-0004300,MT-B1303,MT,2026-05-09,0,2026-06-08,0,cross_regime_pre2026_to_post2026,prevalence_baseline,0.14280300816518135
separacion:4553,2026-0005356,NP-A-E161,NP,2026-05-09,7,2026-06-08,0,cross_regime_pre2026_to_post2026,prevalence_baseline,0.14280300816518135
separacion:4166,2026-0003221,CP-E52,CP,2026-05-10,45,2026-06-09,0,cross_regime_pre2026_to_post2026,prevalence_baseline,0.14280300816518135
separacion:4295,2026-0003502,SL-E7,SL,2026-05-10,30,2026-06-09,0,cross_regime_pre2026_to_post2026,prevalence_baseline,0.14280300816518135
separacion:4366,2026-0004062,NP-A2306,NP,2026-05-10,14,2026-06-09,0,cross_regime_pre2026_to_post2026,prevalence_baseline,0.14280300816518135
separacion:4424,2026-0004451,SL-903,SL,2026-05-10,0,2026-06-09,0,cross_regime_pre2026_to_post2026,prevalence_baseline,0.14280300816518135
separacion:4088,2026-0002498,NP-A1601,NP,2026-05-11,60,2026-06-10,0,cross_regime_pre2026_to_post2026,prevalence_baseline,0.14280300816518135
separacion:4089,2026-0002499,NP-A1603,NP,2026-05-11,60,2026-06-10,0,cross_regime_pre2026_to_post2026,prevalence_baseline,0.14280300816518135
separacion:4191,2026-0003242,NP-A2005,NP,2026-05-11,45,2026-06-10,0,cross_regime_pre2026_to_post2026,prevalence_baseline,0.14280300816518135
separacion:4367,2026-0004067,TZ-50,TZ,2026-05-11,14,2026-06-10,0,cross_regime_pre2026_to_post2026,prevalence_baseline,0.14280300816518135
separacion:4400,2026-0004310,NP-A-E134,NP,2026-05-11,7,2026-06-10,0,cross_regime_pre2026_to_post2026,prevalence_baseline,0.14280300816518135
separacion:4401,2026-0004311,MD-1901,MD,2026-05-11,7,2026-06-10,0,cross_regime_pre2026_to_post2026,prevalence_baseline,0.14280300816518135
separacion:4427,2026-0004436,SL-808,SL,2026-05-11,0,2026-06-10,0,cross_regime_pre2026_to_post2026,prevalence_baseline,0.14280300816518135
separacion:4192,2026-0003243,CP-B1306,CP,2026-05-12,45,2026-06-11,0,cross_regime_pre2026_to_post2026,prevalence_baseline,0.14280300816518135
separacion:4193,2026-0003246,NP-A-E138,NP,2026-05-12,45,2026-06-11,0,cross_regime_pre2026_to_post2026,prevalence_baseline,0.14280300816518135
separacion:4337,2026-0003807,CP-E60,CP,2026-05-12,21,2026-06-11,0,cross_regime_pre2026_to_post2026,prevalence_baseline,0.14280300816518135
separacion:4370,2026-0004112,NP-A-E06,NP,2026-05-12,14,2026-06-11,0,cross_regime_pre2026_to_post2026,prevalence_baseline,0.14280300816518135
separacion:4402,2026-0004319,MD-1803,MD,2026-05-12,7,2026-06-11,0,cross_regime_pre2026_to_post2026,prevalence_baseline,0.14280300816518135
separacion:4403,2026-0004320,MD-E97,MD,2026-05-12,7,2026-06-11,0,cross_regime_pre2026_to_post2026,prevalence_baseline,0.14280300816518135
separacion:4407,2026-0004338,NP-A2210,NP,2026-05-12,7,2026-06-11,0,cross_regime_pre2026_to_post2026,prevalence_baseline,0.14280300816518135
separacion:4451,2026-0004523,NP-A-E154,NP,2026-05-12,0,2026-06-11,0,cross_regime_pre2026_to_post2026,prevalence_baseline,0.14280300816518135
separacion:4106,2026-0002781,FX-E16,FX,2026-05-13,60,2026-06-12,0,cross_regime_pre2026_to_post2026,prevalence_baseline,0.14280300816518135
separacion:4343,2026-0003846,FX-E43,FX,2026-05-13,21,2026-06-12,0,cross_regime_pre2026_to_post2026,prevalence_baseline,0.14280300816518135
separacion:4345,2026-0003857,GY-801,GY,2026-05-13,21,2026-06-12,0,cross_regime_pre2026_to_post2026,prevalence_baseline,0.14280300816518135
separacion:4408,2026-0004330,SL-1308,SL,2026-05-13,7,2026-06-12,0,cross_regime_pre2026_to_post2026,prevalence_baseline,0.14280300816518135
separacion:4409,2026-0004351,SL-E47,SL,2026-05-13,7,2026-06-12,0,cross_regime_pre2026_to_post2026,prevalence_baseline,0.14280300816518135
separacion:4413,2026-0004374,MT-B24,MT,2026-05-13,7,2026-06-12,0,cross_regime_pre2026_to_post2026,prevalence_baseline,0.14280300816518135
separacion:4452,2026-0004527,SL-207,SL,2026-05-13,0,2026-06-12,0,cross_regime_pre2026_to_post2026,prevalence_baseline,0.14280300816518135
separacion:4107,2026-0002813,GY-303,GY,2026-05-14,60,2026-06-13,0,cross_regime_pre2026_to_post2026,prevalence_baseline,0.14280300816518135
separacion:4109,2026-0002890,MT-A57,MT,2026-05-14,60,2026-06-13,1,cross_regime_pre2026_to_post2026,prevalence_baseline,0.14280300816518135
separacion:4202,2026-0003313,NP-A2203,NP,2026-05-14,45,2026-06-13,0,cross_regime_pre2026_to_post2026,prevalence_baseline,0.14280300816518135
separacion:4203,2026-0003315,NP-A2204,NP,2026-05-14,45,2026-06-13,0,cross_regime_pre2026_to_post2026,prevalence_baseline,0.14280300816518135
separacion:4301,2026-0003630,NP-A-E08,NP,2026-05-14,30,2026-06-13,0,cross_regime_pre2026_to_post2026,prevalence_baseline,0.14280300816518135
separacion:4352,2026-0003901,EEUU-503,EEUU,2026-05-14,21,2026-06-13,0,cross_regime_pre2026_to_post2026,prevalence_baseline,0.14280300816518135
separacion:4384,2026-0004153,CP-B705,CP,2026-05-14,14,2026-06-13,1,cross_regime_pre2026_to_post2026,prevalence_baseline,0.14280300816518135
separacion:4385,2026-0004150,GY-201,GY,2026-05-14,14,2026-06-13,0,cross_regime_pre2026_to_post2026,prevalence_baseline,0.14280300816518135
separacion:4415,2026-0004385,EEUU-1404,EEUU,2026-05-14,7,2026-06-13,0,cross_regime_pre2026_to_post2026,prevalence_baseline,0.14280300816518135
separacion:4455,2026-0004548,NP-A1901,NP,2026-05-14,0,2026-06-13,0,cross_regime_pre2026_to_post2026,prevalence_baseline,0.14280300816518135
separacion:4457,2026-0004561,MT-B28,MT,2026-05-14,0,2026-06-13,0,cross_regime_pre2026_to_post2026,prevalence_baseline,0.14280300816518135
separacion:4363,2026-0003941,GY-33,GY,2026-05-15,21,2026-06-14,0,cross_regime_pre2026_to_post2026,prevalence_baseline,0.14280300816518135
separacion:4389,2026-0004188,SL-E1,SL,2026-05-15,14,2026-06-14,0,cross_regime_pre2026_to_post2026,prevalence_baseline,0.14280300816518135
separacion:4463,2026-0004597,TZ-40,TZ,2026-05-15,0,2026-06-14,0,cross_regime_pre2026_to_post2026,prevalence_baseline,0.14280300816518135
separacion:4464,2026-0004616,TZ-43,TZ,2026-05-15,0,2026-06-14,0,cross_regime_pre2026_to_post2026,prevalence_baseline,0.14280300816518135
separacion:4122,2026-0002991,GY-D7,GY,2026-05-16,60,2026-06-15,0,cross_regime_pre2026_to_post2026,prevalence_baseline,0.14280300816518135
separacion:4365,2026-0003981,TZ-19,TZ,2026-05-16,21,2026-06-15,0,cross_regime_pre2026_to_post2026,prevalence_baseline,0.14280300816518135
separacion:4393,2026-0004251,CP-B507,CP,2026-05-16,14,2026-06-15,0,cross_regime_pre2026_to_post2026,prevalence_baseline,0.14280300816518135
separacion:4394,2026-0004235,FX-304,FX,2026-05-16,14,2026-06-15,0,cross_regime_pre2026_to_post2026,prevalence_baseline,0.14280300816518135
separacion:4422,2026-0004435,NP-A1810,NP,2026-05-16,7,2026-06-15,0,cross_regime_pre2026_to_post2026,prevalence_baseline,0.14280300816518135
separacion:4423,2026-0004300,MT-B1303,MT,2026-05-16,7,2026-06-15,0,cross_regime_pre2026_to_post2026,prevalence_baseline,0.14280300816518135
separacion:4466,2026-0004655,NP-A1506,NP,2026-05-16,0,2026-06-15,0,cross_regime_pre2026_to_post2026,prevalence_baseline,0.14280300816518135
separacion:4468,2026-0004668,EEUU-203,EEUU,2026-05-16,0,2026-06-15,1,cross_regime_pre2026_to_post2026,prevalence_baseline,0.14280300816518135
separacion:4471,2026-0004712,FX-402,FX,2026-05-16,0,2026-06-15,1,cross_regime_pre2026_to_post2026,prevalence_baseline,0.14280300816518135
separacion:4553,2026-0005356,NP-A-E161,NP,2026-05-16,14,2026-06-15,0,cross_regime_pre2026_to_post2026,prevalence_baseline,0.14280300816518135
separacion:4131,2026-0003014,EEUU-E50,EEUU,2026-05-17,60,2026-06-16,0,cross_regime_pre2026_to_post2026,prevalence_baseline,0.14280300816518135
separacion:4366,2026-0004062,NP-A2306,NP,2026-05-17,21,2026-06-16,0,cross_regime_pre2026_to_post2026,prevalence_baseline,0.14280300816518135
separacion:4424,2026-0004451,SL-903,SL,2026-05-17,7,2026-06-16,0,cross_regime_pre2026_to_post2026,prevalence_baseline,0.14280300816518135
separacion:4472,2026-0004699,SL-908,SL,2026-05-17,0,2026-06-16,0,cross_regime_pre2026_to_post2026,prevalence_baseline,0.14280300816518135
separacion:4473,2026-0004716,NP-A2707,NP,2026-05-17,0,2026-06-16,0,cross_regime_pre2026_to_post2026,prevalence_baseline,0.14280300816518135
separacion:4474,2026-0004773,SL-1006,SL,2026-05-17,0,2026-06-16,0,cross_regime_pre2026_to_post2026,prevalence_baseline,0.14280300816518135
separacion:4475,2026-0004774,SL-406,SL,2026-05-17,0,2026-06-16,0,cross_regime_pre2026_to_post2026,prevalence_baseline,0.14280300816518135
separacion:4477,2026-0004791,SL-1302,SL,2026-05-17,0,2026-06-16,0,cross_regime_pre2026_to_post2026,prevalence_baseline,0.14280300816518135
separacion:4478,2026-0004831,SL-1506,SL,2026-05-17,0,2026-06-16,0,cross_regime_pre2026_to_post2026,prevalence_baseline,0.14280300816518135
separacion:4479,2026-0004836,GY-1603,GY,2026-05-17,0,2026-06-16,0,cross_regime_pre2026_to_post2026,prevalence_baseline,0.14280300816518135
separacion:4480,2026-0004850,MD-1403,MD,2026-05-17,0,2026-06-16,0,cross_regime_pre2026_to_post2026,prevalence_baseline,0.14280300816518135
separacion:4481,2026-0004572,FX-901,FX,2026-05-17,0,2026-06-16,1,cross_regime_pre2026_to_post2026,prevalence_baseline,0.14280300816518135
separacion:4482,2026-0004857,NP-A1008,NP,2026-05-17,0,2026-06-16,1,cross_regime_pre2026_to_post2026,prevalence_baseline,0.14280300816518135
separacion:4483,2026-0004861,NP-A2608,NP,2026-05-17,0,2026-06-16,0,cross_regime_pre2026_to_post2026,prevalence_baseline,0.14280300816518135
separacion:4136,2026-0003041,MT-A04,MT,2026-05-18,60,2026-06-17,0,cross_regime_pre2026_to_post2026,prevalence_baseline,0.14280300816518135
separacion:4367,2026-0004067,TZ-50,TZ,2026-05-18,21,2026-06-17,0,cross_regime_pre2026_to_post2026,prevalence_baseline,0.14280300816518135
separacion:4400,2026-0004310,NP-A-E134,NP,2026-05-18,14,2026-06-17,0,cross_regime_pre2026_to_post2026,prevalence_baseline,0.14280300816518135
separacion:4427,2026-0004436,SL-808,SL,2026-05-18,7,2026-06-17,0,cross_regime_pre2026_to_post2026,prevalence_baseline,0.14280300816518135
separacion:4484,2026-0004638,CP-E18,CP,2026-05-18,0,2026-06-17,0,cross_regime_pre2026_to_post2026,prevalence_baseline,0.14280300816518135
separacion:4486,2026-0004887,MT-A701,MT,2026-05-18,0,2026-06-17,0,cross_regime_pre2026_to_post2026,prevalence_baseline,0.14280300816518135
separacion:4495,2026-0004886,NP-A904,NP,2026-05-18,0,2026-06-17,0,cross_regime_pre2026_to_post2026,prevalence_baseline,0.14280300816518135
separacion:4498,2026-0004746,NP-A2706,NP,2026-05-18,0,2026-06-17,0,cross_regime_pre2026_to_post2026,prevalence_baseline,0.14280300816518135
separacion:4140,2026-0003067,GY-14,GY,2026-05-19,60,2026-06-18,0,cross_regime_pre2026_to_post2026,prevalence_baseline,0.14280300816518135
separacion:4370,2026-0004112,NP-A-E06,NP,2026-05-19,21,2026-06-18,0,cross_regime_pre2026_to_post2026,prevalence_baseline,0.14280300816518135
separacion:4403,2026-0004320,MD-E97,MD,2026-05-19,14,2026-06-18,0,cross_regime_pre2026_to_post2026,prevalence_baseline,0.14280300816518135
separacion:4407,2026-0004338,NP-A2210,NP,2026-05-19,14,2026-06-18,0,cross_regime_pre2026_to_post2026,prevalence_baseline,0.14280300816518135
separacion:4451,2026-0004523,NP-A-E154,NP,2026-05-19,7,2026-06-18,0,cross_regime_pre2026_to_post2026,prevalence_baseline,0.14280300816518135
separacion:4502,2026-0004895,NP-A802,NP,2026-05-19,0,2026-06-18,0,cross_regime_pre2026_to_post2026,prevalence_baseline,0.14280300816518135
separacion:4409,2026-0004351,SL-E47,SL,2026-05-20,14,2026-06-19,0,cross_regime_pre2026_to_post2026,prevalence_baseline,0.14280300816518135
separacion:4413,2026-0004374,MT-B24,MT,2026-05-20,14,2026-06-19,0,cross_regime_pre2026_to_post2026,prevalence_baseline,0.14280300816518135
separacion:4452,2026-0004527,SL-207,SL,2026-05-20,7,2026-06-19,0,cross_regime_pre2026_to_post2026,prevalence_baseline,0.14280300816518135
separacion:4505,2026-0004947,MT-A1002,MT,2026-05-20,0,2026-06-19,0,cross_regime_pre2026_to_post2026,prevalence_baseline,0.14280300816518135
separacion:4148,2026-0003118,GY-43,GY,2026-05-21,60,2026-06-20,0,cross_regime_pre2026_to_post2026,prevalence_baseline,0.14280300816518135
separacion:4210,2026-0003409,SL-E4,SL,2026-05-21,45,2026-06-20,0,cross_regime_pre2026_to_post2026,prevalence_baseline,0.14280300816518135
separacion:4213,2026-0003412,MT-A54,MT,2026-05-21,45,2026-06-20,0,cross_regime_pre2026_to_post2026,prevalence_baseline,0.14280300816518135
separacion:4216,2026-0003420,CP-E87,CP,2026-05-21,45,2026-06-20,0,cross_regime_pre2026_to_post2026,prevalence_baseline,0.14280300816518135
separacion:4337,2026-0003807,CP-E60,CP,2026-05-21,30,2026-06-20,0,cross_regime_pre2026_to_post2026,prevalence_baseline,0.14280300816518135
separacion:4384,2026-0004153,CP-B705,CP,2026-05-21,21,2026-06-20,1,cross_regime_pre2026_to_post2026,prevalence_baseline,0.14280300816518135
separacion:4385,2026-0004150,GY-201,GY,2026-05-21,21,2026-06-20,0,cross_regime_pre2026_to_post2026,prevalence_baseline,0.14280300816518135
separacion:4415,2026-0004385,EEUU-1404,EEUU,2026-05-21,14,2026-06-20,0,cross_regime_pre2026_to_post2026,prevalence_baseline,0.14280300816518135
separacion:4455,2026-0004548,NP-A1901,NP,2026-05-21,7,2026-06-20,0,cross_regime_pre2026_to_post2026,prevalence_baseline,0.14280300816518135
separacion:4457,2026-0004561,MT-B28,MT,2026-05-21,7,2026-06-20,0,cross_regime_pre2026_to_post2026,prevalence_baseline,0.14280300816518135
separacion:4508,2026-0004899,FX-605,FX,2026-05-21,0,2026-06-20,0,cross_regime_pre2026_to_post2026,prevalence_baseline,0.14280300816518135
separacion:4153,2026-0003145,GY-27,GY,2026-05-22,60,2026-06-21,0,cross_regime_pre2026_to_post2026,prevalence_baseline,0.14280300816518135
separacion:4343,2026-0003846,FX-E43,FX,2026-05-22,30,2026-06-21,0,cross_regime_pre2026_to_post2026,prevalence_baseline,0.14280300816518135
separacion:4345,2026-0003857,GY-801,GY,2026-05-22,30,2026-06-21,0,cross_regime_pre2026_to_post2026,prevalence_baseline,0.14280300816518135
separacion:4389,2026-0004188,SL-E1,SL,2026-05-22,21,2026-06-21,0,cross_regime_pre2026_to_post2026,prevalence_baseline,0.14280300816518135
separacion:4463,2026-0004597,TZ-40,TZ,2026-05-22,7,2026-06-21,0,cross_regime_pre2026_to_post2026,prevalence_baseline,0.14280300816518135
separacion:4464,2026-0004616,TZ-43,TZ,2026-05-22,7,2026-06-21,0,cross_regime_pre2026_to_post2026,prevalence_baseline,0.14280300816518135
separacion:4511,2026-0004992,CP-B1207,CP,2026-05-22,0,2026-06-21,0,cross_regime_pre2026_to_post2026,prevalence_baseline,0.14280300816518135
separacion:4163,2026-0003190,MD-E18,MD,2026-05-23,60,2026-06-22,0,cross_regime_pre2026_to_post2026,prevalence_baseline,0.14280300816518135
separacion:4352,2026-0003901,EEUU-503,EEUU,2026-05-23,30,2026-06-22,1,cross_regime_pre2026_to_post2026,prevalence_baseline,0.14280300816518135
separacion:4394,2026-0004235,FX-304,FX,2026-05-23,21,2026-06-22,0,cross_regime_pre2026_to_post2026,prevalence_baseline,0.14280300816518135
separacion:4468,2026-0004668,EEUU-203,EEUU,2026-05-23,7,2026-06-22,1,cross_regime_pre2026_to_post2026,prevalence_baseline,0.14280300816518135
separacion:4512,2026-0004858,SL-1008,SL,2026-05-23,0,2026-06-22,0,cross_regime_pre2026_to_post2026,prevalence_baseline,0.14280300816518135
separacion:4553,2026-0005356,NP-A-E161,NP,2026-05-23,21,2026-06-22,0,cross_regime_pre2026_to_post2026,prevalence_baseline,0.14280300816518135
separacion:4164,2026-0003197,NP-A-E19,NP,2026-05-24,60,2026-06-23,0,cross_regime_pre2026_to_post2026,prevalence_baseline,0.14280300816518135
separacion:4288,2026-0003484,MT-A27,MT,2026-05-24,45,2026-06-23,0,cross_regime_pre2026_to_post2026,prevalence_baseline,0.14280300816518135
separacion:4290,2026-0003499,MT-A45,MT,2026-05-24,45,2026-06-23,0,cross_regime_pre2026_to_post2026,prevalence_baseline,0.14280300816518135
separacion:4363,2026-0003941,GY-33,GY,2026-05-24,30,2026-06-23,0,cross_regime_pre2026_to_post2026,prevalence_baseline,0.14280300816518135
separacion:4424,2026-0004451,SL-903,SL,2026-05-24,14,2026-06-23,0,cross_regime_pre2026_to_post2026,prevalence_baseline,0.14280300816518135
separacion:4472,2026-0004699,SL-908,SL,2026-05-24,7,2026-06-23,0,cross_regime_pre2026_to_post2026,prevalence_baseline,0.14280300816518135
separacion:4474,2026-0004773,SL-1006,SL,2026-05-24,7,2026-06-23,0,cross_regime_pre2026_to_post2026,prevalence_baseline,0.14280300816518135
separacion:4475,2026-0004774,SL-406,SL,2026-05-24,7,2026-06-23,0,cross_regime_pre2026_to_post2026,prevalence_baseline,0.14280300816518135
separacion:4477,2026-0004791,SL-1302,SL,2026-05-24,7,2026-06-23,0,cross_regime_pre2026_to_post2026,prevalence_baseline,0.14280300816518135
separacion:4479,2026-0004836,GY-1603,GY,2026-05-24,7,2026-06-23,0,cross_regime_pre2026_to_post2026,prevalence_baseline,0.14280300816518135
separacion:4480,2026-0004850,MD-1403,MD,2026-05-24,7,2026-06-23,1,cross_regime_pre2026_to_post2026,prevalence_baseline,0.14280300816518135
separacion:4483,2026-0004861,NP-A2608,NP,2026-05-24,7,2026-06-23,0,cross_regime_pre2026_to_post2026,prevalence_baseline,0.14280300816518135
separacion:4166,2026-0003221,CP-E52,CP,2026-05-25,60,2026-06-24,0,cross_regime_pre2026_to_post2026,prevalence_baseline,0.14280300816518135
separacion:4295,2026-0003502,SL-E7,SL,2026-05-25,45,2026-06-24,0,cross_regime_pre2026_to_post2026,prevalence_baseline,0.14280300816518135
separacion:4365,2026-0003981,TZ-19,TZ,2026-05-25,30,2026-06-24,0,cross_regime_pre2026_to_post2026,prevalence_baseline,0.14280300816518135
separacion:4400,2026-0004310,NP-A-E134,NP,2026-05-25,21,2026-06-24,0,cross_regime_pre2026_to_post2026,prevalence_baseline,0.14280300816518135
separacion:4427,2026-0004436,SL-808,SL,2026-05-25,14,2026-06-24,0,cross_regime_pre2026_to_post2026,prevalence_baseline,0.14280300816518135
separacion:4484,2026-0004638,CP-E18,CP,2026-05-25,7,2026-06-24,0,cross_regime_pre2026_to_post2026,prevalence_baseline,0.14280300816518135
separacion:4486,2026-0004887,MT-A701,MT,2026-05-25,7,2026-06-24,0,cross_regime_pre2026_to_post2026,prevalence_baseline,0.14280300816518135
separacion:4495,2026-0004886,NP-A904,NP,2026-05-25,7,2026-06-24,0,cross_regime_pre2026_to_post2026,prevalence_baseline,0.14280300816518135
separacion:4498,2026-0004746,NP-A2706,NP,2026-05-25,7,2026-06-24,0,cross_regime_pre2026_to_post2026,prevalence_baseline,0.14280300816518135
separacion:4513,2026-0004955,MT-A1206,MT,2026-05-25,0,2026-06-24,0,cross_regime_pre2026_to_post2026,prevalence_baseline,0.14280300816518135
separacion:4191,2026-0003242,NP-A2005,NP,2026-05-26,60,2026-06-25,1,cross_regime_pre2026_to_post2026,prevalence_baseline,0.14280300816518135
separacion:4403,2026-0004320,MD-E97,MD,2026-05-26,21,2026-06-25,0,cross_regime_pre2026_to_post2026,prevalence_baseline,0.14280300816518135
separacion:4451,2026-0004523,NP-A-E154,NP,2026-05-26,14,2026-06-25,0,cross_regime_pre2026_to_post2026,prevalence_baseline,0.14280300816518135
separacion:4528,2026-0005078,SL-1206,SL,2026-05-26,0,2026-06-25,0,cross_regime_pre2026_to_post2026,prevalence_baseline,0.14280300816518135
separacion:4192,2026-0003243,CP-B1306,CP,2026-05-27,60,2026-06-26,0,cross_regime_pre2026_to_post2026,prevalence_baseline,0.14280300816518135
separacion:4193,2026-0003246,NP-A-E138,NP,2026-05-27,60,2026-06-26,0,cross_regime_pre2026_to_post2026,prevalence_baseline,0.14280300816518135
separacion:4367,2026-0004067,TZ-50,TZ,2026-05-27,30,2026-06-26,0,cross_regime_pre2026_to_post2026,prevalence_baseline,0.14280300816518135
separacion:4409,2026-0004351,SL-E47,SL,2026-05-27,21,2026-06-26,0,cross_regime_pre2026_to_post2026,prevalence_baseline,0.14280300816518135
separacion:4413,2026-0004374,MT-B24,MT,2026-05-27,21,2026-06-26,0,cross_regime_pre2026_to_post2026,prevalence_baseline,0.14280300816518135
separacion:4532,2026-0005086,NP-A2807,NP,2026-05-27,0,2026-06-26,0,cross_regime_pre2026_to_post2026,prevalence_baseline,0.14280300816518135
separacion:4106,2026-0002781,FX-E16,FX,2026-05-28,75,2026-06-27,0,cross_regime_pre2026_to_post2026,prevalence_baseline,0.14280300816518135
separacion:4370,2026-0004112,NP-A-E06,NP,2026-05-28,30,2026-06-27,0,cross_regime_pre2026_to_post2026,prevalence_baseline,0.14280300816518135
separacion:4455,2026-0004548,NP-A1901,NP,2026-05-28,14,2026-06-27,0,cross_regime_pre2026_to_post2026,prevalence_baseline,0.14280300816518135
separacion:4457,2026-0004561,MT-B28,MT,2026-05-28,14,2026-06-27,0,cross_regime_pre2026_to_post2026,prevalence_baseline,0.14280300816518135
separacion:4107,2026-0002813,GY-303,GY,2026-05-29,75,2026-06-28,1,cross_regime_pre2026_to_post2026,prevalence_baseline,0.14280300816518135
separacion:4202,2026-0003313,NP-A2203,NP,2026-05-29,60,2026-06-28,0,cross_regime_pre2026_to_post2026,prevalence_baseline,0.14280300816518135
separacion:4203,2026-0003315,NP-A2204,NP,2026-05-29,60,2026-06-28,0,cross_regime_pre2026_to_post2026,prevalence_baseline,0.14280300816518135
separacion:4301,2026-0003630,NP-A-E08,NP,2026-05-29,45,2026-06-28,0,cross_regime_pre2026_to_post2026,prevalence_baseline,0.14280300816518135
separacion:4463,2026-0004597,TZ-40,TZ,2026-05-29,14,2026-06-28,0,cross_regime_pre2026_to_post2026,prevalence_baseline,0.14280300816518135
separacion:4464,2026-0004616,TZ-43,TZ,2026-05-29,14,2026-06-28,0,cross_regime_pre2026_to_post2026,prevalence_baseline,0.14280300816518135
separacion:4542,2026-0005156,NP-A2601,NP,2026-05-29,0,2026-06-28,1,cross_regime_pre2026_to_post2026,prevalence_baseline,0.14280300816518135
separacion:4384,2026-0004153,CP-B705,CP,2026-05-30,30,2026-06-29,1,cross_regime_pre2026_to_post2026,prevalence_baseline,0.14280300816518135
separacion:4468,2026-0004668,EEUU-203,EEUU,2026-05-30,14,2026-06-29,1,cross_regime_pre2026_to_post2026,prevalence_baseline,0.14280300816518135
separacion:4544,2026-0005233,NP-A2104,NP,2026-05-30,0,2026-06-29,0,cross_regime_pre2026_to_post2026,prevalence_baseline,0.14280300816518135
separacion:4122,2026-0002991,GY-D7,GY,2026-05-31,75,2026-06-30,0,cross_regime_pre2026_to_post2026,prevalence_baseline,0.14280300816518135
separacion:4389,2026-0004188,SL-E1,SL,2026-05-31,30,2026-06-30,0,cross_regime_pre2026_to_post2026,prevalence_baseline,0.14280300816518135
separacion:4479,2026-0004836,GY-1603,GY,2026-05-31,14,2026-06-30,0,cross_regime_pre2026_to_post2026,prevalence_baseline,0.14280300816518135
separacion:4480,2026-0004850,MD-1403,MD,2026-05-31,14,2026-06-30,1,cross_regime_pre2026_to_post2026,prevalence_baseline,0.14280300816518135
separacion:4546,2026-0005276,NP-A-E158,NP,2026-05-31,0,2026-06-30,1,cross_regime_pre2026_to_post2026,prevalence_baseline,0.14280300816518135
separacion:4547,2026-0005274,NP-A2102,NP,2026-05-31,0,2026-06-30,0,cross_regime_pre2026_to_post2026,prevalence_baseline,0.14280300816518135
separacion:4131,2026-0003014,EEUU-E50,EEUU,2026-06-01,75,2026-07-01,0,cross_regime_pre2026_to_post2026,prevalence_baseline,0.14280300816518135
separacion:4484,2026-0004638,CP-E18,CP,2026-06-01,14,2026-07-01,0,cross_regime_pre2026_to_post2026,prevalence_baseline,0.14280300816518135
separacion:4553,2026-0005356,NP-A-E161,NP,2026-06-01,30,2026-07-01,0,cross_regime_pre2026_to_post2026,prevalence_baseline,0.14280300816518135
separacion:4136,2026-0003041,MT-A04,MT,2026-06-02,75,2026-07-02,0,cross_regime_pre2026_to_post2026,prevalence_baseline,0.14280300816518135
separacion:4451,2026-0004523,NP-A-E154,NP,2026-06-02,21,2026-07-02,0,cross_regime_pre2026_to_post2026,prevalence_baseline,0.14280300816518135
separacion:4528,2026-0005078,SL-1206,SL,2026-06-02,7,2026-07-02,0,cross_regime_pre2026_to_post2026,prevalence_baseline,0.14280300816518135
separacion:4551,2026-0005345,MD-1202,MD,2026-06-02,0,2026-07-02,0,cross_regime_pre2026_to_post2026,prevalence_baseline,0.14280300816518135
separacion:4554,2026-0005178,MT-B1202,MT,2026-06-02,0,2026-07-02,0,cross_regime_pre2026_to_post2026,prevalence_baseline,0.14280300816518135
separacion:4555,2026-0005288,MD-E66,MD,2026-06-02,0,2026-07-02,0,cross_regime_pre2026_to_post2026,prevalence_baseline,0.14280300816518135
separacion:4140,2026-0003067,GY-14,GY,2026-06-03,75,2026-07-03,0,cross_regime_pre2026_to_post2026,prevalence_baseline,0.14280300816518135
separacion:4400,2026-0004310,NP-A-E134,NP,2026-06-03,30,2026-07-03,0,cross_regime_pre2026_to_post2026,prevalence_baseline,0.14280300816518135
separacion:4403,2026-0004320,MD-E97,MD,2026-06-04,30,2026-07-04,0,cross_regime_pre2026_to_post2026,prevalence_baseline,0.14280300816518135
separacion:4455,2026-0004548,NP-A1901,NP,2026-06-04,21,2026-07-04,0,cross_regime_pre2026_to_post2026,prevalence_baseline,0.14280300816518135
separacion:4457,2026-0004561,MT-B28,MT,2026-06-04,21,2026-07-04,0,cross_regime_pre2026_to_post2026,prevalence_baseline,0.14280300816518135
separacion:4563,2026-0005384,CP-B808,CP,2026-06-04,0,2026-07-04,0,cross_regime_pre2026_to_post2026,prevalence_baseline,0.14280300816518135
separacion:4564,2026-0005299,NP-A2507,NP,2026-06-04,0,2026-07-04,0,cross_regime_pre2026_to_post2026,prevalence_baseline,0.14280300816518135
separacion:4577,2026-0005381,NP-A1710,NP,2026-06-04,0,2026-07-04,0,cross_regime_pre2026_to_post2026,prevalence_baseline,0.14280300816518135
separacion:4148,2026-0003118,GY-43,GY,2026-06-05,75,2026-07-05,0,cross_regime_pre2026_to_post2026,prevalence_baseline,0.14280300816518135
separacion:4210,2026-0003409,SL-E4,SL,2026-06-05,60,2026-07-05,0,cross_regime_pre2026_to_post2026,prevalence_baseline,0.14280300816518135
separacion:4213,2026-0003412,MT-A54,MT,2026-06-05,60,2026-07-05,0,cross_regime_pre2026_to_post2026,prevalence_baseline,0.14280300816518135
separacion:4216,2026-0003420,CP-E87,CP,2026-06-05,60,2026-07-05,0,cross_regime_pre2026_to_post2026,prevalence_baseline,0.14280300816518135
separacion:4337,2026-0003807,CP-E60,CP,2026-06-05,45,2026-07-05,0,cross_regime_pre2026_to_post2026,prevalence_baseline,0.14280300816518135
separacion:4409,2026-0004351,SL-E47,SL,2026-06-05,30,2026-07-05,0,cross_regime_pre2026_to_post2026,prevalence_baseline,0.14280300816518135
separacion:4413,2026-0004374,MT-B24,MT,2026-06-05,30,2026-07-05,0,cross_regime_pre2026_to_post2026,prevalence_baseline,0.14280300816518135
separacion:4463,2026-0004597,TZ-40,TZ,2026-06-05,21,2026-07-05,0,cross_regime_pre2026_to_post2026,prevalence_baseline,0.14280300816518135
separacion:4464,2026-0004616,TZ-43,TZ,2026-06-05,21,2026-07-05,0,cross_regime_pre2026_to_post2026,prevalence_baseline,0.14280300816518135
separacion:4153,2026-0003145,GY-27,GY,2026-06-06,75,2026-07-06,0,cross_regime_pre2026_to_post2026,prevalence_baseline,0.14280300816518135
separacion:4343,2026-0003846,FX-E43,FX,2026-06-06,45,2026-07-06,0,cross_regime_pre2026_to_post2026,prevalence_baseline,0.14280300816518135
separacion:4468,2026-0004668,EEUU-203,EEUU,2026-06-06,21,2026-07-06,1,cross_regime_pre2026_to_post2026,prevalence_baseline,0.14280300816518135
separacion:4544,2026-0005233,NP-A2104,NP,2026-06-06,7,2026-07-06,0,cross_regime_pre2026_to_post2026,prevalence_baseline,0.14280300816518135
separacion:4581,2026-0005412,FX-402,FX,2026-06-06,0,2026-07-06,0,cross_regime_pre2026_to_post2026,prevalence_baseline,0.14280300816518135
separacion:4163,2026-0003190,MD-E18,MD,2026-06-07,75,2026-07-07,0,cross_regime_pre2026_to_post2026,prevalence_baseline,0.14280300816518135
separacion:4352,2026-0003901,EEUU-503,EEUU,2026-06-07,45,2026-07-07,1,cross_regime_pre2026_to_post2026,prevalence_baseline,0.14280300816518135
separacion:4479,2026-0004836,GY-1603,GY,2026-06-07,21,2026-07-07,0,cross_regime_pre2026_to_post2026,prevalence_baseline,0.14280300816518135
separacion:4480,2026-0004850,MD-1403,MD,2026-06-07,21,2026-07-07,1,cross_regime_pre2026_to_post2026,prevalence_baseline,0.14280300816518135
separacion:4546,2026-0005276,NP-A-E158,NP,2026-06-07,7,2026-07-07,1,cross_regime_pre2026_to_post2026,prevalence_baseline,0.14280300816518135
separacion:4547,2026-0005274,NP-A2102,NP,2026-06-07,7,2026-07-07,0,cross_regime_pre2026_to_post2026,prevalence_baseline,0.14280300816518135
separacion:4550,2026-0005313,MT-A1202,MT,2026-06-07,7,2026-07-07,0,cross_regime_pre2026_to_post2026,prevalence_baseline,0.14280300816518135
separacion:4164,2026-0003197,NP-A-E19,NP,2026-06-08,75,2026-07-08,0,cross_regime_pre2026_to_post2026,prevalence_baseline,0.14280300816518135
separacion:4288,2026-0003484,MT-A27,MT,2026-06-08,60,2026-07-08,0,cross_regime_pre2026_to_post2026,prevalence_baseline,0.14280300816518135
separacion:4290,2026-0003499,MT-A45,MT,2026-06-08,60,2026-07-08,0,cross_regime_pre2026_to_post2026,prevalence_baseline,0.14280300816518135
separacion:4363,2026-0003941,GY-33,GY,2026-06-08,45,2026-07-08,0,cross_regime_pre2026_to_post2026,prevalence_baseline,0.14280300816518135
separacion:4484,2026-0004638,CP-E18,CP,2026-06-08,21,2026-07-08,0,cross_regime_pre2026_to_post2026,prevalence_baseline,0.14280300816518135
separacion:4582,2026-0005474,SL-1104,SL,2026-06-08,0,2026-07-08,0,cross_regime_pre2026_to_post2026,prevalence_baseline,0.14280300816518135
separacion:4166,2026-0003221,CP-E52,CP,2026-06-09,75,2026-07-09,0,cross_regime_pre2026_to_post2026,prevalence_baseline,0.14280300816518135
separacion:4295,2026-0003502,SL-E7,SL,2026-06-09,60,2026-07-09,0,cross_regime_pre2026_to_post2026,prevalence_baseline,0.14280300816518135
separacion:4365,2026-0003981,TZ-19,TZ,2026-06-09,45,2026-07-09,0,cross_regime_pre2026_to_post2026,prevalence_baseline,0.14280300816518135
separacion:4554,2026-0005178,MT-B1202,MT,2026-06-09,7,2026-07-09,0,cross_regime_pre2026_to_post2026,prevalence_baseline,0.14280300816518135
separacion:4555,2026-0005288,MD-E66,MD,2026-06-09,7,2026-07-09,0,cross_regime_pre2026_to_post2026,prevalence_baseline,0.14280300816518135
separacion:4191,2026-0003242,NP-A2005,NP,2026-06-10,75,2026-07-10,1,cross_regime_pre2026_to_post2026,prevalence_baseline,0.14280300816518135
separacion:4589,2026-0005520,NP-A2207,NP,2026-06-10,0,2026-07-10,0,cross_regime_pre2026_to_post2026,prevalence_baseline,0.14280300816518135
separacion:4192,2026-0003243,CP-B1306,CP,2026-06-11,75,2026-07-11,0,cross_regime_pre2026_to_post2026,prevalence_baseline,0.14280300816518135
separacion:4193,2026-0003246,NP-A-E138,NP,2026-06-11,75,2026-07-11,0,cross_regime_pre2026_to_post2026,prevalence_baseline,0.14280300816518135
separacion:4367,2026-0004067,TZ-50,TZ,2026-06-11,45,2026-07-11,0,cross_regime_pre2026_to_post2026,prevalence_baseline,0.14280300816518135
separacion:4451,2026-0004523,NP-A-E154,NP,2026-06-11,30,2026-07-11,0,cross_regime_pre2026_to_post2026,prevalence_baseline,0.14280300816518135
separacion:4563,2026-0005384,CP-B808,CP,2026-06-11,7,2026-07-11,0,cross_regime_pre2026_to_post2026,prevalence_baseline,0.14280300816518135
separacion:4564,2026-0005299,NP-A2507,NP,2026-06-11,7,2026-07-11,0,cross_regime_pre2026_to_post2026,prevalence_baseline,0.14280300816518135
separacion:4577,2026-0005381,NP-A1710,NP,2026-06-11,7,2026-07-11,0,cross_regime_pre2026_to_post2026,prevalence_baseline,0.14280300816518135
separacion:4591,2026-0005535,NP-A-E163,NP,2026-06-11,0,2026-07-11,0,cross_regime_pre2026_to_post2026,prevalence_baseline,0.14280300816518135
separacion:4592,2026-0005534,MD-1701,MD,2026-06-11,0,2026-07-11,0,cross_regime_pre2026_to_post2026,prevalence_baseline,0.14280300816518135
separacion:4596,2026-0005566,NP-A1303,NP,2026-06-11,0,2026-07-11,0,cross_regime_pre2026_to_post2026,prevalence_baseline,0.14280300816518135
separacion:4106,2026-0002781,FX-E16,FX,2026-06-12,90,2026-07-12,0,cross_regime_pre2026_to_post2026,prevalence_baseline,0.14280300816518135
separacion:4370,2026-0004112,NP-A-E06,NP,2026-06-12,45,2026-07-12,0,cross_regime_pre2026_to_post2026,prevalence_baseline,0.14280300816518135
separacion:4599,2026-0005574,CP-E2,CP,2026-06-12,0,2026-07-12,0,cross_regime_pre2026_to_post2026,prevalence_baseline,0.14280300816518135
separacion:4107,2026-0002813,GY-303,GY,2026-06-13,90,2026-07-13,1,cross_regime_pre2026_to_post2026,prevalence_baseline,0.14280300816518135
separacion:4202,2026-0003313,NP-A2203,NP,2026-06-13,75,2026-07-13,0,cross_regime_pre2026_to_post2026,prevalence_baseline,0.14280300816518135
separacion:4203,2026-0003315,NP-A2204,NP,2026-06-13,75,2026-07-13,0,cross_regime_pre2026_to_post2026,prevalence_baseline,0.14280300816518135
separacion:4301,2026-0003630,NP-A-E08,NP,2026-06-13,60,2026-07-13,0,cross_regime_pre2026_to_post2026,prevalence_baseline,0.14280300816518135
separacion:4455,2026-0004548,NP-A1901,NP,2026-06-13,30,2026-07-13,1,cross_regime_pre2026_to_post2026,prevalence_baseline,0.14280300816518135
separacion:4457,2026-0004561,MT-B28,MT,2026-06-13,30,2026-07-13,0,cross_regime_pre2026_to_post2026,prevalence_baseline,0.14280300816518135
separacion:4544,2026-0005233,NP-A2104,NP,2026-06-13,14,2026-07-13,0,cross_regime_pre2026_to_post2026,prevalence_baseline,0.14280300816518135
separacion:4600,2026-0005594,TZ-39,TZ,2026-06-13,0,2026-07-13,0,cross_regime_pre2026_to_post2026,prevalence_baseline,0.14280300816518135
separacion:4601,2026-0005611,FX-E28,FX,2026-06-13,0,2026-07-13,0,cross_regime_pre2026_to_post2026,prevalence_baseline,0.14280300816518135
separacion:4602,2026-0005677,MD-1204,MD,2026-06-13,0,2026-07-13,0,cross_regime_pre2026_to_post2026,prevalence_baseline,0.14280300816518135
separacion:4463,2026-0004597,TZ-40,TZ,2026-06-14,30,2026-07-14,0,cross_regime_pre2026_to_post2026,prevalence_baseline,0.14280300816518135
separacion:4464,2026-0004616,TZ-43,TZ,2026-06-14,30,2026-07-14,0,cross_regime_pre2026_to_post2026,prevalence_baseline,0.14280300816518135
separacion:4550,2026-0005313,MT-A1202,MT,2026-06-14,14,2026-07-14,1,cross_regime_pre2026_to_post2026,prevalence_baseline,0.14280300816518135
separacion:4603,2026-0005740,MD-405,MD,2026-06-14,0,2026-07-14,0,cross_regime_pre2026_to_post2026,prevalence_baseline,0.14280300816518135
separacion:4604,2026-0005781,SL-1001,SL,2026-06-14,0,2026-07-14,0,cross_regime_pre2026_to_post2026,prevalence_baseline,0.14280300816518135
separacion:4605,2026-0005789,NP-A2606,NP,2026-06-14,0,2026-07-14,0,cross_regime_pre2026_to_post2026,prevalence_baseline,0.14280300816518135
separacion:4606,2026-0005804,MD-E52,MD,2026-06-14,0,2026-07-14,0,cross_regime_pre2026_to_post2026,prevalence_baseline,0.14280300816518135
separacion:4122,2026-0002991,GY-D7,GY,2026-06-15,90,2026-07-15,0,cross_regime_pre2026_to_post2026,prevalence_baseline,0.14280300816518135
separacion:4389,2026-0004188,SL-E1,SL,2026-06-15,45,2026-07-15,0,cross_regime_pre2026_to_post2026,prevalence_baseline,0.14280300816518135
separacion:4582,2026-0005474,SL-1104,SL,2026-06-15,7,2026-07-15,0,cross_regime_pre2026_to_post2026,prevalence_baseline,0.14280300816518135
separacion:4609,2026-0005817,NP-A-E106,NP,2026-06-15,0,2026-07-15,0,cross_regime_pre2026_to_post2026,prevalence_baseline,0.14280300816518135
separacion:4611,2026-0005815,MD-1401,MD,2026-06-15,0,2026-07-15,0,cross_regime_pre2026_to_post2026,prevalence_baseline,0.14280300816518135
separacion:4131,2026-0003014,EEUU-E50,EEUU,2026-06-16,90,2026-07-16,0,cross_regime_pre2026_to_post2026,prevalence_baseline,0.14280300816518135
separacion:4479,2026-0004836,GY-1603,GY,2026-06-16,30,2026-07-16,0,cross_regime_pre2026_to_post2026,prevalence_baseline,0.14280300816518135
separacion:4480,2026-0004850,MD-1403,MD,2026-06-16,30,2026-07-16,1,cross_regime_pre2026_to_post2026,prevalence_baseline,0.14280300816518135
separacion:4553,2026-0005356,NP-A-E161,NP,2026-06-16,45,2026-07-16,0,cross_regime_pre2026_to_post2026,prevalence_baseline,0.14280300816518135
separacion:4555,2026-0005288,MD-E66,MD,2026-06-16,14,2026-07-16,0,cross_regime_pre2026_to_post2026,prevalence_baseline,0.14280300816518135
separacion:4625,2026-0005859,FX-1301,FX,2026-06-16,0,2026-07-16,0,cross_regime_pre2026_to_post2026,prevalence_baseline,0.14280300816518135
separacion:4136,2026-0003041,MT-A04,MT,2026-06-17,90,2026-07-17,0,cross_regime_pre2026_to_post2026,prevalence_baseline,0.14280300816518135
separacion:4484,2026-0004638,CP-E18,CP,2026-06-17,30,2026-07-17,0,cross_regime_pre2026_to_post2026,prevalence_baseline,0.14280300816518135
separacion:4648,2026-0005877,FX-1201,FX,2026-06-17,0,2026-07-17,0,cross_regime_pre2026_to_post2026,prevalence_baseline,0.14280300816518135
separacion:4649,2026-0005898,FX-1303,FX,2026-06-17,0,2026-07-17,0,cross_regime_pre2026_to_post2026,prevalence_baseline,0.14280300816518135
separacion:4650,2026-0005846,FX-505,FX,2026-06-17,0,2026-07-17,0,cross_regime_pre2026_to_post2026,prevalence_baseline,0.14280300816518135
separacion:4651,2026-0005821,CP-B1107,CP,2026-06-17,0,2026-07-17,0,cross_regime_pre2026_to_post2026,prevalence_baseline,0.14280300816518135
separacion:4652,2026-0005915,SL-303,SL,2026-06-17,0,2026-07-17,0,cross_regime_pre2026_to_post2026,prevalence_baseline,0.14280300816518135
separacion:4140,2026-0003067,GY-14,GY,2026-06-18,90,2026-07-18,0,cross_regime_pre2026_to_post2026,prevalence_baseline,0.14280300816518135
separacion:4400,2026-0004310,NP-A-E134,NP,2026-06-18,45,2026-07-18,0,cross_regime_pre2026_to_post2026,prevalence_baseline,0.14280300816518135
separacion:4563,2026-0005384,CP-B808,CP,2026-06-18,14,2026-07-18,0,cross_regime_pre2026_to_post2026,prevalence_baseline,0.14280300816518135
separacion:4591,2026-0005535,NP-A-E163,NP,2026-06-18,7,2026-07-18,0,cross_regime_pre2026_to_post2026,prevalence_baseline,0.14280300816518135
separacion:4592,2026-0005534,MD-1701,MD,2026-06-18,7,2026-07-18,0,cross_regime_pre2026_to_post2026,prevalence_baseline,0.14280300816518135
separacion:4596,2026-0005566,NP-A1303,NP,2026-06-18,7,2026-07-18,0,cross_regime_pre2026_to_post2026,prevalence_baseline,0.14280300816518135
separacion:4655,2026-0005954,EEUU-E1,EEUU,2026-06-18,0,2026-07-18,0,cross_regime_pre2026_to_post2026,prevalence_baseline,0.14280300816518135
separacion:4403,2026-0004320,MD-E97,MD,2026-06-19,45,2026-07-19,0,cross_regime_pre2026_to_post2026,prevalence_baseline,0.14280300816518135
separacion:4599,2026-0005574,CP-E2,CP,2026-06-19,7,2026-07-19,0,cross_regime_pre2026_to_post2026,prevalence_baseline,0.14280300816518135
separacion:4664,2026-0005875,NP-A2609,NP,2026-06-19,0,2026-07-19,0,cross_regime_pre2026_to_post2026,prevalence_baseline,0.14280300816518135
separacion:4148,2026-0003118,GY-43,GY,2026-06-20,90,2026-07-20,0,cross_regime_pre2026_to_post2026,prevalence_baseline,0.14280300816518135
separacion:4210,2026-0003409,SL-E4,SL,2026-06-20,75,2026-07-20,0,cross_regime_pre2026_to_post2026,prevalence_baseline,0.14280300816518135
separacion:4213,2026-0003412,MT-A54,MT,2026-06-20,75,2026-07-20,0,cross_regime_pre2026_to_post2026,prevalence_baseline,0.14280300816518135
separacion:4216,2026-0003420,CP-E87,CP,2026-06-20,75,2026-07-20,0,cross_regime_pre2026_to_post2026,prevalence_baseline,0.14280300816518135
separacion:4337,2026-0003807,CP-E60,CP,2026-06-20,60,2026-07-20,0,cross_regime_pre2026_to_post2026,prevalence_baseline,0.14280300816518135
separacion:4409,2026-0004351,SL-E47,SL,2026-06-20,45,2026-07-20,0,cross_regime_pre2026_to_post2026,prevalence_baseline,0.14280300816518135
separacion:4413,2026-0004374,MT-B24,MT,2026-06-20,45,2026-07-20,0,cross_regime_pre2026_to_post2026,prevalence_baseline,0.14280300816518135
separacion:4544,2026-0005233,NP-A2104,NP,2026-06-20,21,2026-07-20,0,cross_regime_pre2026_to_post2026,prevalence_baseline,0.14280300816518135
separacion:4600,2026-0005594,TZ-39,TZ,2026-06-20,7,2026-07-20,0,cross_regime_pre2026_to_post2026,prevalence_baseline,0.14280300816518135
separacion:4601,2026-0005611,FX-E28,FX,2026-06-20,7,2026-07-20,0,cross_regime_pre2026_to_post2026,prevalence_baseline,0.14280300816518135
separacion:4673,2026-0005998,GY-506,GY,2026-06-20,0,2026-07-20,0,cross_regime_pre2026_to_post2026,prevalence_baseline,0.14280300816518135
separacion:4153,2026-0003145,GY-27,GY,2026-06-21,90,2026-07-21,0,cross_regime_pre2026_to_post2026,prevalence_baseline,0.14280300816518135
separacion:4343,2026-0003846,FX-E43,FX,2026-06-21,60,2026-07-21,0,cross_regime_pre2026_to_post2026,prevalence_baseline,0.14280300816518135
separacion:4550,2026-0005313,MT-A1202,MT,2026-06-21,21,2026-07-21,1,cross_regime_pre2026_to_post2026,prevalence_baseline,0.14280300816518135
separacion:4603,2026-0005740,MD-405,MD,2026-06-21,7,2026-07-21,0,cross_regime_pre2026_to_post2026,prevalence_baseline,0.14280300816518135
separacion:4604,2026-0005781,SL-1001,SL,2026-06-21,7,2026-07-21,0,cross_regime_pre2026_to_post2026,prevalence_baseline,0.14280300816518135
separacion:4605,2026-0005789,NP-A2606,NP,2026-06-21,7,2026-07-21,0,cross_regime_pre2026_to_post2026,prevalence_baseline,0.14280300816518135
separacion:4606,2026-0005804,MD-E52,MD,2026-06-21,7,2026-07-21,1,cross_regime_pre2026_to_post2026,prevalence_baseline,0.14280300816518135
separacion:4163,2026-0003190,MD-E18,MD,2026-06-22,90,2026-07-22,0,cross_regime_pre2026_to_post2026,prevalence_baseline,0.14280300816518135
separacion:4582,2026-0005474,SL-1104,SL,2026-06-22,14,2026-07-22,0,cross_regime_pre2026_to_post2026,prevalence_baseline,0.14280300816518135
separacion:4609,2026-0005817,NP-A-E106,NP,2026-06-22,7,2026-07-22,0,cross_regime_pre2026_to_post2026,prevalence_baseline,0.14280300816518135
separacion:4611,2026-0005815,MD-1401,MD,2026-06-22,7,2026-07-22,0,cross_regime_pre2026_to_post2026,prevalence_baseline,0.14280300816518135
separacion:4678,2026-0006039,MT-A601,MT,2026-06-22,0,2026-07-22,0,cross_regime_pre2026_to_post2026,prevalence_baseline,0.14280300816518135
separacion:4679,2026-0006048,NP-A-E165,NP,2026-06-22,0,2026-07-22,0,cross_regime_pre2026_to_post2026,prevalence_baseline,0.14280300816518135
separacion:4684,2026-0006056,SL-E12,SL,2026-06-22,0,2026-07-22,0,cross_regime_pre2026_to_post2026,prevalence_baseline,0.14280300816518135
separacion:4687,2026-0006060,MT-A1006,MT,2026-06-22,0,2026-07-22,0,cross_regime_pre2026_to_post2026,prevalence_baseline,0.14280300816518135
separacion:4164,2026-0003197,NP-A-E19,NP,2026-06-23,90,2026-07-23,0,cross_regime_pre2026_to_post2026,prevalence_baseline,0.14280300816518135
separacion:4288,2026-0003484,MT-A27,MT,2026-06-23,75,2026-07-23,0,cross_regime_pre2026_to_post2026,prevalence_baseline,0.14280300816518135
separacion:4290,2026-0003499,MT-A45,MT,2026-06-23,75,2026-07-23,0,cross_regime_pre2026_to_post2026,prevalence_baseline,0.14280300816518135
separacion:4363,2026-0003941,GY-33,GY,2026-06-23,60,2026-07-23,0,cross_regime_pre2026_to_post2026,prevalence_baseline,0.14280300816518135
separacion:4555,2026-0005288,MD-E66,MD,2026-06-23,21,2026-07-23,0,cross_regime_pre2026_to_post2026,prevalence_baseline,0.14280300816518135
separacion:4625,2026-0005859,FX-1301,FX,2026-06-23,7,2026-07-23,0,cross_regime_pre2026_to_post2026,prevalence_baseline,0.14280300816518135
separacion:4708,2026-0006085,GY-1401,GY,2026-06-23,0,2026-07-23,0,cross_regime_pre2026_to_post2026,prevalence_baseline,0.14280300816518135
separacion:4166,2026-0003221,CP-E52,CP,2026-06-24,90,2026-07-24,0,cross_regime_pre2026_to_post2026,prevalence_baseline,0.14280300816518135
separacion:4295,2026-0003502,SL-E7,SL,2026-06-24,75,2026-07-24,0,cross_regime_pre2026_to_post2026,prevalence_baseline,0.14280300816518135
separacion:4365,2026-0003981,TZ-19,TZ,2026-06-24,60,2026-07-24,0,cross_regime_pre2026_to_post2026,prevalence_baseline,0.14280300816518135
separacion:4648,2026-0005877,FX-1201,FX,2026-06-24,7,2026-07-24,0,cross_regime_pre2026_to_post2026,prevalence_baseline,0.14280300816518135
separacion:4649,2026-0005898,FX-1303,FX,2026-06-24,7,2026-07-24,0,cross_regime_pre2026_to_post2026,prevalence_baseline,0.14280300816518135
separacion:4650,2026-0005846,FX-505,FX,2026-06-24,7,2026-07-24,0,cross_regime_pre2026_to_post2026,prevalence_baseline,0.14280300816518135
separacion:4651,2026-0005821,CP-B1107,CP,2026-06-24,7,2026-07-24,0,cross_regime_pre2026_to_post2026,prevalence_baseline,0.14280300816518135
separacion:4652,2026-0005915,SL-303,SL,2026-06-24,7,2026-07-24,0,cross_regime_pre2026_to_post2026,prevalence_baseline,0.14280300816518135
separacion:4591,2026-0005535,NP-A-E163,NP,2026-06-25,14,2026-07-25,0,cross_regime_pre2026_to_post2026,prevalence_baseline,0.14280300816518135
separacion:4592,2026-0005534,MD-1701,MD,2026-06-25,14,2026-07-25,0,cross_regime_pre2026_to_post2026,prevalence_baseline,0.14280300816518135
separacion:4596,2026-0005566,NP-A1303,NP,2026-06-25,14,2026-07-25,0,cross_regime_pre2026_to_post2026,prevalence_baseline,0.14280300816518135
separacion:4192,2026-0003243,CP-B1306,CP,2026-06-26,90,2026-07-26,0,cross_regime_pre2026_to_post2026,prevalence_baseline,0.14280300816518135
separacion:4193,2026-0003246,NP-A-E138,NP,2026-06-26,90,2026-07-26,0,cross_regime_pre2026_to_post2026,prevalence_baseline,0.14280300816518135
separacion:4367,2026-0004067,TZ-50,TZ,2026-06-26,60,2026-07-26,0,cross_regime_pre2026_to_post2026,prevalence_baseline,0.14280300816518135
separacion:4451,2026-0004523,NP-A-E154,NP,2026-06-26,45,2026-07-26,0,cross_regime_pre2026_to_post2026,prevalence_baseline,0.14280300816518135
separacion:4599,2026-0005574,CP-E2,CP,2026-06-26,14,2026-07-26,0,cross_regime_pre2026_to_post2026,prevalence_baseline,0.14280300816518135
separacion:4370,2026-0004112,NP-A-E06,NP,2026-06-27,60,2026-07-27,0,cross_regime_pre2026_to_post2026,prevalence_baseline,0.14280300816518135
separacion:4600,2026-0005594,TZ-39,TZ,2026-06-27,14,2026-07-27,0,cross_regime_pre2026_to_post2026,prevalence_baseline,0.14280300816518135
separacion:4601,2026-0005611,FX-E28,FX,2026-06-27,14,2026-07-27,0,cross_regime_pre2026_to_post2026,prevalence_baseline,0.14280300816518135
separacion:4742,2026-0006180,MT-A702,MT,2026-06-27,0,2026-07-27,0,cross_regime_pre2026_to_post2026,prevalence_baseline,0.14280300816518135
separacion:4743,2026-0006183,MD-E49,MD,2026-06-27,0,2026-07-27,0,cross_regime_pre2026_to_post2026,prevalence_baseline,0.14280300816518135
separacion:4202,2026-0003313,NP-A2203,NP,2026-06-28,90,2026-07-28,0,cross_regime_pre2026_to_post2026,prevalence_baseline,0.14280300816518135
separacion:4203,2026-0003315,NP-A2204,NP,2026-06-28,90,2026-07-28,0,cross_regime_pre2026_to_post2026,prevalence_baseline,0.14280300816518135
separacion:4301,2026-0003630,NP-A-E08,NP,2026-06-28,75,2026-07-28,0,cross_regime_pre2026_to_post2026,prevalence_baseline,0.14280300816518135
separacion:4455,2026-0004548,NP-A1901,NP,2026-06-28,45,2026-07-28,1,cross_regime_pre2026_to_post2026,prevalence_baseline,0.14280300816518135
separacion:4457,2026-0004561,MT-B28,MT,2026-06-28,45,2026-07-28,0,cross_regime_pre2026_to_post2026,prevalence_baseline,0.14280300816518135
separacion:4604,2026-0005781,SL-1001,SL,2026-06-28,14,2026-07-28,0,cross_regime_pre2026_to_post2026,prevalence_baseline,0.14280300816518135
separacion:4606,2026-0005804,MD-E52,MD,2026-06-28,14,2026-07-28,1,cross_regime_pre2026_to_post2026,prevalence_baseline,0.14280300816518135
separacion:4745,2026-0006261,NP-A-E77,NP,2026-06-28,0,2026-07-28,0,cross_regime_pre2026_to_post2026,prevalence_baseline,0.14280300816518135
separacion:4746,2026-0006279,NP-A2607,NP,2026-06-28,0,2026-07-28,0,cross_regime_pre2026_to_post2026,prevalence_baseline,0.14280300816518135
separacion:4463,2026-0004597,TZ-40,TZ,2026-06-29,45,2026-07-29,0,cross_regime_pre2026_to_post2026,prevalence_baseline,0.14280300816518135
separacion:4464,2026-0004616,TZ-43,TZ,2026-06-29,45,2026-07-29,0,cross_regime_pre2026_to_post2026,prevalence_baseline,0.14280300816518135
separacion:4544,2026-0005233,NP-A2104,NP,2026-06-29,30,2026-07-29,0,cross_regime_pre2026_to_post2026,prevalence_baseline,0.14280300816518135
separacion:4609,2026-0005817,NP-A-E106,NP,2026-06-29,14,2026-07-29,0,cross_regime_pre2026_to_post2026,prevalence_baseline,0.14280300816518135
separacion:4611,2026-0005815,MD-1401,MD,2026-06-29,14,2026-07-29,0,cross_regime_pre2026_to_post2026,prevalence_baseline,0.14280300816518135
separacion:4679,2026-0006048,NP-A-E165,NP,2026-06-29,7,2026-07-29,0,cross_regime_pre2026_to_post2026,prevalence_baseline,0.14280300816518135
separacion:4684,2026-0006056,SL-E12,SL,2026-06-29,7,2026-07-29,0,cross_regime_pre2026_to_post2026,prevalence_baseline,0.14280300816518135
separacion:4389,2026-0004188,SL-E1,SL,2026-06-30,60,2026-07-30,0,cross_regime_pre2026_to_post2026,prevalence_baseline,0.14280300816518135
separacion:4550,2026-0005313,MT-A1202,MT,2026-06-30,30,2026-07-30,1,cross_regime_pre2026_to_post2026,prevalence_baseline,0.14280300816518135
separacion:4625,2026-0005859,FX-1301,FX,2026-06-30,14,2026-07-30,0,cross_regime_pre2026_to_post2026,prevalence_baseline,0.14280300816518135
separacion:4708,2026-0006085,GY-1401,GY,2026-06-30,7,2026-07-30,0,cross_regime_pre2026_to_post2026,prevalence_baseline,0.14280300816518135
separacion:4752,2026-0006331,NP-A2107,NP,2026-06-30,0,2026-07-30,0,cross_regime_pre2026_to_post2026,prevalence_baseline,0.14280300816518135
separacion:4553,2026-0005356,NP-A-E161,NP,2026-07-01,60,2026-07-31,0,cross_regime_pre2026_to_post2026,prevalence_baseline,0.14280300816518135
separacion:4648,2026-0005877,FX-1201,FX,2026-07-01,14,2026-07-31,0,cross_regime_pre2026_to_post2026,prevalence_baseline,0.14280300816518135
separacion:4649,2026-0005898,FX-1303,FX,2026-07-01,14,2026-07-31,0,cross_regime_pre2026_to_post2026,prevalence_baseline,0.14280300816518135
separacion:4484,2026-0004638,CP-E18,CP,2026-07-02,45,2026-08-01,0,cross_regime_pre2026_to_post2026,prevalence_baseline,0.14280300816518135
separacion:4555,2026-0005288,MD-E66,MD,2026-07-02,30,2026-08-01,0,cross_regime_pre2026_to_post2026,prevalence_baseline,0.14280300816518135
separacion:4591,2026-0005535,NP-A-E163,NP,2026-07-02,21,2026-08-01,0,cross_regime_pre2026_to_post2026,prevalence_baseline,0.14280300816518135
separacion:4596,2026-0005566,NP-A1303,NP,2026-07-02,21,2026-08-01,0,cross_regime_pre2026_to_post2026,prevalence_baseline,0.14280300816518135
separacion:4400,2026-0004310,NP-A-E134,NP,2026-07-03,60,2026-08-02,0,cross_regime_pre2026_to_post2026,prevalence_baseline,0.14280300816518135
separacion:4599,2026-0005574,CP-E2,CP,2026-07-03,21,2026-08-02,0,cross_regime_pre2026_to_post2026,prevalence_baseline,0.14280300816518135
separacion:4761,2026-0006417,FX-201,FX,2026-07-03,0,2026-08-02,1,cross_regime_pre2026_to_post2026,prevalence_baseline,0.14280300816518135
separacion:4403,2026-0004320,MD-E97,MD,2026-07-04,60,2026-08-03,0,cross_regime_pre2026_to_post2026,prevalence_baseline,0.14280300816518135
separacion:4601,2026-0005611,FX-E28,FX,2026-07-04,21,2026-08-03,0,cross_regime_pre2026_to_post2026,prevalence_baseline,0.14280300816518135
separacion:4743,2026-0006183,MD-E49,MD,2026-07-04,7,2026-08-03,0,cross_regime_pre2026_to_post2026,prevalence_baseline,0.14280300816518135
separacion:4762,2026-0006421,TZ-28,TZ,2026-07-04,0,2026-08-03,0,cross_regime_pre2026_to_post2026,prevalence_baseline,0.14280300816518135
separacion:4210,2026-0003409,SL-E4,SL,2026-07-05,90,2026-08-04,0,cross_regime_pre2026_to_post2026,prevalence_baseline,0.14280300816518135
separacion:4213,2026-0003412,MT-A54,MT,2026-07-05,90,2026-08-04,0,cross_regime_pre2026_to_post2026,prevalence_baseline,0.14280300816518135
separacion:4216,2026-0003420,CP-E87,CP,2026-07-05,90,2026-08-04,0,cross_regime_pre2026_to_post2026,prevalence_baseline,0.14280300816518135
separacion:4337,2026-0003807,CP-E60,CP,2026-07-05,75,2026-08-04,0,cross_regime_pre2026_to_post2026,prevalence_baseline,0.14280300816518135
separacion:4409,2026-0004351,SL-E47,SL,2026-07-05,60,2026-08-04,0,cross_regime_pre2026_to_post2026,prevalence_baseline,0.14280300816518135
separacion:4413,2026-0004374,MT-B24,MT,2026-07-05,60,2026-08-04,0,cross_regime_pre2026_to_post2026,prevalence_baseline,0.14280300816518135
separacion:4604,2026-0005781,SL-1001,SL,2026-07-05,21,2026-08-04,0,cross_regime_pre2026_to_post2026,prevalence_baseline,0.14280300816518135
separacion:4606,2026-0005804,MD-E52,MD,2026-07-05,21,2026-08-04,1,cross_regime_pre2026_to_post2026,prevalence_baseline,0.14280300816518135
separacion:4745,2026-0006261,NP-A-E77,NP,2026-07-05,7,2026-08-04,0,cross_regime_pre2026_to_post2026,prevalence_baseline,0.14280300816518135
separacion:4343,2026-0003846,FX-E43,FX,2026-07-06,75,2026-08-05,0,cross_regime_pre2026_to_post2026,prevalence_baseline,0.14280300816518135
separacion:4609,2026-0005817,NP-A-E106,NP,2026-07-06,21,2026-08-05,0,cross_regime_pre2026_to_post2026,prevalence_baseline,0.14280300816518135
separacion:4611,2026-0005815,MD-1401,MD,2026-07-06,21,2026-08-05,0,cross_regime_pre2026_to_post2026,prevalence_baseline,0.14280300816518135
separacion:4679,2026-0006048,NP-A-E165,NP,2026-07-06,14,2026-08-05,0,cross_regime_pre2026_to_post2026,prevalence_baseline,0.14280300816518135
separacion:4684,2026-0006056,SL-E12,SL,2026-07-06,14,2026-08-05,0,cross_regime_pre2026_to_post2026,prevalence_baseline,0.14280300816518135
separacion:4773,2026-0006518,MD-2106,MD,2026-07-06,0,2026-08-05,0,cross_regime_pre2026_to_post2026,prevalence_baseline,0.14280300816518135
separacion:4625,2026-0005859,FX-1301,FX,2026-07-07,21,2026-08-06,0,cross_regime_pre2026_to_post2026,prevalence_baseline,0.14280300816518135
separacion:4708,2026-0006085,GY-1401,GY,2026-07-07,14,2026-08-06,0,cross_regime_pre2026_to_post2026,prevalence_baseline,0.14280300816518135
separacion:4775,2026-0006528,NP-A1306,NP,2026-07-07,0,2026-08-06,0,cross_regime_pre2026_to_post2026,prevalence_baseline,0.14280300816518135
separacion:4777,2026-0006546,GY-1602,GY,2026-07-07,0,2026-08-06,0,cross_regime_pre2026_to_post2026,prevalence_baseline,0.14280300816518135
separacion:4288,2026-0003484,MT-A27,MT,2026-07-08,90,2026-08-07,0,cross_regime_pre2026_to_post2026,prevalence_baseline,0.14280300816518135
separacion:4290,2026-0003499,MT-A45,MT,2026-07-08,90,2026-08-07,0,cross_regime_pre2026_to_post2026,prevalence_baseline,0.14280300816518135
separacion:4363,2026-0003941,GY-33,GY,2026-07-08,75,2026-08-07,0,cross_regime_pre2026_to_post2026,prevalence_baseline,0.14280300816518135
separacion:4648,2026-0005877,FX-1201,FX,2026-07-08,21,2026-08-07,0,cross_regime_pre2026_to_post2026,prevalence_baseline,0.14280300816518135
separacion:4649,2026-0005898,FX-1303,FX,2026-07-08,21,2026-08-07,0,cross_regime_pre2026_to_post2026,prevalence_baseline,0.14280300816518135
separacion:4295,2026-0003502,SL-E7,SL,2026-07-09,90,2026-08-08,0,cross_regime_pre2026_to_post2026,prevalence_baseline,0.14280300816518135
separacion:4365,2026-0003981,TZ-19,TZ,2026-07-09,75,2026-08-08,0,cross_regime_pre2026_to_post2026,prevalence_baseline,0.14280300816518135
separacion:4798,2026-0006629,TZ-27,TZ,2026-07-10,0,2026-08-09,0,cross_regime_pre2026_to_post2026,prevalence_baseline,0.14280300816518135
separacion:4451,2026-0004523,NP-A-E154,NP,2026-07-11,60,2026-08-10,0,cross_regime_pre2026_to_post2026,prevalence_baseline,0.14280300816518135
separacion:4591,2026-0005535,NP-A-E163,NP,2026-07-11,30,2026-08-10,0,cross_regime_pre2026_to_post2026,prevalence_baseline,0.14280300816518135
separacion:4596,2026-0005566,NP-A1303,NP,2026-07-11,30,2026-08-10,0,cross_regime_pre2026_to_post2026,prevalence_baseline,0.14280300816518135
separacion:4743,2026-0006183,MD-E49,MD,2026-07-11,14,2026-08-10,0,cross_regime_pre2026_to_post2026,prevalence_baseline,0.14280300816518135
separacion:4762,2026-0006421,TZ-28,TZ,2026-07-11,7,2026-08-10,0,cross_regime_pre2026_to_post2026,prevalence_baseline,0.14280300816518135
separacion:4803,2026-0006693,SL-1606,SL,2026-07-11,0,2026-08-10,0,cross_regime_pre2026_to_post2026,prevalence_baseline,0.14280300816518135
separacion:4370,2026-0004112,NP-A-E06,NP,2026-07-12,75,2026-08-11,0,cross_regime_pre2026_to_post2026,prevalence_baseline,0.14280300816518135
separacion:4599,2026-0005574,CP-E2,CP,2026-07-12,30,2026-08-11,0,cross_regime_pre2026_to_post2026,prevalence_baseline,0.14280300816518135
separacion:4745,2026-0006261,NP-A-E77,NP,2026-07-12,14,2026-08-11,0,cross_regime_pre2026_to_post2026,prevalence_baseline,0.14280300816518135
separacion:4804,2026-0006713,CP-B908,CP,2026-07-12,0,2026-08-11,0,cross_regime_pre2026_to_post2026,prevalence_baseline,0.14280300816518135
separacion:4805,2026-0006709,MT-A1205,MT,2026-07-12,0,2026-08-11,0,cross_regime_pre2026_to_post2026,prevalence_baseline,0.14280300816518135
separacion:4301,2026-0003630,NP-A-E08,NP,2026-07-13,90,2026-08-12,0,cross_regime_pre2026_to_post2026,prevalence_baseline,0.14280300816518135
separacion:4457,2026-0004561,MT-B28,MT,2026-07-13,60,2026-08-12,0,cross_regime_pre2026_to_post2026,prevalence_baseline,0.14280300816518135
separacion:4601,2026-0005611,FX-E28,FX,2026-07-13,30,2026-08-12,0,cross_regime_pre2026_to_post2026,prevalence_baseline,0.14280300816518135
separacion:4679,2026-0006048,NP-A-E165,NP,2026-07-13,21,2026-08-12,0,cross_regime_pre2026_to_post2026,prevalence_baseline,0.14280300816518135
separacion:4684,2026-0006056,SL-E12,SL,2026-07-13,21,2026-08-12,0,cross_regime_pre2026_to_post2026,prevalence_baseline,0.14280300816518135
separacion:4809,2026-0006749,NP-A-E169,NP,2026-07-13,0,2026-08-12,1,cross_regime_pre2026_to_post2026,prevalence_baseline,0.14280300816518135
separacion:4810,2026-0006752,NP-A-E16,NP,2026-07-13,0,2026-08-12,0,cross_regime_pre2026_to_post2026,prevalence_baseline,0.14280300816518135
separacion:4811,2026-0006758,MT-A602,MT,2026-07-13,0,2026-08-12,1,cross_regime_pre2026_to_post2026,prevalence_baseline,0.14280300816518135
separacion:4463,2026-0004597,TZ-40,TZ,2026-07-14,60,2026-08-13,0,cross_regime_pre2026_to_post2026,prevalence_baseline,0.14280300816518135
separacion:4464,2026-0004616,TZ-43,TZ,2026-07-14,60,2026-08-13,0,cross_regime_pre2026_to_post2026,prevalence_baseline,0.14280300816518135
separacion:4606,2026-0005804,MD-E52,MD,2026-07-14,30,2026-08-13,1,cross_regime_pre2026_to_post2026,prevalence_baseline,0.14280300816518135
separacion:4775,2026-0006528,NP-A1306,NP,2026-07-14,7,2026-08-13,0,cross_regime_pre2026_to_post2026,prevalence_baseline,0.14280300816518135
separacion:4777,2026-0006546,GY-1602,GY,2026-07-14,7,2026-08-13,0,cross_regime_pre2026_to_post2026,prevalence_baseline,0.14280300816518135
separacion:4389,2026-0004188,SL-E1,SL,2026-07-15,75,2026-08-14,0,cross_regime_pre2026_to_post2026,prevalence_baseline,0.14280300816518135
separacion:4609,2026-0005817,NP-A-E106,NP,2026-07-15,30,2026-08-14,0,cross_regime_pre2026_to_post2026,prevalence_baseline,0.14280300816518135
separacion:4611,2026-0005815,MD-1401,MD,2026-07-15,30,2026-08-14,1,cross_regime_pre2026_to_post2026,prevalence_baseline,0.14280300816518135
separacion:4553,2026-0005356,NP-A-E161,NP,2026-07-16,75,2026-08-15,0,cross_regime_pre2026_to_post2026,prevalence_baseline,0.14280300816518135
separacion:4625,2026-0005859,FX-1301,FX,2026-07-16,30,2026-08-15,0,cross_regime_pre2026_to_post2026,prevalence_baseline,0.14280300816518135
separacion:4817,2026-0006802,CP-E78,CP,2026-07-16,0,2026-08-15,0,cross_regime_pre2026_to_post2026,prevalence_baseline,0.14280300816518135
separacion:4818,2026-0006805,MD-E29,MD,2026-07-16,0,2026-08-15,1,cross_regime_pre2026_to_post2026,prevalence_baseline,0.14280300816518135
separacion:4823,2026-0006814,GY-806,GY,2026-07-16,0,2026-08-15,0,cross_regime_pre2026_to_post2026,prevalence_baseline,0.14280300816518135
separacion:4824,2026-0006815,GY-42,GY,2026-07-16,0,2026-08-15,0,cross_regime_pre2026_to_post2026,prevalence_baseline,0.14280300816518135
separacion:4484,2026-0004638,CP-E18,CP,2026-07-17,60,2026-08-16,0,cross_regime_pre2026_to_post2026,prevalence_baseline,0.14280300816518135
separacion:4555,2026-0005288,MD-E66,MD,2026-07-17,45,2026-08-16,0,cross_regime_pre2026_to_post2026,prevalence_baseline,0.14280300816518135
separacion:4798,2026-0006629,TZ-27,TZ,2026-07-17,7,2026-08-16,0,cross_regime_pre2026_to_post2026,prevalence_baseline,0.14280300816518135
separacion:4400,2026-0004310,NP-A-E134,NP,2026-07-18,75,2026-08-17,0,cross_regime_pre2026_to_post2026,prevalence_baseline,0.14280300816518135
separacion:4743,2026-0006183,MD-E49,MD,2026-07-18,21,2026-08-17,0,cross_regime_pre2026_to_post2026,prevalence_baseline,0.14280300816518135
separacion:4762,2026-0006421,TZ-28,TZ,2026-07-18,14,2026-08-17,0,cross_regime_pre2026_to_post2026,prevalence_baseline,0.14280300816518135
separacion:4803,2026-0006693,SL-1606,SL,2026-07-18,7,2026-08-17,0,cross_regime_pre2026_to_post2026,prevalence_baseline,0.14280300816518135
separacion:4858,2026-0006846,FX-204,FX,2026-07-18,0,2026-08-17,0,cross_regime_pre2026_to_post2026,prevalence_baseline,0.14280300816518135
separacion:4859,2026-0006847,MD-1302,MD,2026-07-18,0,2026-08-17,0,cross_regime_pre2026_to_post2026,prevalence_baseline,0.14280300816518135
separacion:4860,2026-0006852,MT-A501,MT,2026-07-18,0,2026-08-17,0,cross_regime_pre2026_to_post2026,prevalence_baseline,0.14280300816518135
separacion:4403,2026-0004320,MD-E97,MD,2026-07-19,75,2026-08-18,0,cross_regime_pre2026_to_post2026,prevalence_baseline,0.14280300816518135
separacion:4745,2026-0006261,NP-A-E77,NP,2026-07-19,21,2026-08-18,0,cross_regime_pre2026_to_post2026,prevalence_baseline,0.14280300816518135
separacion:4805,2026-0006709,MT-A1205,MT,2026-07-19,7,2026-08-18,0,cross_regime_pre2026_to_post2026,prevalence_baseline,0.14280300816518135
separacion:3832,2026-0000010,MT-A1109,MT,2026-01-02,0,2026-02-01,0,cross_regime_pre2026_to_post2026,landmark_prevalence_baseline,0.15133742726373653
separacion:3833,2026-0000035,NP-A2704,NP,2026-01-02,0,2026-02-01,0,cross_regime_pre2026_to_post2026,landmark_prevalence_baseline,0.15133742726373653
separacion:3834,2026-0000043,MT-A29,MT,2026-01-03,0,2026-02-02,0,cross_regime_pre2026_to_post2026,landmark_prevalence_baseline,0.15133742726373653
separacion:3835,2026-0000071,GY-35,GY,2026-01-03,0,2026-02-02,0,cross_regime_pre2026_to_post2026,landmark_prevalence_baseline,0.15133742726373653
separacion:3836,2026-0000078,EEUU-1701,EEUU,2026-01-03,0,2026-02-02,0,cross_regime_pre2026_to_post2026,landmark_prevalence_baseline,0.15133742726373653
separacion:3837,2026-0000095,NP-A-E27,NP,2026-01-04,0,2026-02-03,0,cross_regime_pre2026_to_post2026,landmark_prevalence_baseline,0.15133742726373653
separacion:3838,2026-0000102,EEUU-E40,EEUU,2026-01-04,0,2026-02-03,0,cross_regime_pre2026_to_post2026,landmark_prevalence_baseline,0.15133742726373653
separacion:3839,2026-0000029,GY-206,GY,2026-01-04,0,2026-02-03,0,cross_regime_pre2026_to_post2026,landmark_prevalence_baseline,0.15133742726373653
separacion:3855,2025-0009127,MD-1704,MD,2026-01-05,0,2026-02-04,1,cross_regime_pre2026_to_post2026,landmark_prevalence_baseline,0.15133742726373653
separacion:3857,2025-0009124,SL-1208,SL,2026-01-05,0,2026-02-04,0,cross_regime_pre2026_to_post2026,landmark_prevalence_baseline,0.15133742726373653
separacion:3862,2026-0000133,GY-501,GY,2026-01-05,0,2026-02-04,0,cross_regime_pre2026_to_post2026,landmark_prevalence_baseline,0.15133742726373653
separacion:3865,2026-0000164,MD-E38,MD,2026-01-06,0,2026-02-05,0,cross_regime_pre2026_to_post2026,landmark_prevalence_baseline,0.15133742726373653
separacion:3866,2026-0000134,NP-A-E62,NP,2026-01-07,0,2026-02-06,0,cross_regime_pre2026_to_post2026,landmark_prevalence_baseline,0.15133742726373653
separacion:3873,2026-0000225,SL-1408,SL,2026-01-09,0,2026-02-08,0,cross_regime_pre2026_to_post2026,landmark_prevalence_baseline,0.15133742726373653
separacion:3875,2026-0000132,SL-805,SL,2026-01-09,0,2026-02-08,0,cross_regime_pre2026_to_post2026,landmark_prevalence_baseline,0.15133742726373653
separacion:3834,2026-0000043,MT-A29,MT,2026-01-10,7,2026-02-09,0,cross_regime_pre2026_to_post2026,landmark_prevalence_baseline,0.13317009483455364
separacion:3835,2026-0000071,GY-35,GY,2026-01-10,7,2026-02-09,0,cross_regime_pre2026_to_post2026,landmark_prevalence_baseline,0.13317009483455364
separacion:3836,2026-0000078,EEUU-1701,EEUU,2026-01-10,7,2026-02-09,0,cross_regime_pre2026_to_post2026,landmark_prevalence_baseline,0.13317009483455364
separacion:3876,2026-0000218,GY-1504,GY,2026-01-10,0,2026-02-09,0,cross_regime_pre2026_to_post2026,landmark_prevalence_baseline,0.15133742726373653
separacion:3877,2026-0000222,EEUU-803,EEUU,2026-01-10,0,2026-02-09,0,cross_regime_pre2026_to_post2026,landmark_prevalence_baseline,0.15133742726373653
separacion:3837,2026-0000095,NP-A-E27,NP,2026-01-11,7,2026-02-10,0,cross_regime_pre2026_to_post2026,landmark_prevalence_baseline,0.13317009483455364
separacion:3838,2026-0000102,EEUU-E40,EEUU,2026-01-11,7,2026-02-10,0,cross_regime_pre2026_to_post2026,landmark_prevalence_baseline,0.13317009483455364
separacion:3839,2026-0000029,GY-206,GY,2026-01-11,7,2026-02-10,0,cross_regime_pre2026_to_post2026,landmark_prevalence_baseline,0.13317009483455364
separacion:3878,2026-0000335,NP-A1504,NP,2026-01-11,0,2026-02-10,0,cross_regime_pre2026_to_post2026,landmark_prevalence_baseline,0.15133742726373653
separacion:3879,2026-0000341,NP-A2301,NP,2026-01-11,0,2026-02-10,1,cross_regime_pre2026_to_post2026,landmark_prevalence_baseline,0.15133742726373653
separacion:3855,2025-0009127,MD-1704,MD,2026-01-12,7,2026-02-11,1,cross_regime_pre2026_to_post2026,landmark_prevalence_baseline,0.13317009483455364
separacion:3857,2025-0009124,SL-1208,SL,2026-01-12,7,2026-02-11,0,cross_regime_pre2026_to_post2026,landmark_prevalence_baseline,0.13317009483455364
separacion:3862,2026-0000133,GY-501,GY,2026-01-12,7,2026-02-11,0,cross_regime_pre2026_to_post2026,landmark_prevalence_baseline,0.13317009483455364
separacion:3880,2026-0000350,GY-903,GY,2026-01-12,0,2026-02-11,0,cross_regime_pre2026_to_post2026,landmark_prevalence_baseline,0.15133742726373653
separacion:3865,2026-0000164,MD-E38,MD,2026-01-13,7,2026-02-12,0,cross_regime_pre2026_to_post2026,landmark_prevalence_baseline,0.13317009483455364
separacion:3883,2026-0000369,MT-A308,MT,2026-01-13,0,2026-02-12,0,cross_regime_pre2026_to_post2026,landmark_prevalence_baseline,0.15133742726373653
separacion:3884,2026-0000402,MT-B1005,MT,2026-01-13,0,2026-02-12,0,cross_regime_pre2026_to_post2026,landmark_prevalence_baseline,0.15133742726373653
separacion:3866,2026-0000134,NP-A-E62,NP,2026-01-14,7,2026-02-13,0,cross_regime_pre2026_to_post2026,landmark_prevalence_baseline,0.13317009483455364
separacion:3888,2026-0000443,NP-A2103,NP,2026-01-15,0,2026-02-14,0,cross_regime_pre2026_to_post2026,landmark_prevalence_baseline,0.15133742726373653
separacion:3889,2026-0000493,FX-405,FX,2026-01-15,0,2026-02-14,0,cross_regime_pre2026_to_post2026,landmark_prevalence_baseline,0.15133742726373653
separacion:3873,2026-0000225,SL-1408,SL,2026-01-16,7,2026-02-15,0,cross_regime_pre2026_to_post2026,landmark_prevalence_baseline,0.13317009483455364
separacion:3890,2026-0000526,MD-E58,MD,2026-01-16,0,2026-02-15,0,cross_regime_pre2026_to_post2026,landmark_prevalence_baseline,0.15133742726373653
separacion:3891,2026-0000527,NP-A1806,NP,2026-01-16,0,2026-02-15,0,cross_regime_pre2026_to_post2026,landmark_prevalence_baseline,0.15133742726373653
separacion:3834,2026-0000043,MT-A29,MT,2026-01-17,14,2026-02-16,0,cross_regime_pre2026_to_post2026,landmark_prevalence_baseline,0.16853246488906984
separacion:3835,2026-0000071,GY-35,GY,2026-01-17,14,2026-02-16,0,cross_regime_pre2026_to_post2026,landmark_prevalence_baseline,0.16853246488906984
separacion:3836,2026-0000078,EEUU-1701,EEUU,2026-01-17,14,2026-02-16,0,cross_regime_pre2026_to_post2026,landmark_prevalence_baseline,0.16853246488906984
separacion:3876,2026-0000218,GY-1504,GY,2026-01-17,7,2026-02-16,0,cross_regime_pre2026_to_post2026,landmark_prevalence_baseline,0.13317009483455364
separacion:3877,2026-0000222,EEUU-803,EEUU,2026-01-17,7,2026-02-16,0,cross_regime_pre2026_to_post2026,landmark_prevalence_baseline,0.13317009483455364
separacion:3893,2026-0000574,MD-1607,MD,2026-01-17,0,2026-02-16,0,cross_regime_pre2026_to_post2026,landmark_prevalence_baseline,0.15133742726373653
separacion:3837,2026-0000095,NP-A-E27,NP,2026-01-18,14,2026-02-17,0,cross_regime_pre2026_to_post2026,landmark_prevalence_baseline,0.16853246488906984
separacion:3838,2026-0000102,EEUU-E40,EEUU,2026-01-18,14,2026-02-17,0,cross_regime_pre2026_to_post2026,landmark_prevalence_baseline,0.16853246488906984
separacion:3839,2026-0000029,GY-206,GY,2026-01-18,14,2026-02-17,0,cross_regime_pre2026_to_post2026,landmark_prevalence_baseline,0.16853246488906984
separacion:3879,2026-0000341,NP-A2301,NP,2026-01-18,7,2026-02-17,1,cross_regime_pre2026_to_post2026,landmark_prevalence_baseline,0.13317009483455364
separacion:3855,2025-0009127,MD-1704,MD,2026-01-19,14,2026-02-18,1,cross_regime_pre2026_to_post2026,landmark_prevalence_baseline,0.16853246488906984
separacion:3857,2025-0009124,SL-1208,SL,2026-01-19,14,2026-02-18,0,cross_regime_pre2026_to_post2026,landmark_prevalence_baseline,0.16853246488906984
separacion:3862,2026-0000133,GY-501,GY,2026-01-19,14,2026-02-18,0,cross_regime_pre2026_to_post2026,landmark_prevalence_baseline,0.16853246488906984
separacion:3904,2026-0000701,EEUU-E14,EEUU,2026-01-19,0,2026-02-18,0,cross_regime_pre2026_to_post2026,landmark_prevalence_baseline,0.15133742726373653
separacion:3905,2026-0000706,MT-A503,MT,2026-01-19,0,2026-02-18,0,cross_regime_pre2026_to_post2026,landmark_prevalence_baseline,0.15133742726373653
separacion:3865,2026-0000164,MD-E38,MD,2026-01-20,14,2026-02-19,0,cross_regime_pre2026_to_post2026,landmark_prevalence_baseline,0.16853246488906984
separacion:3883,2026-0000369,MT-A308,MT,2026-01-20,7,2026-02-19,0,cross_regime_pre2026_to_post2026,landmark_prevalence_baseline,0.13317009483455364
separacion:3909,2026-0000732,EEUU-D16,EEUU,2026-01-20,0,2026-02-19,0,cross_regime_pre2026_to_post2026,landmark_prevalence_baseline,0.15133742726373653
separacion:3911,2026-0000743,EEUU-1202,EEUU,2026-01-20,0,2026-02-19,1,cross_regime_pre2026_to_post2026,landmark_prevalence_baseline,0.15133742726373653
separacion:3866,2026-0000134,NP-A-E62,NP,2026-01-21,14,2026-02-20,0,cross_regime_pre2026_to_post2026,landmark_prevalence_baseline,0.16853246488906984
separacion:3913,2026-0000767,NP-A2801,NP,2026-01-21,0,2026-02-20,1,cross_regime_pre2026_to_post2026,landmark_prevalence_baseline,0.15133742726373653
separacion:3916,2026-0000782,EEUU-902,EEUU,2026-01-21,0,2026-02-20,0,cross_regime_pre2026_to_post2026,landmark_prevalence_baseline,0.15133742726373653
separacion:3888,2026-0000443,NP-A2103,NP,2026-01-22,7,2026-02-21,0,cross_regime_pre2026_to_post2026,landmark_prevalence_baseline,0.13317009483455364
separacion:3889,2026-0000493,FX-405,FX,2026-01-22,7,2026-02-21,0,cross_regime_pre2026_to_post2026,landmark_prevalence_baseline,0.13317009483455364
separacion:3917,2026-0000806,SL-1207,SL,2026-01-22,0,2026-02-21,0,cross_regime_pre2026_to_post2026,landmark_prevalence_baseline,0.15133742726373653
separacion:3918,2026-0000807,MD-1205,MD,2026-01-22,0,2026-02-21,0,cross_regime_pre2026_to_post2026,landmark_prevalence_baseline,0.15133742726373653
separacion:3921,2026-0000820,NP-A1510,NP,2026-01-22,0,2026-02-21,0,cross_regime_pre2026_to_post2026,landmark_prevalence_baseline,0.15133742726373653
separacion:3922,2026-0000826,MD-E43,MD,2026-01-22,0,2026-02-21,0,cross_regime_pre2026_to_post2026,landmark_prevalence_baseline,0.15133742726373653
separacion:3923,2026-0000825,MD-E36,MD,2026-01-22,0,2026-02-21,0,cross_regime_pre2026_to_post2026,landmark_prevalence_baseline,0.15133742726373653
separacion:3924,2026-0000828,NP-A1304,NP,2026-01-22,0,2026-02-21,0,cross_regime_pre2026_to_post2026,landmark_prevalence_baseline,0.15133742726373653
separacion:3925,2026-0000800,GY-1603,GY,2026-01-22,0,2026-02-21,0,cross_regime_pre2026_to_post2026,landmark_prevalence_baseline,0.15133742726373653
separacion:3873,2026-0000225,SL-1408,SL,2026-01-23,14,2026-02-22,0,cross_regime_pre2026_to_post2026,landmark_prevalence_baseline,0.16853246488906984
separacion:3890,2026-0000526,MD-E58,MD,2026-01-23,7,2026-02-22,0,cross_regime_pre2026_to_post2026,landmark_prevalence_baseline,0.13317009483455364
separacion:3891,2026-0000527,NP-A1806,NP,2026-01-23,7,2026-02-22,0,cross_regime_pre2026_to_post2026,landmark_prevalence_baseline,0.13317009483455364
separacion:3926,2026-0000832,NP-A207,NP,2026-01-23,0,2026-02-22,1,cross_regime_pre2026_to_post2026,landmark_prevalence_baseline,0.15133742726373653
separacion:3927,2026-0000822,GY-701,GY,2026-01-23,0,2026-02-22,1,cross_regime_pre2026_to_post2026,landmark_prevalence_baseline,0.15133742726373653
separacion:3931,2026-0000856,MT-A23,MT,2026-01-23,0,2026-02-22,0,cross_regime_pre2026_to_post2026,landmark_prevalence_baseline,0.15133742726373653
separacion:3932,2026-0000872,MD-1108,MD,2026-01-23,0,2026-02-22,0,cross_regime_pre2026_to_post2026,landmark_prevalence_baseline,0.15133742726373653
separacion:3834,2026-0000043,MT-A29,MT,2026-01-24,21,2026-02-23,0,cross_regime_pre2026_to_post2026,landmark_prevalence_baseline,0.15251032840837475
separacion:3835,2026-0000071,GY-35,GY,2026-01-24,21,2026-02-23,0,cross_regime_pre2026_to_post2026,landmark_prevalence_baseline,0.15251032840837475
separacion:3876,2026-0000218,GY-1504,GY,2026-01-24,14,2026-02-23,0,cross_regime_pre2026_to_post2026,landmark_prevalence_baseline,0.16853246488906984
separacion:3877,2026-0000222,EEUU-803,EEUU,2026-01-24,14,2026-02-23,0,cross_regime_pre2026_to_post2026,landmark_prevalence_baseline,0.16853246488906984
separacion:3893,2026-0000574,MD-1607,MD,2026-01-24,7,2026-02-23,0,cross_regime_pre2026_to_post2026,landmark_prevalence_baseline,0.13317009483455364
separacion:3933,2026-0000887,MD-604,MD,2026-01-24,0,2026-02-23,1,cross_regime_pre2026_to_post2026,landmark_prevalence_baseline,0.15133742726373653
separacion:3934,2026-0000785,MT-A405,MT,2026-01-24,0,2026-02-23,0,cross_regime_pre2026_to_post2026,landmark_prevalence_baseline,0.15133742726373653
separacion:3837,2026-0000095,NP-A-E27,NP,2026-01-25,21,2026-02-24,0,cross_regime_pre2026_to_post2026,landmark_prevalence_baseline,0.15251032840837475
separacion:3838,2026-0000102,EEUU-E40,EEUU,2026-01-25,21,2026-02-24,0,cross_regime_pre2026_to_post2026,landmark_prevalence_baseline,0.15251032840837475
separacion:3839,2026-0000029,GY-206,GY,2026-01-25,21,2026-02-24,0,cross_regime_pre2026_to_post2026,landmark_prevalence_baseline,0.15251032840837475
separacion:3879,2026-0000341,NP-A2301,NP,2026-01-25,14,2026-02-24,1,cross_regime_pre2026_to_post2026,landmark_prevalence_baseline,0.16853246488906984
separacion:3936,2026-0000854,GY-1102,GY,2026-01-25,0,2026-02-24,0,cross_regime_pre2026_to_post2026,landmark_prevalence_baseline,0.15133742726373653
separacion:3938,2026-0000956,GY-701,GY,2026-01-25,0,2026-02-24,0,cross_regime_pre2026_to_post2026,landmark_prevalence_baseline,0.15133742726373653
separacion:3939,2026-0000961,NP-A2806,NP,2026-01-25,0,2026-02-24,0,cross_regime_pre2026_to_post2026,landmark_prevalence_baseline,0.15133742726373653
separacion:3940,2026-0000944,MT-A1108,MT,2026-01-25,0,2026-02-24,0,cross_regime_pre2026_to_post2026,landmark_prevalence_baseline,0.15133742726373653
separacion:3941,2026-0000976,NP-A2702,NP,2026-01-25,0,2026-02-24,0,cross_regime_pre2026_to_post2026,landmark_prevalence_baseline,0.15133742726373653
separacion:3942,2026-0000938,MT-B1105,MT,2026-01-25,0,2026-02-24,0,cross_regime_pre2026_to_post2026,landmark_prevalence_baseline,0.15133742726373653
separacion:3855,2025-0009127,MD-1704,MD,2026-01-26,21,2026-02-25,1,cross_regime_pre2026_to_post2026,landmark_prevalence_baseline,0.15251032840837475
separacion:3857,2025-0009124,SL-1208,SL,2026-01-26,21,2026-02-25,0,cross_regime_pre2026_to_post2026,landmark_prevalence_baseline,0.15251032840837475
separacion:3904,2026-0000701,EEUU-E14,EEUU,2026-01-26,7,2026-02-25,0,cross_regime_pre2026_to_post2026,landmark_prevalence_baseline,0.13317009483455364
separacion:3905,2026-0000706,MT-A503,MT,2026-01-26,7,2026-02-25,0,cross_regime_pre2026_to_post2026,landmark_prevalence_baseline,0.13317009483455364
separacion:3949,2026-0001010,NP-A2303,NP,2026-01-26,0,2026-02-25,1,cross_regime_pre2026_to_post2026,landmark_prevalence_baseline,0.15133742726373653
separacion:3950,2026-0001016,MD-E21,MD,2026-01-26,0,2026-02-25,0,cross_regime_pre2026_to_post2026,landmark_prevalence_baseline,0.15133742726373653
separacion:3951,2026-0000933,EEUU-501,EEUU,2026-01-26,0,2026-02-25,1,cross_regime_pre2026_to_post2026,landmark_prevalence_baseline,0.15133742726373653
separacion:3865,2026-0000164,MD-E38,MD,2026-01-27,21,2026-02-26,0,cross_regime_pre2026_to_post2026,landmark_prevalence_baseline,0.15251032840837475
separacion:3909,2026-0000732,EEUU-D16,EEUU,2026-01-27,7,2026-02-26,0,cross_regime_pre2026_to_post2026,landmark_prevalence_baseline,0.13317009483455364
separacion:3952,2026-0001043,EEUU-603,EEUU,2026-01-27,0,2026-02-26,0,cross_regime_pre2026_to_post2026,landmark_prevalence_baseline,0.15133742726373653
separacion:3953,2026-0001041,GY-1604,GY,2026-01-27,0,2026-02-26,0,cross_regime_pre2026_to_post2026,landmark_prevalence_baseline,0.15133742726373653
separacion:3866,2026-0000134,NP-A-E62,NP,2026-01-28,21,2026-02-27,0,cross_regime_pre2026_to_post2026,landmark_prevalence_baseline,0.15251032840837475
separacion:3913,2026-0000767,NP-A2801,NP,2026-01-28,7,2026-02-27,1,cross_regime_pre2026_to_post2026,landmark_prevalence_baseline,0.13317009483455364
separacion:3954,2026-0001053,MT-A58,MT,2026-01-28,0,2026-02-27,0,cross_regime_pre2026_to_post2026,landmark_prevalence_baseline,0.15133742726373653
separacion:3956,2026-0001082,EEUU-D13,EEUU,2026-01-28,0,2026-02-27,0,cross_regime_pre2026_to_post2026,landmark_prevalence_baseline,0.15133742726373653
separacion:3889,2026-0000493,FX-405,FX,2026-01-29,14,2026-02-28,1,cross_regime_pre2026_to_post2026,landmark_prevalence_baseline,0.16853246488906984
separacion:3921,2026-0000820,NP-A1510,NP,2026-01-29,7,2026-02-28,0,cross_regime_pre2026_to_post2026,landmark_prevalence_baseline,0.13317009483455364
separacion:3922,2026-0000826,MD-E43,MD,2026-01-29,7,2026-02-28,0,cross_regime_pre2026_to_post2026,landmark_prevalence_baseline,0.13317009483455364
separacion:3923,2026-0000825,MD-E36,MD,2026-01-29,7,2026-02-28,0,cross_regime_pre2026_to_post2026,landmark_prevalence_baseline,0.13317009483455364
separacion:3924,2026-0000828,NP-A1304,NP,2026-01-29,7,2026-02-28,1,cross_regime_pre2026_to_post2026,landmark_prevalence_baseline,0.13317009483455364
separacion:3925,2026-0000800,GY-1603,GY,2026-01-29,7,2026-02-28,0,cross_regime_pre2026_to_post2026,landmark_prevalence_baseline,0.13317009483455364
separacion:3957,2026-0001100,GY-1501,GY,2026-01-29,0,2026-02-28,0,cross_regime_pre2026_to_post2026,landmark_prevalence_baseline,0.15133742726373653
separacion:3959,2026-0001124,FX-1602,FX,2026-01-29,0,2026-02-28,0,cross_regime_pre2026_to_post2026,landmark_prevalence_baseline,0.15133742726373653
separacion:3962,2026-0001127,CP-B803,CP,2026-01-29,0,2026-02-28,0,cross_regime_pre2026_to_post2026,landmark_prevalence_baseline,0.15133742726373653
separacion:3963,2026-0001013,SL-604,SL,2026-01-29,0,2026-02-28,0,cross_regime_pre2026_to_post2026,landmark_prevalence_baseline,0.15133742726373653
separacion:3873,2026-0000225,SL-1408,SL,2026-01-30,21,2026-03-01,0,cross_regime_pre2026_to_post2026,landmark_prevalence_baseline,0.15251032840837475
separacion:3890,2026-0000526,MD-E58,MD,2026-01-30,14,2026-03-01,0,cross_regime_pre2026_to_post2026,landmark_prevalence_baseline,0.16853246488906984
separacion:3891,2026-0000527,NP-A1806,NP,2026-01-30,14,2026-03-01,1,cross_regime_pre2026_to_post2026,landmark_prevalence_baseline,0.16853246488906984
separacion:3931,2026-0000856,MT-A23,MT,2026-01-30,7,2026-03-01,0,cross_regime_pre2026_to_post2026,landmark_prevalence_baseline,0.13317009483455364
separacion:3964,2026-0001141,MD-1909,MD,2026-01-30,0,2026-03-01,0,cross_regime_pre2026_to_post2026,landmark_prevalence_baseline,0.15133742726373653
separacion:3933,2026-0000887,MD-604,MD,2026-01-31,7,2026-03-02,1,cross_regime_pre2026_to_post2026,landmark_prevalence_baseline,0.13317009483455364
separacion:3966,2026-0001164,GY-1106,GY,2026-01-31,0,2026-03-02,0,cross_regime_pre2026_to_post2026,landmark_prevalence_baseline,0.15133742726373653
separacion:3879,2026-0000341,NP-A2301,NP,2026-02-01,21,2026-03-03,1,cross_regime_pre2026_to_post2026,landmark_prevalence_baseline,0.15251032840837475
separacion:3968,2026-0001236,NP-A-E61,NP,2026-02-01,0,2026-03-03,0,cross_regime_pre2026_to_post2026,landmark_prevalence_baseline,0.15133742726373653
separacion:3969,2026-0001263,MD-1805,MD,2026-02-01,0,2026-03-03,0,cross_regime_pre2026_to_post2026,landmark_prevalence_baseline,0.15133742726373653
separacion:3970,2026-0001264,MD-E22,MD,2026-02-01,0,2026-03-03,0,cross_regime_pre2026_to_post2026,landmark_prevalence_baseline,0.15133742726373653
separacion:3834,2026-0000043,MT-A29,MT,2026-02-02,30,2026-03-04,0,cross_regime_pre2026_to_post2026,landmark_prevalence_baseline,0.15141902938669424
separacion:3835,2026-0000071,GY-35,GY,2026-02-02,30,2026-03-04,0,cross_regime_pre2026_to_post2026,landmark_prevalence_baseline,0.15141902938669424
separacion:3904,2026-0000701,EEUU-E14,EEUU,2026-02-02,14,2026-03-04,0,cross_regime_pre2026_to_post2026,landmark_prevalence_baseline,0.16853246488906984
separacion:3949,2026-0001010,NP-A2303,NP,2026-02-02,7,2026-03-04,1,cross_regime_pre2026_to_post2026,landmark_prevalence_baseline,0.13317009483455364
separacion:3950,2026-0001016,MD-E21,MD,2026-02-02,7,2026-03-04,0,cross_regime_pre2026_to_post2026,landmark_prevalence_baseline,0.13317009483455364
separacion:3951,2026-0000933,EEUU-501,EEUU,2026-02-02,7,2026-03-04,1,cross_regime_pre2026_to_post2026,landmark_prevalence_baseline,0.13317009483455364
separacion:3971,2026-0001284,NP-A303,NP,2026-02-02,0,2026-03-04,1,cross_regime_pre2026_to_post2026,landmark_prevalence_baseline,0.15133742726373653
separacion:3837,2026-0000095,NP-A-E27,NP,2026-02-03,30,2026-03-05,0,cross_regime_pre2026_to_post2026,landmark_prevalence_baseline,0.15141902938669424
separacion:3838,2026-0000102,EEUU-E40,EEUU,2026-02-03,30,2026-03-05,0,cross_regime_pre2026_to_post2026,landmark_prevalence_baseline,0.15141902938669424
separacion:3839,2026-0000029,GY-206,GY,2026-02-03,30,2026-03-05,0,cross_regime_pre2026_to_post2026,landmark_prevalence_baseline,0.15141902938669424
separacion:3909,2026-0000732,EEUU-D16,EEUU,2026-02-03,14,2026-03-05,0,cross_regime_pre2026_to_post2026,landmark_prevalence_baseline,0.16853246488906984
separacion:3952,2026-0001043,EEUU-603,EEUU,2026-02-03,7,2026-03-05,0,cross_regime_pre2026_to_post2026,landmark_prevalence_baseline,0.13317009483455364
separacion:3972,2026-0001306,MD-1508,MD,2026-02-03,0,2026-03-05,0,cross_regime_pre2026_to_post2026,landmark_prevalence_baseline,0.15133742726373653
separacion:3973,2026-0001308,MD-2206,MD,2026-02-03,0,2026-03-05,0,cross_regime_pre2026_to_post2026,landmark_prevalence_baseline,0.15133742726373653
separacion:3974,2026-0001297,GY-25,GY,2026-02-03,0,2026-03-05,0,cross_regime_pre2026_to_post2026,landmark_prevalence_baseline,0.15133742726373653
separacion:3975,2026-0001317,NP-A1401,NP,2026-02-03,0,2026-03-05,0,cross_regime_pre2026_to_post2026,landmark_prevalence_baseline,0.15133742726373653
separacion:3976,2026-0001320,GY-21,GY,2026-02-03,0,2026-03-05,0,cross_regime_pre2026_to_post2026,landmark_prevalence_baseline,0.15133742726373653
separacion:3954,2026-0001053,MT-A58,MT,2026-02-04,7,2026-03-06,0,cross_regime_pre2026_to_post2026,landmark_prevalence_baseline,0.13317009483455364
separacion:3956,2026-0001082,EEUU-D13,EEUU,2026-02-04,7,2026-03-06,0,cross_regime_pre2026_to_post2026,landmark_prevalence_baseline,0.13317009483455364
separacion:3978,2026-0001332,EEUU-D4,EEUU,2026-02-04,0,2026-03-06,0,cross_regime_pre2026_to_post2026,landmark_prevalence_baseline,0.15133742726373653
separacion:3980,2026-0001337,FX-1502,FX,2026-02-04,0,2026-03-06,1,cross_regime_pre2026_to_post2026,landmark_prevalence_baseline,0.15133742726373653
separacion:3981,2026-0001309,MT-A1209,MT,2026-02-04,0,2026-03-06,0,cross_regime_pre2026_to_post2026,landmark_prevalence_baseline,0.15133742726373653
separacion:3865,2026-0000164,MD-E38,MD,2026-02-05,30,2026-03-07,0,cross_regime_pre2026_to_post2026,landmark_prevalence_baseline,0.15141902938669424
separacion:3889,2026-0000493,FX-405,FX,2026-02-05,21,2026-03-07,1,cross_regime_pre2026_to_post2026,landmark_prevalence_baseline,0.15251032840837475
separacion:3922,2026-0000826,MD-E43,MD,2026-02-05,14,2026-03-07,0,cross_regime_pre2026_to_post2026,landmark_prevalence_baseline,0.16853246488906984
separacion:3923,2026-0000825,MD-E36,MD,2026-02-05,14,2026-03-07,0,cross_regime_pre2026_to_post2026,landmark_prevalence_baseline,0.16853246488906984
separacion:3924,2026-0000828,NP-A1304,NP,2026-02-05,14,2026-03-07,1,cross_regime_pre2026_to_post2026,landmark_prevalence_baseline,0.16853246488906984
separacion:3866,2026-0000134,NP-A-E62,NP,2026-02-06,30,2026-03-08,0,cross_regime_pre2026_to_post2026,landmark_prevalence_baseline,0.15141902938669424
separacion:3890,2026-0000526,MD-E58,MD,2026-02-06,21,2026-03-08,0,cross_regime_pre2026_to_post2026,landmark_prevalence_baseline,0.15251032840837475
separacion:3891,2026-0000527,NP-A1806,NP,2026-02-06,21,2026-03-08,1,cross_regime_pre2026_to_post2026,landmark_prevalence_baseline,0.15251032840837475
separacion:3931,2026-0000856,MT-A23,MT,2026-02-06,14,2026-03-08,0,cross_regime_pre2026_to_post2026,landmark_prevalence_baseline,0.16853246488906984
separacion:3982,2026-0001398,SL-705,SL,2026-02-06,0,2026-03-08,0,cross_regime_pre2026_to_post2026,landmark_prevalence_baseline,0.15133742726373653
separacion:3983,2026-0001402,SL-E8,SL,2026-02-06,0,2026-03-08,0,cross_regime_pre2026_to_post2026,landmark_prevalence_baseline,0.15133742726373653
separacion:3985,2026-0001403,NP-A1803,NP,2026-02-06,0,2026-03-08,0,cross_regime_pre2026_to_post2026,landmark_prevalence_baseline,0.15133742726373653
separacion:3986,2026-0001396,EEUU-203,EEUU,2026-02-06,0,2026-03-08,1,cross_regime_pre2026_to_post2026,landmark_prevalence_baseline,0.15133742726373653
separacion:3987,2026-0001331,CP-B203,CP,2026-02-06,0,2026-03-08,1,cross_regime_pre2026_to_post2026,landmark_prevalence_baseline,0.15133742726373653
separacion:3933,2026-0000887,MD-604,MD,2026-02-07,14,2026-03-09,1,cross_regime_pre2026_to_post2026,landmark_prevalence_baseline,0.16853246488906984
separacion:3966,2026-0001164,GY-1106,GY,2026-02-07,7,2026-03-09,0,cross_regime_pre2026_to_post2026,landmark_prevalence_baseline,0.13317009483455364
separacion:3988,2026-0001431,FX-205,FX,2026-02-07,0,2026-03-09,0,cross_regime_pre2026_to_post2026,landmark_prevalence_baseline,0.15133742726373653
separacion:3989,2026-0001432,EEUU-D15,EEUU,2026-02-07,0,2026-03-09,0,cross_regime_pre2026_to_post2026,landmark_prevalence_baseline,0.15133742726373653
separacion:3873,2026-0000225,SL-1408,SL,2026-02-08,30,2026-03-10,0,cross_regime_pre2026_to_post2026,landmark_prevalence_baseline,0.15141902938669424
separacion:3968,2026-0001236,NP-A-E61,NP,2026-02-08,7,2026-03-10,0,cross_regime_pre2026_to_post2026,landmark_prevalence_baseline,0.13317009483455364
separacion:3970,2026-0001264,MD-E22,MD,2026-02-08,7,2026-03-10,0,cross_regime_pre2026_to_post2026,landmark_prevalence_baseline,0.13317009483455364
separacion:3990,2026-0001471,GY-603,GY,2026-02-08,0,2026-03-10,0,cross_regime_pre2026_to_post2026,landmark_prevalence_baseline,0.15133742726373653
separacion:3991,2026-0001475,MD-1309,MD,2026-02-08,0,2026-03-10,0,cross_regime_pre2026_to_post2026,landmark_prevalence_baseline,0.15133742726373653
separacion:3904,2026-0000701,EEUU-E14,EEUU,2026-02-09,21,2026-03-11,0,cross_regime_pre2026_to_post2026,landmark_prevalence_baseline,0.15251032840837475
separacion:3949,2026-0001010,NP-A2303,NP,2026-02-09,14,2026-03-11,1,cross_regime_pre2026_to_post2026,landmark_prevalence_baseline,0.16853246488906984
separacion:3950,2026-0001016,MD-E21,MD,2026-02-09,14,2026-03-11,0,cross_regime_pre2026_to_post2026,landmark_prevalence_baseline,0.16853246488906984
separacion:3951,2026-0000933,EEUU-501,EEUU,2026-02-09,14,2026-03-11,1,cross_regime_pre2026_to_post2026,landmark_prevalence_baseline,0.16853246488906984
separacion:3971,2026-0001284,NP-A303,NP,2026-02-09,7,2026-03-11,1,cross_regime_pre2026_to_post2026,landmark_prevalence_baseline,0.13317009483455364
separacion:3992,2026-0001474,MD-1902,MD,2026-02-09,0,2026-03-11,0,cross_regime_pre2026_to_post2026,landmark_prevalence_baseline,0.15133742726373653
separacion:3909,2026-0000732,EEUU-D16,EEUU,2026-02-10,21,2026-03-12,0,cross_regime_pre2026_to_post2026,landmark_prevalence_baseline,0.15251032840837475
separacion:3952,2026-0001043,EEUU-603,EEUU,2026-02-10,14,2026-03-12,0,cross_regime_pre2026_to_post2026,landmark_prevalence_baseline,0.16853246488906984
separacion:3974,2026-0001297,GY-25,GY,2026-02-10,7,2026-03-12,0,cross_regime_pre2026_to_post2026,landmark_prevalence_baseline,0.13317009483455364
separacion:3976,2026-0001320,GY-21,GY,2026-02-10,7,2026-03-12,0,cross_regime_pre2026_to_post2026,landmark_prevalence_baseline,0.13317009483455364
separacion:3954,2026-0001053,MT-A58,MT,2026-02-11,14,2026-03-13,0,cross_regime_pre2026_to_post2026,landmark_prevalence_baseline,0.16853246488906984
separacion:3956,2026-0001082,EEUU-D13,EEUU,2026-02-11,14,2026-03-13,0,cross_regime_pre2026_to_post2026,landmark_prevalence_baseline,0.16853246488906984
separacion:3978,2026-0001332,EEUU-D4,EEUU,2026-02-11,7,2026-03-13,0,cross_regime_pre2026_to_post2026,landmark_prevalence_baseline,0.13317009483455364
separacion:3980,2026-0001337,FX-1502,FX,2026-02-11,7,2026-03-13,1,cross_regime_pre2026_to_post2026,landmark_prevalence_baseline,0.13317009483455364
separacion:3981,2026-0001309,MT-A1209,MT,2026-02-11,7,2026-03-13,0,cross_regime_pre2026_to_post2026,landmark_prevalence_baseline,0.13317009483455364
separacion:3993,2026-0001537,MD-1609,MD,2026-02-11,0,2026-03-13,0,cross_regime_pre2026_to_post2026,landmark_prevalence_baseline,0.15133742726373653
separacion:3994,2026-0001538,MD-1603,MD,2026-02-11,0,2026-03-13,0,cross_regime_pre2026_to_post2026,landmark_prevalence_baseline,0.15133742726373653
separacion:3922,2026-0000826,MD-E43,MD,2026-02-12,21,2026-03-14,0,cross_regime_pre2026_to_post2026,landmark_prevalence_baseline,0.15251032840837475
separacion:3923,2026-0000825,MD-E36,MD,2026-02-12,21,2026-03-14,0,cross_regime_pre2026_to_post2026,landmark_prevalence_baseline,0.15251032840837475
separacion:3924,2026-0000828,NP-A1304,NP,2026-02-12,21,2026-03-14,1,cross_regime_pre2026_to_post2026,landmark_prevalence_baseline,0.15251032840837475
separacion:3997,2026-0001566,GY-1001,GY,2026-02-12,0,2026-03-14,1,cross_regime_pre2026_to_post2026,landmark_prevalence_baseline,0.15133742726373653
separacion:3931,2026-0000856,MT-A23,MT,2026-02-13,21,2026-03-15,0,cross_regime_pre2026_to_post2026,landmark_prevalence_baseline,0.15251032840837475
separacion:3982,2026-0001398,SL-705,SL,2026-02-13,7,2026-03-15,0,cross_regime_pre2026_to_post2026,landmark_prevalence_baseline,0.13317009483455364
separacion:3983,2026-0001402,SL-E8,SL,2026-02-13,7,2026-03-15,0,cross_regime_pre2026_to_post2026,landmark_prevalence_baseline,0.13317009483455364
separacion:3985,2026-0001403,NP-A1803,NP,2026-02-13,7,2026-03-15,0,cross_regime_pre2026_to_post2026,landmark_prevalence_baseline,0.13317009483455364
separacion:3986,2026-0001396,EEUU-203,EEUU,2026-02-13,7,2026-03-15,1,cross_regime_pre2026_to_post2026,landmark_prevalence_baseline,0.13317009483455364
separacion:4002,2026-0001591,MT-A09,MT,2026-02-13,0,2026-03-15,0,cross_regime_pre2026_to_post2026,landmark_prevalence_baseline,0.15133742726373653
separacion:4005,2026-0001573,NP-A906,NP,2026-02-13,0,2026-03-15,0,cross_regime_pre2026_to_post2026,landmark_prevalence_baseline,0.15133742726373653
separacion:3889,2026-0000493,FX-405,FX,2026-02-14,30,2026-03-16,1,cross_regime_pre2026_to_post2026,landmark_prevalence_baseline,0.15141902938669424
separacion:3988,2026-0001431,FX-205,FX,2026-02-14,7,2026-03-16,0,cross_regime_pre2026_to_post2026,landmark_prevalence_baseline,0.13317009483455364
separacion:3989,2026-0001432,EEUU-D15,EEUU,2026-02-14,7,2026-03-16,0,cross_regime_pre2026_to_post2026,landmark_prevalence_baseline,0.13317009483455364
separacion:4006,2026-0001533,SL-1305,SL,2026-02-14,0,2026-03-16,0,cross_regime_pre2026_to_post2026,landmark_prevalence_baseline,0.15133742726373653
separacion:3890,2026-0000526,MD-E58,MD,2026-02-15,30,2026-03-17,0,cross_regime_pre2026_to_post2026,landmark_prevalence_baseline,0.15141902938669424
separacion:3891,2026-0000527,NP-A1806,NP,2026-02-15,30,2026-03-17,1,cross_regime_pre2026_to_post2026,landmark_prevalence_baseline,0.15141902938669424
separacion:3968,2026-0001236,NP-A-E61,NP,2026-02-15,14,2026-03-17,0,cross_regime_pre2026_to_post2026,landmark_prevalence_baseline,0.16853246488906984
separacion:3970,2026-0001264,MD-E22,MD,2026-02-15,14,2026-03-17,0,cross_regime_pre2026_to_post2026,landmark_prevalence_baseline,0.16853246488906984
separacion:3991,2026-0001475,MD-1309,MD,2026-02-15,7,2026-03-17,1,cross_regime_pre2026_to_post2026,landmark_prevalence_baseline,0.13317009483455364
separacion:4007,2026-0001648,NP-A2502,NP,2026-02-15,0,2026-03-17,0,cross_regime_pre2026_to_post2026,landmark_prevalence_baseline,0.15133742726373653
separacion:3949,2026-0001010,NP-A2303,NP,2026-02-16,21,2026-03-18,1,cross_regime_pre2026_to_post2026,landmark_prevalence_baseline,0.15251032840837475
separacion:3950,2026-0001016,MD-E21,MD,2026-02-16,21,2026-03-18,0,cross_regime_pre2026_to_post2026,landmark_prevalence_baseline,0.15251032840837475
separacion:3951,2026-0000933,EEUU-501,EEUU,2026-02-16,21,2026-03-18,1,cross_regime_pre2026_to_post2026,landmark_prevalence_baseline,0.15251032840837475
separacion:3971,2026-0001284,NP-A303,NP,2026-02-16,14,2026-03-18,1,cross_regime_pre2026_to_post2026,landmark_prevalence_baseline,0.16853246488906984
separacion:4009,2026-0001667,GY-1103,GY,2026-02-16,0,2026-03-18,1,cross_regime_pre2026_to_post2026,landmark_prevalence_baseline,0.15133742726373653
separacion:4011,2026-0001676,NP-A406,NP,2026-02-16,0,2026-03-18,1,cross_regime_pre2026_to_post2026,landmark_prevalence_baseline,0.15133742726373653
separacion:4012,2026-0001672,NP-A2605,NP,2026-02-16,0,2026-03-18,0,cross_regime_pre2026_to_post2026,landmark_prevalence_baseline,0.15133742726373653
separacion:3834,2026-0000043,MT-A29,MT,2026-02-17,45,2026-03-19,0,cross_regime_pre2026_to_post2026,landmark_prevalence_baseline,0.131366884597841
separacion:3835,2026-0000071,GY-35,GY,2026-02-17,45,2026-03-19,0,cross_regime_pre2026_to_post2026,landmark_prevalence_baseline,0.131366884597841
separacion:3974,2026-0001297,GY-25,GY,2026-02-17,14,2026-03-19,0,cross_regime_pre2026_to_post2026,landmark_prevalence_baseline,0.16853246488906984
separacion:3976,2026-0001320,GY-21,GY,2026-02-17,14,2026-03-19,0,cross_regime_pre2026_to_post2026,landmark_prevalence_baseline,0.16853246488906984
separacion:4013,2026-0001693,EEUU-1402,EEUU,2026-02-17,0,2026-03-19,0,cross_regime_pre2026_to_post2026,landmark_prevalence_baseline,0.15133742726373653
separacion:4014,2026-0001698,EEUU-E48,EEUU,2026-02-17,0,2026-03-19,0,cross_regime_pre2026_to_post2026,landmark_prevalence_baseline,0.15133742726373653
separacion:4016,2026-0001707,NP-A402,NP,2026-02-17,0,2026-03-19,0,cross_regime_pre2026_to_post2026,landmark_prevalence_baseline,0.15133742726373653
separacion:3837,2026-0000095,NP-A-E27,NP,2026-02-18,45,2026-03-20,0,cross_regime_pre2026_to_post2026,landmark_prevalence_baseline,0.131366884597841
separacion:3838,2026-0000102,EEUU-E40,EEUU,2026-02-18,45,2026-03-20,0,cross_regime_pre2026_to_post2026,landmark_prevalence_baseline,0.131366884597841
separacion:3839,2026-0000029,GY-206,GY,2026-02-18,45,2026-03-20,0,cross_regime_pre2026_to_post2026,landmark_prevalence_baseline,0.131366884597841
separacion:3904,2026-0000701,EEUU-E14,EEUU,2026-02-18,30,2026-03-20,0,cross_regime_pre2026_to_post2026,landmark_prevalence_baseline,0.15141902938669424
separacion:3954,2026-0001053,MT-A58,MT,2026-02-18,21,2026-03-20,0,cross_regime_pre2026_to_post2026,landmark_prevalence_baseline,0.15251032840837475
separacion:3956,2026-0001082,EEUU-D13,EEUU,2026-02-18,21,2026-03-20,0,cross_regime_pre2026_to_post2026,landmark_prevalence_baseline,0.15251032840837475
separacion:3978,2026-0001332,EEUU-D4,EEUU,2026-02-18,14,2026-03-20,0,cross_regime_pre2026_to_post2026,landmark_prevalence_baseline,0.16853246488906984
separacion:3980,2026-0001337,FX-1502,FX,2026-02-18,14,2026-03-20,1,cross_regime_pre2026_to_post2026,landmark_prevalence_baseline,0.16853246488906984
separacion:3993,2026-0001537,MD-1609,MD,2026-02-18,7,2026-03-20,0,cross_regime_pre2026_to_post2026,landmark_prevalence_baseline,0.13317009483455364
separacion:3994,2026-0001538,MD-1603,MD,2026-02-18,7,2026-03-20,0,cross_regime_pre2026_to_post2026,landmark_prevalence_baseline,0.13317009483455364
separacion:4017,2026-0001713,GY-1503,GY,2026-02-18,0,2026-03-20,1,cross_regime_pre2026_to_post2026,landmark_prevalence_baseline,0.15133742726373653
separacion:4018,2026-0001716,NP-A1704,NP,2026-02-18,0,2026-03-20,1,cross_regime_pre2026_to_post2026,landmark_prevalence_baseline,0.15133742726373653
separacion:4019,2026-0001717,NP-A1404,NP,2026-02-18,0,2026-03-20,0,cross_regime_pre2026_to_post2026,landmark_prevalence_baseline,0.15133742726373653
separacion:3909,2026-0000732,EEUU-D16,EEUU,2026-02-19,30,2026-03-21,0,cross_regime_pre2026_to_post2026,landmark_prevalence_baseline,0.15141902938669424
separacion:4025,2026-0001739,FX-705,FX,2026-02-19,0,2026-03-21,1,cross_regime_pre2026_to_post2026,landmark_prevalence_baseline,0.15133742726373653
separacion:4026,2026-0001742,CP-E27,CP,2026-02-19,0,2026-03-21,0,cross_regime_pre2026_to_post2026,landmark_prevalence_baseline,0.15133742726373653
separacion:3865,2026-0000164,MD-E38,MD,2026-02-20,45,2026-03-22,0,cross_regime_pre2026_to_post2026,landmark_prevalence_baseline,0.131366884597841
separacion:3982,2026-0001398,SL-705,SL,2026-02-20,14,2026-03-22,0,cross_regime_pre2026_to_post2026,landmark_prevalence_baseline,0.16853246488906984
separacion:3983,2026-0001402,SL-E8,SL,2026-02-20,14,2026-03-22,0,cross_regime_pre2026_to_post2026,landmark_prevalence_baseline,0.16853246488906984
separacion:3985,2026-0001403,NP-A1803,NP,2026-02-20,14,2026-03-22,0,cross_regime_pre2026_to_post2026,landmark_prevalence_baseline,0.16853246488906984
separacion:3986,2026-0001396,EEUU-203,EEUU,2026-02-20,14,2026-03-22,1,cross_regime_pre2026_to_post2026,landmark_prevalence_baseline,0.16853246488906984
separacion:4002,2026-0001591,MT-A09,MT,2026-02-20,7,2026-03-22,0,cross_regime_pre2026_to_post2026,landmark_prevalence_baseline,0.13317009483455364
separacion:3866,2026-0000134,NP-A-E62,NP,2026-02-21,45,2026-03-23,0,cross_regime_pre2026_to_post2026,landmark_prevalence_baseline,0.131366884597841
separacion:3922,2026-0000826,MD-E43,MD,2026-02-21,30,2026-03-23,0,cross_regime_pre2026_to_post2026,landmark_prevalence_baseline,0.15141902938669424
separacion:3923,2026-0000825,MD-E36,MD,2026-02-21,30,2026-03-23,0,cross_regime_pre2026_to_post2026,landmark_prevalence_baseline,0.15141902938669424
separacion:3924,2026-0000828,NP-A1304,NP,2026-02-21,30,2026-03-23,1,cross_regime_pre2026_to_post2026,landmark_prevalence_baseline,0.15141902938669424
separacion:3989,2026-0001432,EEUU-D15,EEUU,2026-02-21,14,2026-03-23,0,cross_regime_pre2026_to_post2026,landmark_prevalence_baseline,0.16853246488906984
separacion:4006,2026-0001533,SL-1305,SL,2026-02-21,7,2026-03-23,0,cross_regime_pre2026_to_post2026,landmark_prevalence_baseline,0.13317009483455364
separacion:4028,2026-0001802,MD-1208,MD,2026-02-21,0,2026-03-23,0,cross_regime_pre2026_to_post2026,landmark_prevalence_baseline,0.15133742726373653
separacion:4029,2026-0001819,MD-908,MD,2026-02-21,0,2026-03-23,0,cross_regime_pre2026_to_post2026,landmark_prevalence_baseline,0.15133742726373653
separacion:3931,2026-0000856,MT-A23,MT,2026-02-22,30,2026-03-24,0,cross_regime_pre2026_to_post2026,landmark_prevalence_baseline,0.15141902938669424
separacion:3968,2026-0001236,NP-A-E61,NP,2026-02-22,21,2026-03-24,0,cross_regime_pre2026_to_post2026,landmark_prevalence_baseline,0.15251032840837475
separacion:3970,2026-0001264,MD-E22,MD,2026-02-22,21,2026-03-24,0,cross_regime_pre2026_to_post2026,landmark_prevalence_baseline,0.15251032840837475
separacion:3991,2026-0001475,MD-1309,MD,2026-02-22,14,2026-03-24,1,cross_regime_pre2026_to_post2026,landmark_prevalence_baseline,0.16853246488906984
separacion:4007,2026-0001648,NP-A2502,NP,2026-02-22,7,2026-03-24,0,cross_regime_pre2026_to_post2026,landmark_prevalence_baseline,0.13317009483455364
separacion:4031,2026-0001823,MD-2101,MD,2026-02-22,0,2026-03-24,0,cross_regime_pre2026_to_post2026,landmark_prevalence_baseline,0.15133742726373653
separacion:3873,2026-0000225,SL-1408,SL,2026-02-23,45,2026-03-25,0,cross_regime_pre2026_to_post2026,landmark_prevalence_baseline,0.131366884597841
separacion:4033,2026-0001854,TZ-6,TZ,2026-02-23,0,2026-03-25,0,cross_regime_pre2026_to_post2026,landmark_prevalence_baseline,0.15133742726373653
separacion:4034,2026-0001828,GY-703,GY,2026-02-23,0,2026-03-25,0,cross_regime_pre2026_to_post2026,landmark_prevalence_baseline,0.15133742726373653
separacion:4040,2026-0001859,TZ-17,TZ,2026-02-23,0,2026-03-25,0,cross_regime_pre2026_to_post2026,landmark_prevalence_baseline,0.15133742726373653
separacion:3974,2026-0001297,GY-25,GY,2026-02-24,21,2026-03-26,0,cross_regime_pre2026_to_post2026,landmark_prevalence_baseline,0.15251032840837475
separacion:3976,2026-0001320,GY-21,GY,2026-02-24,21,2026-03-26,0,cross_regime_pre2026_to_post2026,landmark_prevalence_baseline,0.15251032840837475
separacion:4014,2026-0001698,EEUU-E48,EEUU,2026-02-24,7,2026-03-26,0,cross_regime_pre2026_to_post2026,landmark_prevalence_baseline,0.13317009483455364
separacion:4044,2026-0001915,SL-1405,SL,2026-02-24,0,2026-03-26,0,cross_regime_pre2026_to_post2026,landmark_prevalence_baseline,0.15133742726373653
separacion:4045,2026-0001919,FX-E24,FX,2026-02-24,0,2026-03-26,0,cross_regime_pre2026_to_post2026,landmark_prevalence_baseline,0.15133742726373653
separacion:4046,2026-0001921,FX-1601,FX,2026-02-24,0,2026-03-26,1,cross_regime_pre2026_to_post2026,landmark_prevalence_baseline,0.15133742726373653
separacion:3950,2026-0001016,MD-E21,MD,2026-02-25,30,2026-03-27,0,cross_regime_pre2026_to_post2026,landmark_prevalence_baseline,0.15141902938669424
separacion:3978,2026-0001332,EEUU-D4,EEUU,2026-02-25,21,2026-03-27,0,cross_regime_pre2026_to_post2026,landmark_prevalence_baseline,0.15251032840837475
separacion:3993,2026-0001537,MD-1609,MD,2026-02-25,14,2026-03-27,0,cross_regime_pre2026_to_post2026,landmark_prevalence_baseline,0.16853246488906984
separacion:4047,2026-0001892,NP-A1302,NP,2026-02-25,0,2026-03-27,0,cross_regime_pre2026_to_post2026,landmark_prevalence_baseline,0.15133742726373653
separacion:4050,2026-0001938,FX-1301,FX,2026-02-25,0,2026-03-27,0,cross_regime_pre2026_to_post2026,landmark_prevalence_baseline,0.15133742726373653
separacion:4052,2026-0001943,GY-706,GY,2026-02-25,0,2026-03-27,0,cross_regime_pre2026_to_post2026,landmark_prevalence_baseline,0.15133742726373653
separacion:4026,2026-0001742,CP-E27,CP,2026-02-26,7,2026-03-28,0,cross_regime_pre2026_to_post2026,landmark_prevalence_baseline,0.13317009483455364
separacion:3954,2026-0001053,MT-A58,MT,2026-02-27,30,2026-03-29,0,cross_regime_pre2026_to_post2026,landmark_prevalence_baseline,0.15141902938669424
separacion:3956,2026-0001082,EEUU-D13,EEUU,2026-02-27,30,2026-03-29,0,cross_regime_pre2026_to_post2026,landmark_prevalence_baseline,0.15141902938669424
separacion:3983,2026-0001402,SL-E8,SL,2026-02-27,21,2026-03-29,0,cross_regime_pre2026_to_post2026,landmark_prevalence_baseline,0.15251032840837475
separacion:4002,2026-0001591,MT-A09,MT,2026-02-27,14,2026-03-29,0,cross_regime_pre2026_to_post2026,landmark_prevalence_baseline,0.16853246488906984
separacion:4058,2026-0001994,MD-102,MD,2026-02-27,0,2026-03-29,0,cross_regime_pre2026_to_post2026,landmark_prevalence_baseline,0.15133742726373653
separacion:3989,2026-0001432,EEUU-D15,EEUU,2026-02-28,21,2026-03-30,0,cross_regime_pre2026_to_post2026,landmark_prevalence_baseline,0.15251032840837475
separacion:4006,2026-0001533,SL-1305,SL,2026-02-28,14,2026-03-30,0,cross_regime_pre2026_to_post2026,landmark_prevalence_baseline,0.16853246488906984
separacion:4061,2026-0002052,SL-505,SL,2026-02-28,0,2026-03-30,0,cross_regime_pre2026_to_post2026,landmark_prevalence_baseline,0.15133742726373653
separacion:4062,2026-0002065,FX-1502,FX,2026-02-28,0,2026-03-30,0,cross_regime_pre2026_to_post2026,landmark_prevalence_baseline,0.15133742726373653
separacion:4063,2026-0002080,NP-A1703,NP,2026-02-28,0,2026-03-30,0,cross_regime_pre2026_to_post2026,landmark_prevalence_baseline,0.15133742726373653
separacion:4064,2026-0002083,GY-1303,GY,2026-02-28,0,2026-03-30,0,cross_regime_pre2026_to_post2026,landmark_prevalence_baseline,0.15133742726373653
separacion:4065,2026-0002060,MT-A509,MT,2026-02-28,0,2026-03-30,0,cross_regime_pre2026_to_post2026,landmark_prevalence_baseline,0.15133742726373653
separacion:3991,2026-0001475,MD-1309,MD,2026-03-01,21,2026-03-31,1,cross_regime_pre2026_to_post2026,landmark_prevalence_baseline,0.15251032840837475
separacion:4066,2026-0002114,NP-A1910,NP,2026-03-01,0,2026-03-31,0,cross_regime_pre2026_to_post2026,landmark_prevalence_baseline,0.15133742726373653
separacion:4067,2026-0002061,NP-A2610,NP,2026-03-01,0,2026-03-31,0,cross_regime_pre2026_to_post2026,landmark_prevalence_baseline,0.15133742726373653
separacion:4068,2026-0002131,GY-1502,GY,2026-03-01,0,2026-03-31,0,cross_regime_pre2026_to_post2026,landmark_prevalence_baseline,0.15133742726373653
separacion:4069,2026-0002138,SL-1505,SL,2026-03-01,0,2026-03-31,0,cross_regime_pre2026_to_post2026,landmark_prevalence_baseline,0.15133742726373653
separacion:3890,2026-0000526,MD-E58,MD,2026-03-02,45,2026-04-01,0,cross_regime_pre2026_to_post2026,landmark_prevalence_baseline,0.131366884597841
separacion:4033,2026-0001854,TZ-6,TZ,2026-03-02,7,2026-04-01,0,cross_regime_pre2026_to_post2026,landmark_prevalence_baseline,0.13317009483455364
separacion:4040,2026-0001859,TZ-17,TZ,2026-03-02,7,2026-04-01,0,cross_regime_pre2026_to_post2026,landmark_prevalence_baseline,0.13317009483455364
separacion:4070,2026-0002136,NP-A1202,NP,2026-03-02,0,2026-04-01,0,cross_regime_pre2026_to_post2026,landmark_prevalence_baseline,0.15133742726373653
separacion:4075,2026-0002152,NP-A802,NP,2026-03-02,0,2026-04-01,1,cross_regime_pre2026_to_post2026,landmark_prevalence_baseline,0.15133742726373653
separacion:4076,2026-0002177,EEUU-1002,EEUU,2026-03-02,0,2026-04-01,0,cross_regime_pre2026_to_post2026,landmark_prevalence_baseline,0.15133742726373653
separacion:3968,2026-0001236,NP-A-E61,NP,2026-03-03,30,2026-04-02,0,cross_regime_pre2026_to_post2026,landmark_prevalence_baseline,0.15141902938669424
separacion:3970,2026-0001264,MD-E22,MD,2026-03-03,30,2026-04-02,0,cross_regime_pre2026_to_post2026,landmark_prevalence_baseline,0.15141902938669424
separacion:4014,2026-0001698,EEUU-E48,EEUU,2026-03-03,14,2026-04-02,0,cross_regime_pre2026_to_post2026,landmark_prevalence_baseline,0.16853246488906984
separacion:4044,2026-0001915,SL-1405,SL,2026-03-03,7,2026-04-02,0,cross_regime_pre2026_to_post2026,landmark_prevalence_baseline,0.13317009483455364
separacion:4045,2026-0001919,FX-E24,FX,2026-03-03,7,2026-04-02,0,cross_regime_pre2026_to_post2026,landmark_prevalence_baseline,0.13317009483455364
separacion:3834,2026-0000043,MT-A29,MT,2026-03-04,60,2026-04-03,0,cross_regime_pre2026_to_post2026,landmark_prevalence_baseline,0.10475059382422801
separacion:3835,2026-0000071,GY-35,GY,2026-03-04,60,2026-04-03,0,cross_regime_pre2026_to_post2026,landmark_prevalence_baseline,0.10475059382422801
separacion:4050,2026-0001938,FX-1301,FX,2026-03-04,7,2026-04-03,0,cross_regime_pre2026_to_post2026,landmark_prevalence_baseline,0.13317009483455364
separacion:4052,2026-0001943,GY-706,GY,2026-03-04,7,2026-04-03,0,cross_regime_pre2026_to_post2026,landmark_prevalence_baseline,0.13317009483455364
separacion:4077,2026-0002207,FX-401,FX,2026-03-04,0,2026-04-03,0,cross_regime_pre2026_to_post2026,landmark_prevalence_baseline,0.15133742726373653
separacion:3837,2026-0000095,NP-A-E27,NP,2026-03-05,60,2026-04-04,0,cross_regime_pre2026_to_post2026,landmark_prevalence_baseline,0.10475059382422801
separacion:3838,2026-0000102,EEUU-E40,EEUU,2026-03-05,60,2026-04-04,0,cross_regime_pre2026_to_post2026,landmark_prevalence_baseline,0.10475059382422801
separacion:3904,2026-0000701,EEUU-E14,EEUU,2026-03-05,45,2026-04-04,0,cross_regime_pre2026_to_post2026,landmark_prevalence_baseline,0.131366884597841
separacion:3974,2026-0001297,GY-25,GY,2026-03-05,30,2026-04-04,0,cross_regime_pre2026_to_post2026,landmark_prevalence_baseline,0.15141902938669424
separacion:3976,2026-0001320,GY-21,GY,2026-03-05,30,2026-04-04,0,cross_regime_pre2026_to_post2026,landmark_prevalence_baseline,0.15141902938669424
separacion:4026,2026-0001742,CP-E27,CP,2026-03-05,14,2026-04-04,0,cross_regime_pre2026_to_post2026,landmark_prevalence_baseline,0.16853246488906984
separacion:3909,2026-0000732,EEUU-D16,EEUU,2026-03-06,45,2026-04-05,0,cross_regime_pre2026_to_post2026,landmark_prevalence_baseline,0.131366884597841
separacion:3978,2026-0001332,EEUU-D4,EEUU,2026-03-06,30,2026-04-05,0,cross_regime_pre2026_to_post2026,landmark_prevalence_baseline,0.15141902938669424
separacion:4002,2026-0001591,MT-A09,MT,2026-03-06,21,2026-04-05,0,cross_regime_pre2026_to_post2026,landmark_prevalence_baseline,0.15251032840837475
separacion:3865,2026-0000164,MD-E38,MD,2026-03-07,60,2026-04-06,0,cross_regime_pre2026_to_post2026,landmark_prevalence_baseline,0.10475059382422801
separacion:4006,2026-0001533,SL-1305,SL,2026-03-07,21,2026-04-06,0,cross_regime_pre2026_to_post2026,landmark_prevalence_baseline,0.15251032840837475
separacion:4061,2026-0002052,SL-505,SL,2026-03-07,7,2026-04-06,0,cross_regime_pre2026_to_post2026,landmark_prevalence_baseline,0.13317009483455364
separacion:4062,2026-0002065,FX-1502,FX,2026-03-07,7,2026-04-06,0,cross_regime_pre2026_to_post2026,landmark_prevalence_baseline,0.13317009483455364
separacion:4063,2026-0002080,NP-A1703,NP,2026-03-07,7,2026-04-06,0,cross_regime_pre2026_to_post2026,landmark_prevalence_baseline,0.13317009483455364
separacion:4080,2026-0002276,GY-1602,GY,2026-03-07,0,2026-04-06,0,cross_regime_pre2026_to_post2026,landmark_prevalence_baseline,0.15133742726373653
separacion:3866,2026-0000134,NP-A-E62,NP,2026-03-08,60,2026-04-07,0,cross_regime_pre2026_to_post2026,landmark_prevalence_baseline,0.10475059382422801
separacion:3922,2026-0000826,MD-E43,MD,2026-03-08,45,2026-04-07,0,cross_regime_pre2026_to_post2026,landmark_prevalence_baseline,0.131366884597841
separacion:3923,2026-0000825,MD-E36,MD,2026-03-08,45,2026-04-07,0,cross_regime_pre2026_to_post2026,landmark_prevalence_baseline,0.131366884597841
separacion:3983,2026-0001402,SL-E8,SL,2026-03-08,30,2026-04-07,0,cross_regime_pre2026_to_post2026,landmark_prevalence_baseline,0.15141902938669424
separacion:4067,2026-0002061,NP-A2610,NP,2026-03-08,7,2026-04-07,0,cross_regime_pre2026_to_post2026,landmark_prevalence_baseline,0.13317009483455364
separacion:4068,2026-0002131,GY-1502,GY,2026-03-08,7,2026-04-07,0,cross_regime_pre2026_to_post2026,landmark_prevalence_baseline,0.13317009483455364
separacion:4069,2026-0002138,SL-1505,SL,2026-03-08,7,2026-04-07,0,cross_regime_pre2026_to_post2026,landmark_prevalence_baseline,0.13317009483455364
separacion:3931,2026-0000856,MT-A23,MT,2026-03-09,45,2026-04-08,0,cross_regime_pre2026_to_post2026,landmark_prevalence_baseline,0.131366884597841
separacion:3989,2026-0001432,EEUU-D15,EEUU,2026-03-09,30,2026-04-08,0,cross_regime_pre2026_to_post2026,landmark_prevalence_baseline,0.15141902938669424
separacion:4033,2026-0001854,TZ-6,TZ,2026-03-09,14,2026-04-08,0,cross_regime_pre2026_to_post2026,landmark_prevalence_baseline,0.16853246488906984
separacion:4040,2026-0001859,TZ-17,TZ,2026-03-09,14,2026-04-08,0,cross_regime_pre2026_to_post2026,landmark_prevalence_baseline,0.16853246488906984
separacion:4075,2026-0002152,NP-A802,NP,2026-03-09,7,2026-04-08,1,cross_regime_pre2026_to_post2026,landmark_prevalence_baseline,0.13317009483455364
separacion:4076,2026-0002177,EEUU-1002,EEUU,2026-03-09,7,2026-04-08,0,cross_regime_pre2026_to_post2026,landmark_prevalence_baseline,0.13317009483455364
separacion:3873,2026-0000225,SL-1408,SL,2026-03-10,60,2026-04-09,1,cross_regime_pre2026_to_post2026,landmark_prevalence_baseline,0.10475059382422801
separacion:3991,2026-0001475,MD-1309,MD,2026-03-10,30,2026-04-09,1,cross_regime_pre2026_to_post2026,landmark_prevalence_baseline,0.15141902938669424
separacion:4014,2026-0001698,EEUU-E48,EEUU,2026-03-10,21,2026-04-09,0,cross_regime_pre2026_to_post2026,landmark_prevalence_baseline,0.15251032840837475
separacion:4044,2026-0001915,SL-1405,SL,2026-03-10,14,2026-04-09,0,cross_regime_pre2026_to_post2026,landmark_prevalence_baseline,0.16853246488906984
separacion:4045,2026-0001919,FX-E24,FX,2026-03-10,14,2026-04-09,0,cross_regime_pre2026_to_post2026,landmark_prevalence_baseline,0.16853246488906984
separacion:4085,2026-0002366,NP-A2405,NP,2026-03-10,0,2026-04-09,0,cross_regime_pre2026_to_post2026,landmark_prevalence_baseline,0.15133742726373653
separacion:4050,2026-0001938,FX-1301,FX,2026-03-11,14,2026-04-10,0,cross_regime_pre2026_to_post2026,landmark_prevalence_baseline,0.16853246488906984
separacion:4077,2026-0002207,FX-401,FX,2026-03-11,7,2026-04-10,0,cross_regime_pre2026_to_post2026,landmark_prevalence_baseline,0.13317009483455364
separacion:3950,2026-0001016,MD-E21,MD,2026-03-12,45,2026-04-11,0,cross_regime_pre2026_to_post2026,landmark_prevalence_baseline,0.131366884597841
separacion:4026,2026-0001742,CP-E27,CP,2026-03-12,21,2026-04-11,0,cross_regime_pre2026_to_post2026,landmark_prevalence_baseline,0.15251032840837475
separacion:4088,2026-0002498,NP-A1601,NP,2026-03-12,0,2026-04-11,0,cross_regime_pre2026_to_post2026,landmark_prevalence_baseline,0.15133742726373653
separacion:4089,2026-0002499,NP-A1603,NP,2026-03-12,0,2026-04-11,0,cross_regime_pre2026_to_post2026,landmark_prevalence_baseline,0.15133742726373653
separacion:4090,2026-0002514,SL-704,SL,2026-03-13,0,2026-04-12,0,cross_regime_pre2026_to_post2026,landmark_prevalence_baseline,0.15133742726373653
separacion:4091,2026-0002513,SL-702,SL,2026-03-13,0,2026-04-12,0,cross_regime_pre2026_to_post2026,landmark_prevalence_baseline,0.15133742726373653
separacion:4093,2026-0002593,NP-A2403,NP,2026-03-13,0,2026-04-12,0,cross_regime_pre2026_to_post2026,landmark_prevalence_baseline,0.15133742726373653
separacion:4094,2026-0002550,MD-501,MD,2026-03-13,0,2026-04-12,0,cross_regime_pre2026_to_post2026,landmark_prevalence_baseline,0.15133742726373653
separacion:3954,2026-0001053,MT-A58,MT,2026-03-14,45,2026-04-13,0,cross_regime_pre2026_to_post2026,landmark_prevalence_baseline,0.131366884597841
separacion:3956,2026-0001082,EEUU-D13,EEUU,2026-03-14,45,2026-04-13,0,cross_regime_pre2026_to_post2026,landmark_prevalence_baseline,0.131366884597841
separacion:4061,2026-0002052,SL-505,SL,2026-03-14,14,2026-04-13,0,cross_regime_pre2026_to_post2026,landmark_prevalence_baseline,0.16853246488906984
separacion:4062,2026-0002065,FX-1502,FX,2026-03-14,14,2026-04-13,0,cross_regime_pre2026_to_post2026,landmark_prevalence_baseline,0.16853246488906984
separacion:4063,2026-0002080,NP-A1703,NP,2026-03-14,14,2026-04-13,0,cross_regime_pre2026_to_post2026,landmark_prevalence_baseline,0.16853246488906984
separacion:4080,2026-0002276,GY-1602,GY,2026-03-14,7,2026-04-13,0,cross_regime_pre2026_to_post2026,landmark_prevalence_baseline,0.13317009483455364
separacion:4095,2026-0002610,FX-501,FX,2026-03-14,0,2026-04-13,0,cross_regime_pre2026_to_post2026,landmark_prevalence_baseline,0.15133742726373653
separacion:4096,2026-0002615,MD-1709,MD,2026-03-14,0,2026-04-13,0,cross_regime_pre2026_to_post2026,landmark_prevalence_baseline,0.15133742726373653
separacion:4098,2026-0002641,GY-1403,GY,2026-03-14,0,2026-04-13,0,cross_regime_pre2026_to_post2026,landmark_prevalence_baseline,0.15133742726373653
separacion:4099,2026-0002659,MT-A904,MT,2026-03-14,0,2026-04-13,0,cross_regime_pre2026_to_post2026,landmark_prevalence_baseline,0.15133742726373653
separacion:4100,2026-0002696,GY-1003,GY,2026-03-14,0,2026-04-13,0,cross_regime_pre2026_to_post2026,landmark_prevalence_baseline,0.15133742726373653
separacion:4101,2026-0002726,NP-A902,NP,2026-03-14,0,2026-04-13,0,cross_regime_pre2026_to_post2026,landmark_prevalence_baseline,0.15133742726373653
separacion:4102,2026-0002668,GY-1103,GY,2026-03-14,0,2026-04-13,0,cross_regime_pre2026_to_post2026,landmark_prevalence_baseline,0.15133742726373653
separacion:4103,2026-0002746,CP-A301,CP,2026-03-14,0,2026-04-13,0,cross_regime_pre2026_to_post2026,landmark_prevalence_baseline,0.15133742726373653
separacion:4104,2026-0002599,NP-A2303,NP,2026-03-14,0,2026-04-13,0,cross_regime_pre2026_to_post2026,landmark_prevalence_baseline,0.15133742726373653
separacion:4105,2026-0002774,CP-A401,CP,2026-03-14,0,2026-04-13,0,cross_regime_pre2026_to_post2026,landmark_prevalence_baseline,0.15133742726373653
separacion:4106,2026-0002781,FX-E16,FX,2026-03-14,0,2026-04-13,0,cross_regime_pre2026_to_post2026,landmark_prevalence_baseline,0.15133742726373653
separacion:4002,2026-0001591,MT-A09,MT,2026-03-15,30,2026-04-14,0,cross_regime_pre2026_to_post2026,landmark_prevalence_baseline,0.15141902938669424
separacion:4068,2026-0002131,GY-1502,GY,2026-03-15,14,2026-04-14,0,cross_regime_pre2026_to_post2026,landmark_prevalence_baseline,0.16853246488906984
separacion:4069,2026-0002138,SL-1505,SL,2026-03-15,14,2026-04-14,0,cross_regime_pre2026_to_post2026,landmark_prevalence_baseline,0.16853246488906984
separacion:4107,2026-0002813,GY-303,GY,2026-03-15,0,2026-04-14,0,cross_regime_pre2026_to_post2026,landmark_prevalence_baseline,0.15133742726373653
separacion:4108,2026-0002822,SL-403,SL,2026-03-15,0,2026-04-14,0,cross_regime_pre2026_to_post2026,landmark_prevalence_baseline,0.15133742726373653
separacion:4109,2026-0002890,MT-A57,MT,2026-03-15,0,2026-04-14,0,cross_regime_pre2026_to_post2026,landmark_prevalence_baseline,0.15133742726373653
separacion:4110,2026-0002888,MT-A409,MT,2026-03-15,0,2026-04-14,1,cross_regime_pre2026_to_post2026,landmark_prevalence_baseline,0.15133742726373653
separacion:4112,2026-0002901,SL-1101,SL,2026-03-15,0,2026-04-14,0,cross_regime_pre2026_to_post2026,landmark_prevalence_baseline,0.15133742726373653
separacion:4113,2026-0002937,NP-A306,NP,2026-03-15,0,2026-04-14,0,cross_regime_pre2026_to_post2026,landmark_prevalence_baseline,0.15133742726373653
separacion:4114,2026-0002949,FX-1102,FX,2026-03-15,0,2026-04-14,0,cross_regime_pre2026_to_post2026,landmark_prevalence_baseline,0.15133742726373653
separacion:4115,2026-0002954,NP-A1205,NP,2026-03-15,0,2026-04-14,0,cross_regime_pre2026_to_post2026,landmark_prevalence_baseline,0.15133742726373653
separacion:4116,2026-0002965,NP-A706,NP,2026-03-15,0,2026-04-14,0,cross_regime_pre2026_to_post2026,landmark_prevalence_baseline,0.15133742726373653
separacion:4117,2026-0002964,FX-901,FX,2026-03-15,0,2026-04-14,1,cross_regime_pre2026_to_post2026,landmark_prevalence_baseline,0.15133742726373653
separacion:4118,2026-0002963,SL-1306,SL,2026-03-15,0,2026-04-14,1,cross_regime_pre2026_to_post2026,landmark_prevalence_baseline,0.15133742726373653
separacion:4119,2026-0002952,MT-A801,MT,2026-03-15,0,2026-04-14,0,cross_regime_pre2026_to_post2026,landmark_prevalence_baseline,0.15133742726373653
separacion:4006,2026-0001533,SL-1305,SL,2026-03-16,30,2026-04-15,0,cross_regime_pre2026_to_post2026,landmark_prevalence_baseline,0.15141902938669424
separacion:4040,2026-0001859,TZ-17,TZ,2026-03-16,21,2026-04-15,0,cross_regime_pre2026_to_post2026,landmark_prevalence_baseline,0.15251032840837475
separacion:4075,2026-0002152,NP-A802,NP,2026-03-16,14,2026-04-15,1,cross_regime_pre2026_to_post2026,landmark_prevalence_baseline,0.16853246488906984
separacion:3890,2026-0000526,MD-E58,MD,2026-03-17,60,2026-04-16,0,cross_regime_pre2026_to_post2026,landmark_prevalence_baseline,0.10475059382422801
separacion:4044,2026-0001915,SL-1405,SL,2026-03-17,21,2026-04-16,0,cross_regime_pre2026_to_post2026,landmark_prevalence_baseline,0.15251032840837475
separacion:4045,2026-0001919,FX-E24,FX,2026-03-17,21,2026-04-16,0,cross_regime_pre2026_to_post2026,landmark_prevalence_baseline,0.15251032840837475
separacion:4085,2026-0002366,NP-A2405,NP,2026-03-17,7,2026-04-16,0,cross_regime_pre2026_to_post2026,landmark_prevalence_baseline,0.13317009483455364
separacion:4121,2026-0002874,MT-A1008,MT,2026-03-17,0,2026-04-16,0,cross_regime_pre2026_to_post2026,landmark_prevalence_baseline,0.15133742726373653
separacion:4122,2026-0002991,GY-D7,GY,2026-03-17,0,2026-04-16,0,cross_regime_pre2026_to_post2026,landmark_prevalence_baseline,0.15133742726373653
separacion:4123,2026-0002995,MT-A1001,MT,2026-03-17,0,2026-04-16,0,cross_regime_pre2026_to_post2026,landmark_prevalence_baseline,0.15133742726373653
separacion:3968,2026-0001236,NP-A-E61,NP,2026-03-18,45,2026-04-17,0,cross_regime_pre2026_to_post2026,landmark_prevalence_baseline,0.131366884597841
separacion:3970,2026-0001264,MD-E22,MD,2026-03-18,45,2026-04-17,0,cross_regime_pre2026_to_post2026,landmark_prevalence_baseline,0.131366884597841
separacion:4050,2026-0001938,FX-1301,FX,2026-03-18,21,2026-04-17,0,cross_regime_pre2026_to_post2026,landmark_prevalence_baseline,0.15251032840837475
separacion:4129,2026-0002981,MT-A1309,MT,2026-03-18,0,2026-04-17,0,cross_regime_pre2026_to_post2026,landmark_prevalence_baseline,0.15133742726373653
separacion:4130,2026-0003010,SL-1001,SL,2026-03-18,0,2026-04-17,0,cross_regime_pre2026_to_post2026,landmark_prevalence_baseline,0.15133742726373653
separacion:4131,2026-0003014,EEUU-E50,EEUU,2026-03-18,0,2026-04-17,0,cross_regime_pre2026_to_post2026,landmark_prevalence_baseline,0.15133742726373653
separacion:4132,2026-0003024,CP-A1001,CP,2026-03-18,0,2026-04-17,0,cross_regime_pre2026_to_post2026,landmark_prevalence_baseline,0.15133742726373653
separacion:4133,2026-0003028,MT-B705,MT,2026-03-18,0,2026-04-17,0,cross_regime_pre2026_to_post2026,landmark_prevalence_baseline,0.15133742726373653
separacion:3834,2026-0000043,MT-A29,MT,2026-03-19,75,2026-04-18,0,cross_regime_pre2026_to_post2026,landmark_prevalence_baseline,0.07893595489374006
separacion:3835,2026-0000071,GY-35,GY,2026-03-19,75,2026-04-18,0,cross_regime_pre2026_to_post2026,landmark_prevalence_baseline,0.07893595489374006
separacion:4014,2026-0001698,EEUU-E48,EEUU,2026-03-19,30,2026-04-18,0,cross_regime_pre2026_to_post2026,landmark_prevalence_baseline,0.15141902938669424
separacion:4088,2026-0002498,NP-A1601,NP,2026-03-19,7,2026-04-18,0,cross_regime_pre2026_to_post2026,landmark_prevalence_baseline,0.13317009483455364
separacion:4089,2026-0002499,NP-A1603,NP,2026-03-19,7,2026-04-18,0,cross_regime_pre2026_to_post2026,landmark_prevalence_baseline,0.13317009483455364
separacion:4134,2026-0003033,GY-8,GY,2026-03-19,0,2026-04-18,1,cross_regime_pre2026_to_post2026,landmark_prevalence_baseline,0.15133742726373653
separacion:4135,2026-0003039,NP-A1802,NP,2026-03-19,0,2026-04-18,0,cross_regime_pre2026_to_post2026,landmark_prevalence_baseline,0.15133742726373653
separacion:4136,2026-0003041,MT-A04,MT,2026-03-19,0,2026-04-18,0,cross_regime_pre2026_to_post2026,landmark_prevalence_baseline,0.15133742726373653
separacion:3837,2026-0000095,NP-A-E27,NP,2026-03-20,75,2026-04-19,0,cross_regime_pre2026_to_post2026,landmark_prevalence_baseline,0.07893595489374006
separacion:3838,2026-0000102,EEUU-E40,EEUU,2026-03-20,75,2026-04-19,0,cross_regime_pre2026_to_post2026,landmark_prevalence_baseline,0.07893595489374006
separacion:3904,2026-0000701,EEUU-E14,EEUU,2026-03-20,60,2026-04-19,0,cross_regime_pre2026_to_post2026,landmark_prevalence_baseline,0.10475059382422801
separacion:3974,2026-0001297,GY-25,GY,2026-03-20,45,2026-04-19,0,cross_regime_pre2026_to_post2026,landmark_prevalence_baseline,0.131366884597841
separacion:3976,2026-0001320,GY-21,GY,2026-03-20,45,2026-04-19,0,cross_regime_pre2026_to_post2026,landmark_prevalence_baseline,0.131366884597841
separacion:4090,2026-0002514,SL-704,SL,2026-03-20,7,2026-04-19,0,cross_regime_pre2026_to_post2026,landmark_prevalence_baseline,0.13317009483455364
separacion:4091,2026-0002513,SL-702,SL,2026-03-20,7,2026-04-19,0,cross_regime_pre2026_to_post2026,landmark_prevalence_baseline,0.13317009483455364
separacion:4093,2026-0002593,NP-A2403,NP,2026-03-20,7,2026-04-19,0,cross_regime_pre2026_to_post2026,landmark_prevalence_baseline,0.13317009483455364
separacion:4094,2026-0002550,MD-501,MD,2026-03-20,7,2026-04-19,0,cross_regime_pre2026_to_post2026,landmark_prevalence_baseline,0.13317009483455364
separacion:4139,2026-0002794,MD-802,MD,2026-03-20,0,2026-04-19,0,cross_regime_pre2026_to_post2026,landmark_prevalence_baseline,0.15133742726373653
separacion:4140,2026-0003067,GY-14,GY,2026-03-20,0,2026-04-19,0,cross_regime_pre2026_to_post2026,landmark_prevalence_baseline,0.15133742726373653
separacion:3909,2026-0000732,EEUU-D16,EEUU,2026-03-21,60,2026-04-20,0,cross_regime_pre2026_to_post2026,landmark_prevalence_baseline,0.10475059382422801
separacion:4026,2026-0001742,CP-E27,CP,2026-03-21,30,2026-04-20,0,cross_regime_pre2026_to_post2026,landmark_prevalence_baseline,0.15141902938669424
separacion:4062,2026-0002065,FX-1502,FX,2026-03-21,21,2026-04-20,0,cross_regime_pre2026_to_post2026,landmark_prevalence_baseline,0.15251032840837475
separacion:4063,2026-0002080,NP-A1703,NP,2026-03-21,21,2026-04-20,0,cross_regime_pre2026_to_post2026,landmark_prevalence_baseline,0.15251032840837475
separacion:4080,2026-0002276,GY-1602,GY,2026-03-21,14,2026-04-20,1,cross_regime_pre2026_to_post2026,landmark_prevalence_baseline,0.16853246488906984
separacion:4095,2026-0002610,FX-501,FX,2026-03-21,7,2026-04-20,0,cross_regime_pre2026_to_post2026,landmark_prevalence_baseline,0.13317009483455364
separacion:4096,2026-0002615,MD-1709,MD,2026-03-21,7,2026-04-20,0,cross_regime_pre2026_to_post2026,landmark_prevalence_baseline,0.13317009483455364
separacion:4098,2026-0002641,GY-1403,GY,2026-03-21,7,2026-04-20,0,cross_regime_pre2026_to_post2026,landmark_prevalence_baseline,0.13317009483455364
separacion:4100,2026-0002696,GY-1003,GY,2026-03-21,7,2026-04-20,0,cross_regime_pre2026_to_post2026,landmark_prevalence_baseline,0.13317009483455364
separacion:4101,2026-0002726,NP-A902,NP,2026-03-21,7,2026-04-20,0,cross_regime_pre2026_to_post2026,landmark_prevalence_baseline,0.13317009483455364
separacion:4102,2026-0002668,GY-1103,GY,2026-03-21,7,2026-04-20,0,cross_regime_pre2026_to_post2026,landmark_prevalence_baseline,0.13317009483455364
separacion:4103,2026-0002746,CP-A301,CP,2026-03-21,7,2026-04-20,0,cross_regime_pre2026_to_post2026,landmark_prevalence_baseline,0.13317009483455364
separacion:4104,2026-0002599,NP-A2303,NP,2026-03-21,7,2026-04-20,0,cross_regime_pre2026_to_post2026,landmark_prevalence_baseline,0.13317009483455364
separacion:4106,2026-0002781,FX-E16,FX,2026-03-21,7,2026-04-20,0,cross_regime_pre2026_to_post2026,landmark_prevalence_baseline,0.13317009483455364
separacion:4141,2026-0002797,MT-A401,MT,2026-03-21,0,2026-04-20,0,cross_regime_pre2026_to_post2026,landmark_prevalence_baseline,0.15133742726373653
separacion:4142,2026-0003094,GY-203,GY,2026-03-21,0,2026-04-20,0,cross_regime_pre2026_to_post2026,landmark_prevalence_baseline,0.15133742726373653
separacion:4143,2026-0003097,NP-A1003,NP,2026-03-21,0,2026-04-20,0,cross_regime_pre2026_to_post2026,landmark_prevalence_baseline,0.15133742726373653
separacion:4144,2026-0003104,NP-A2304,NP,2026-03-21,0,2026-04-20,0,cross_regime_pre2026_to_post2026,landmark_prevalence_baseline,0.15133742726373653
separacion:3865,2026-0000164,MD-E38,MD,2026-03-22,75,2026-04-21,0,cross_regime_pre2026_to_post2026,landmark_prevalence_baseline,0.07893595489374006
separacion:4068,2026-0002131,GY-1502,GY,2026-03-22,21,2026-04-21,0,cross_regime_pre2026_to_post2026,landmark_prevalence_baseline,0.15251032840837475
separacion:4069,2026-0002138,SL-1505,SL,2026-03-22,21,2026-04-21,0,cross_regime_pre2026_to_post2026,landmark_prevalence_baseline,0.15251032840837475
separacion:4107,2026-0002813,GY-303,GY,2026-03-22,7,2026-04-21,0,cross_regime_pre2026_to_post2026,landmark_prevalence_baseline,0.13317009483455364
separacion:4108,2026-0002822,SL-403,SL,2026-03-22,7,2026-04-21,0,cross_regime_pre2026_to_post2026,landmark_prevalence_baseline,0.13317009483455364
separacion:4109,2026-0002890,MT-A57,MT,2026-03-22,7,2026-04-21,0,cross_regime_pre2026_to_post2026,landmark_prevalence_baseline,0.13317009483455364
separacion:4110,2026-0002888,MT-A409,MT,2026-03-22,7,2026-04-21,1,cross_regime_pre2026_to_post2026,landmark_prevalence_baseline,0.13317009483455364
separacion:4113,2026-0002937,NP-A306,NP,2026-03-22,7,2026-04-21,0,cross_regime_pre2026_to_post2026,landmark_prevalence_baseline,0.13317009483455364
separacion:4114,2026-0002949,FX-1102,FX,2026-03-22,7,2026-04-21,0,cross_regime_pre2026_to_post2026,landmark_prevalence_baseline,0.13317009483455364
separacion:4115,2026-0002954,NP-A1205,NP,2026-03-22,7,2026-04-21,0,cross_regime_pre2026_to_post2026,landmark_prevalence_baseline,0.13317009483455364
separacion:4116,2026-0002965,NP-A706,NP,2026-03-22,7,2026-04-21,0,cross_regime_pre2026_to_post2026,landmark_prevalence_baseline,0.13317009483455364
separacion:4117,2026-0002964,FX-901,FX,2026-03-22,7,2026-04-21,1,cross_regime_pre2026_to_post2026,landmark_prevalence_baseline,0.13317009483455364
separacion:4118,2026-0002963,SL-1306,SL,2026-03-22,7,2026-04-21,1,cross_regime_pre2026_to_post2026,landmark_prevalence_baseline,0.13317009483455364
separacion:4119,2026-0002952,MT-A801,MT,2026-03-22,7,2026-04-21,0,cross_regime_pre2026_to_post2026,landmark_prevalence_baseline,0.13317009483455364
separacion:4145,2026-0003084,MD-2301,MD,2026-03-22,0,2026-04-21,0,cross_regime_pre2026_to_post2026,landmark_prevalence_baseline,0.15133742726373653
separacion:4146,2026-0003116,MT-B905,MT,2026-03-22,0,2026-04-21,0,cross_regime_pre2026_to_post2026,landmark_prevalence_baseline,0.15133742726373653
separacion:4147,2026-0003115,CP-B1203,CP,2026-03-22,0,2026-04-21,0,cross_regime_pre2026_to_post2026,landmark_prevalence_baseline,0.15133742726373653
separacion:4148,2026-0003118,GY-43,GY,2026-03-22,0,2026-04-21,0,cross_regime_pre2026_to_post2026,landmark_prevalence_baseline,0.15133742726373653
separacion:4149,2026-0003123,CP-B501,CP,2026-03-22,0,2026-04-21,0,cross_regime_pre2026_to_post2026,landmark_prevalence_baseline,0.15133742726373653
separacion:4150,2026-0003125,NP-A1304,NP,2026-03-22,0,2026-04-21,0,cross_regime_pre2026_to_post2026,landmark_prevalence_baseline,0.15133742726373653
separacion:3866,2026-0000134,NP-A-E62,NP,2026-03-23,75,2026-04-22,0,cross_regime_pre2026_to_post2026,landmark_prevalence_baseline,0.07893595489374006
separacion:3922,2026-0000826,MD-E43,MD,2026-03-23,60,2026-04-22,0,cross_regime_pre2026_to_post2026,landmark_prevalence_baseline,0.10475059382422801
separacion:3923,2026-0000825,MD-E36,MD,2026-03-23,60,2026-04-22,0,cross_regime_pre2026_to_post2026,landmark_prevalence_baseline,0.10475059382422801
separacion:3983,2026-0001402,SL-E8,SL,2026-03-23,45,2026-04-22,0,cross_regime_pre2026_to_post2026,landmark_prevalence_baseline,0.131366884597841
separacion:4075,2026-0002152,NP-A802,NP,2026-03-23,21,2026-04-22,1,cross_regime_pre2026_to_post2026,landmark_prevalence_baseline,0.15251032840837475
separacion:4153,2026-0003145,GY-27,GY,2026-03-23,0,2026-04-22,0,cross_regime_pre2026_to_post2026,landmark_prevalence_baseline,0.15133742726373653
separacion:4156,2026-0003166,FX-1001,FX,2026-03-23,0,2026-04-22,0,cross_regime_pre2026_to_post2026,landmark_prevalence_baseline,0.15133742726373653
separacion:4157,2026-0003167,FX-801,FX,2026-03-23,0,2026-04-22,0,cross_regime_pre2026_to_post2026,landmark_prevalence_baseline,0.15133742726373653
separacion:3931,2026-0000856,MT-A23,MT,2026-03-24,60,2026-04-23,0,cross_regime_pre2026_to_post2026,landmark_prevalence_baseline,0.10475059382422801
separacion:3989,2026-0001432,EEUU-D15,EEUU,2026-03-24,45,2026-04-23,0,cross_regime_pre2026_to_post2026,landmark_prevalence_baseline,0.131366884597841
separacion:4085,2026-0002366,NP-A2405,NP,2026-03-24,14,2026-04-23,0,cross_regime_pre2026_to_post2026,landmark_prevalence_baseline,0.16853246488906984
separacion:4121,2026-0002874,MT-A1008,MT,2026-03-24,7,2026-04-23,0,cross_regime_pre2026_to_post2026,landmark_prevalence_baseline,0.13317009483455364
separacion:4122,2026-0002991,GY-D7,GY,2026-03-24,7,2026-04-23,0,cross_regime_pre2026_to_post2026,landmark_prevalence_baseline,0.13317009483455364
separacion:4158,2026-0003168,EEUU-501,EEUU,2026-03-24,0,2026-04-23,0,cross_regime_pre2026_to_post2026,landmark_prevalence_baseline,0.15133742726373653
separacion:4163,2026-0003190,MD-E18,MD,2026-03-24,0,2026-04-23,0,cross_regime_pre2026_to_post2026,landmark_prevalence_baseline,0.15133742726373653
separacion:3873,2026-0000225,SL-1408,SL,2026-03-25,75,2026-04-24,1,cross_regime_pre2026_to_post2026,landmark_prevalence_baseline,0.07893595489374006
separacion:4040,2026-0001859,TZ-17,TZ,2026-03-25,30,2026-04-24,0,cross_regime_pre2026_to_post2026,landmark_prevalence_baseline,0.15141902938669424
separacion:4130,2026-0003010,SL-1001,SL,2026-03-25,7,2026-04-24,0,cross_regime_pre2026_to_post2026,landmark_prevalence_baseline,0.13317009483455364
separacion:4131,2026-0003014,EEUU-E50,EEUU,2026-03-25,7,2026-04-24,0,cross_regime_pre2026_to_post2026,landmark_prevalence_baseline,0.13317009483455364
separacion:4132,2026-0003024,CP-A1001,CP,2026-03-25,7,2026-04-24,0,cross_regime_pre2026_to_post2026,landmark_prevalence_baseline,0.13317009483455364
separacion:4133,2026-0003028,MT-B705,MT,2026-03-25,7,2026-04-24,0,cross_regime_pre2026_to_post2026,landmark_prevalence_baseline,0.13317009483455364
separacion:4164,2026-0003197,NP-A-E19,NP,2026-03-25,0,2026-04-24,0,cross_regime_pre2026_to_post2026,landmark_prevalence_baseline,0.15133742726373653
separacion:4044,2026-0001915,SL-1405,SL,2026-03-26,30,2026-04-25,0,cross_regime_pre2026_to_post2026,landmark_prevalence_baseline,0.15141902938669424
separacion:4045,2026-0001919,FX-E24,FX,2026-03-26,30,2026-04-25,0,cross_regime_pre2026_to_post2026,landmark_prevalence_baseline,0.15141902938669424
separacion:4088,2026-0002498,NP-A1601,NP,2026-03-26,14,2026-04-25,0,cross_regime_pre2026_to_post2026,landmark_prevalence_baseline,0.16853246488906984
separacion:4089,2026-0002499,NP-A1603,NP,2026-03-26,14,2026-04-25,0,cross_regime_pre2026_to_post2026,landmark_prevalence_baseline,0.16853246488906984
separacion:4135,2026-0003039,NP-A1802,NP,2026-03-26,7,2026-04-25,0,cross_regime_pre2026_to_post2026,landmark_prevalence_baseline,0.13317009483455364
separacion:4136,2026-0003041,MT-A04,MT,2026-03-26,7,2026-04-25,0,cross_regime_pre2026_to_post2026,landmark_prevalence_baseline,0.13317009483455364
separacion:4165,2026-0003207,NP-A2201,NP,2026-03-26,0,2026-04-25,0,cross_regime_pre2026_to_post2026,landmark_prevalence_baseline,0.15133742726373653
separacion:4166,2026-0003221,CP-E52,CP,2026-03-26,0,2026-04-25,0,cross_regime_pre2026_to_post2026,landmark_prevalence_baseline,0.15133742726373653
separacion:4167,2026-0003226,SL-1004,SL,2026-03-26,0,2026-04-25,0,cross_regime_pre2026_to_post2026,landmark_prevalence_baseline,0.15133742726373653
separacion:3950,2026-0001016,MD-E21,MD,2026-03-27,60,2026-04-26,0,cross_regime_pre2026_to_post2026,landmark_prevalence_baseline,0.10475059382422801
separacion:4050,2026-0001938,FX-1301,FX,2026-03-27,30,2026-04-26,0,cross_regime_pre2026_to_post2026,landmark_prevalence_baseline,0.15141902938669424
separacion:4091,2026-0002513,SL-702,SL,2026-03-27,14,2026-04-26,0,cross_regime_pre2026_to_post2026,landmark_prevalence_baseline,0.16853246488906984
separacion:4093,2026-0002593,NP-A2403,NP,2026-03-27,14,2026-04-26,0,cross_regime_pre2026_to_post2026,landmark_prevalence_baseline,0.16853246488906984
separacion:4140,2026-0003067,GY-14,GY,2026-03-27,7,2026-04-26,0,cross_regime_pre2026_to_post2026,landmark_prevalence_baseline,0.13317009483455364
separacion:4191,2026-0003242,NP-A2005,NP,2026-03-27,0,2026-04-26,0,cross_regime_pre2026_to_post2026,landmark_prevalence_baseline,0.15133742726373653
separacion:4080,2026-0002276,GY-1602,GY,2026-03-28,21,2026-04-27,1,cross_regime_pre2026_to_post2026,landmark_prevalence_baseline,0.15251032840837475
separacion:4100,2026-0002696,GY-1003,GY,2026-03-28,14,2026-04-27,0,cross_regime_pre2026_to_post2026,landmark_prevalence_baseline,0.16853246488906984
separacion:4103,2026-0002746,CP-A301,CP,2026-03-28,14,2026-04-27,0,cross_regime_pre2026_to_post2026,landmark_prevalence_baseline,0.16853246488906984
separacion:4104,2026-0002599,NP-A2303,NP,2026-03-28,14,2026-04-27,0,cross_regime_pre2026_to_post2026,landmark_prevalence_baseline,0.16853246488906984
separacion:4106,2026-0002781,FX-E16,FX,2026-03-28,14,2026-04-27,0,cross_regime_pre2026_to_post2026,landmark_prevalence_baseline,0.16853246488906984
separacion:4142,2026-0003094,GY-203,GY,2026-03-28,7,2026-04-27,0,cross_regime_pre2026_to_post2026,landmark_prevalence_baseline,0.13317009483455364
separacion:4143,2026-0003097,NP-A1003,NP,2026-03-28,7,2026-04-27,0,cross_regime_pre2026_to_post2026,landmark_prevalence_baseline,0.13317009483455364
separacion:4144,2026-0003104,NP-A2304,NP,2026-03-28,7,2026-04-27,0,cross_regime_pre2026_to_post2026,landmark_prevalence_baseline,0.13317009483455364
separacion:4192,2026-0003243,CP-B1306,CP,2026-03-28,0,2026-04-27,0,cross_regime_pre2026_to_post2026,landmark_prevalence_baseline,0.15133742726373653
separacion:4193,2026-0003246,NP-A-E138,NP,2026-03-28,0,2026-04-27,0,cross_regime_pre2026_to_post2026,landmark_prevalence_baseline,0.15133742726373653
separacion:3954,2026-0001053,MT-A58,MT,2026-03-29,60,2026-04-28,0,cross_regime_pre2026_to_post2026,landmark_prevalence_baseline,0.10475059382422801
separacion:3956,2026-0001082,EEUU-D13,EEUU,2026-03-29,60,2026-04-28,0,cross_regime_pre2026_to_post2026,landmark_prevalence_baseline,0.10475059382422801
separacion:4107,2026-0002813,GY-303,GY,2026-03-29,14,2026-04-28,0,cross_regime_pre2026_to_post2026,landmark_prevalence_baseline,0.16853246488906984
separacion:4108,2026-0002822,SL-403,SL,2026-03-29,14,2026-04-28,0,cross_regime_pre2026_to_post2026,landmark_prevalence_baseline,0.16853246488906984
separacion:4109,2026-0002890,MT-A57,MT,2026-03-29,14,2026-04-28,0,cross_regime_pre2026_to_post2026,landmark_prevalence_baseline,0.16853246488906984
separacion:4116,2026-0002965,NP-A706,NP,2026-03-29,14,2026-04-28,0,cross_regime_pre2026_to_post2026,landmark_prevalence_baseline,0.16853246488906984
separacion:4117,2026-0002964,FX-901,FX,2026-03-29,14,2026-04-28,1,cross_regime_pre2026_to_post2026,landmark_prevalence_baseline,0.16853246488906984
separacion:4119,2026-0002952,MT-A801,MT,2026-03-29,14,2026-04-28,0,cross_regime_pre2026_to_post2026,landmark_prevalence_baseline,0.16853246488906984
separacion:4145,2026-0003084,MD-2301,MD,2026-03-29,7,2026-04-28,0,cross_regime_pre2026_to_post2026,landmark_prevalence_baseline,0.13317009483455364
separacion:4146,2026-0003116,MT-B905,MT,2026-03-29,7,2026-04-28,0,cross_regime_pre2026_to_post2026,landmark_prevalence_baseline,0.13317009483455364
separacion:4148,2026-0003118,GY-43,GY,2026-03-29,7,2026-04-28,0,cross_regime_pre2026_to_post2026,landmark_prevalence_baseline,0.13317009483455364
separacion:4150,2026-0003125,NP-A1304,NP,2026-03-29,7,2026-04-28,0,cross_regime_pre2026_to_post2026,landmark_prevalence_baseline,0.13317009483455364
separacion:4002,2026-0001591,MT-A09,MT,2026-03-30,45,2026-04-29,0,cross_regime_pre2026_to_post2026,landmark_prevalence_baseline,0.131366884597841
separacion:4062,2026-0002065,FX-1502,FX,2026-03-30,30,2026-04-29,0,cross_regime_pre2026_to_post2026,landmark_prevalence_baseline,0.15141902938669424
separacion:4153,2026-0003145,GY-27,GY,2026-03-30,7,2026-04-29,0,cross_regime_pre2026_to_post2026,landmark_prevalence_baseline,0.13317009483455364
separacion:4156,2026-0003166,FX-1001,FX,2026-03-30,7,2026-04-29,0,cross_regime_pre2026_to_post2026,landmark_prevalence_baseline,0.13317009483455364
separacion:4201,2026-0003312,FX-705,FX,2026-03-30,0,2026-04-29,0,cross_regime_pre2026_to_post2026,landmark_prevalence_baseline,0.15133742726373653
separacion:4202,2026-0003313,NP-A2203,NP,2026-03-30,0,2026-04-29,0,cross_regime_pre2026_to_post2026,landmark_prevalence_baseline,0.15133742726373653
separacion:4203,2026-0003315,NP-A2204,NP,2026-03-30,0,2026-04-29,0,cross_regime_pre2026_to_post2026,landmark_prevalence_baseline,0.15133742726373653
separacion:4006,2026-0001533,SL-1305,SL,2026-03-31,45,2026-04-30,1,cross_regime_pre2026_to_post2026,landmark_prevalence_baseline,0.131366884597841
separacion:4068,2026-0002131,GY-1502,GY,2026-03-31,30,2026-04-30,0,cross_regime_pre2026_to_post2026,landmark_prevalence_baseline,0.15141902938669424
separacion:4122,2026-0002991,GY-D7,GY,2026-03-31,14,2026-04-30,0,cross_regime_pre2026_to_post2026,landmark_prevalence_baseline,0.16853246488906984
separacion:4158,2026-0003168,EEUU-501,EEUU,2026-03-31,7,2026-04-30,0,cross_regime_pre2026_to_post2026,landmark_prevalence_baseline,0.13317009483455364
separacion:4163,2026-0003190,MD-E18,MD,2026-03-31,7,2026-04-30,0,cross_regime_pre2026_to_post2026,landmark_prevalence_baseline,0.13317009483455364
separacion:4207,2026-0003353,FX-1203,FX,2026-03-31,0,2026-04-30,0,cross_regime_pre2026_to_post2026,landmark_prevalence_baseline,0.15133742726373653
separacion:3890,2026-0000526,MD-E58,MD,2026-04-01,75,2026-05-01,0,cross_regime_pre2026_to_post2026,landmark_prevalence_baseline,0.07893595489374006
separacion:4130,2026-0003010,SL-1001,SL,2026-04-01,14,2026-05-01,1,cross_regime_pre2026_to_post2026,landmark_prevalence_baseline,0.16853246488906984
separacion:4131,2026-0003014,EEUU-E50,EEUU,2026-04-01,14,2026-05-01,0,cross_regime_pre2026_to_post2026,landmark_prevalence_baseline,0.16853246488906984
separacion:4164,2026-0003197,NP-A-E19,NP,2026-04-01,7,2026-05-01,0,cross_regime_pre2026_to_post2026,landmark_prevalence_baseline,0.13317009483455364
separacion:3968,2026-0001236,NP-A-E61,NP,2026-04-02,60,2026-05-02,0,cross_regime_pre2026_to_post2026,landmark_prevalence_baseline,0.10475059382422801
separacion:3970,2026-0001264,MD-E22,MD,2026-04-02,60,2026-05-02,0,cross_regime_pre2026_to_post2026,landmark_prevalence_baseline,0.10475059382422801
separacion:4088,2026-0002498,NP-A1601,NP,2026-04-02,21,2026-05-02,0,cross_regime_pre2026_to_post2026,landmark_prevalence_baseline,0.15251032840837475
separacion:4089,2026-0002499,NP-A1603,NP,2026-04-02,21,2026-05-02,0,cross_regime_pre2026_to_post2026,landmark_prevalence_baseline,0.15251032840837475
separacion:4136,2026-0003041,MT-A04,MT,2026-04-02,14,2026-05-02,0,cross_regime_pre2026_to_post2026,landmark_prevalence_baseline,0.16853246488906984
separacion:4166,2026-0003221,CP-E52,CP,2026-04-02,7,2026-05-02,0,cross_regime_pre2026_to_post2026,landmark_prevalence_baseline,0.13317009483455364
separacion:3834,2026-0000043,MT-A29,MT,2026-04-03,90,2026-05-03,0,cross_regime_pre2026_to_post2026,landmark_prevalence_baseline,0.06080347448425624
separacion:3835,2026-0000071,GY-35,GY,2026-04-03,90,2026-05-03,0,cross_regime_pre2026_to_post2026,landmark_prevalence_baseline,0.06080347448425624
separacion:4014,2026-0001698,EEUU-E48,EEUU,2026-04-03,45,2026-05-03,0,cross_regime_pre2026_to_post2026,landmark_prevalence_baseline,0.131366884597841
separacion:4091,2026-0002513,SL-702,SL,2026-04-03,21,2026-05-03,0,cross_regime_pre2026_to_post2026,landmark_prevalence_baseline,0.15251032840837475
separacion:4093,2026-0002593,NP-A2403,NP,2026-04-03,21,2026-05-03,0,cross_regime_pre2026_to_post2026,landmark_prevalence_baseline,0.15251032840837475
separacion:4140,2026-0003067,GY-14,GY,2026-04-03,14,2026-05-03,0,cross_regime_pre2026_to_post2026,landmark_prevalence_baseline,0.16853246488906984
separacion:4191,2026-0003242,NP-A2005,NP,2026-04-03,7,2026-05-03,0,cross_regime_pre2026_to_post2026,landmark_prevalence_baseline,0.13317009483455364
separacion:3837,2026-0000095,NP-A-E27,NP,2026-04-04,90,2026-05-04,0,cross_regime_pre2026_to_post2026,landmark_prevalence_baseline,0.06080347448425624
separacion:3838,2026-0000102,EEUU-E40,EEUU,2026-04-04,90,2026-05-04,0,cross_regime_pre2026_to_post2026,landmark_prevalence_baseline,0.06080347448425624
separacion:3904,2026-0000701,EEUU-E14,EEUU,2026-04-04,75,2026-05-04,0,cross_regime_pre2026_to_post2026,landmark_prevalence_baseline,0.07893595489374006
separacion:3974,2026-0001297,GY-25,GY,2026-04-04,60,2026-05-04,0,cross_regime_pre2026_to_post2026,landmark_prevalence_baseline,0.10475059382422801
separacion:3976,2026-0001320,GY-21,GY,2026-04-04,60,2026-05-04,0,cross_regime_pre2026_to_post2026,landmark_prevalence_baseline,0.10475059382422801
separacion:4106,2026-0002781,FX-E16,FX,2026-04-04,21,2026-05-04,0,cross_regime_pre2026_to_post2026,landmark_prevalence_baseline,0.15251032840837475
separacion:4192,2026-0003243,CP-B1306,CP,2026-04-04,7,2026-05-04,0,cross_regime_pre2026_to_post2026,landmark_prevalence_baseline,0.13317009483455364
separacion:4193,2026-0003246,NP-A-E138,NP,2026-04-04,7,2026-05-04,0,cross_regime_pre2026_to_post2026,landmark_prevalence_baseline,0.13317009483455364
separacion:4209,2026-0003385,NP-A2710,NP,2026-04-04,0,2026-05-04,0,cross_regime_pre2026_to_post2026,landmark_prevalence_baseline,0.15133742726373653
separacion:3909,2026-0000732,EEUU-D16,EEUU,2026-04-05,75,2026-05-05,0,cross_regime_pre2026_to_post2026,landmark_prevalence_baseline,0.07893595489374006
separacion:4026,2026-0001742,CP-E27,CP,2026-04-05,45,2026-05-05,0,cross_regime_pre2026_to_post2026,landmark_prevalence_baseline,0.131366884597841
separacion:4107,2026-0002813,GY-303,GY,2026-04-05,21,2026-05-05,0,cross_regime_pre2026_to_post2026,landmark_prevalence_baseline,0.15251032840837475
separacion:4109,2026-0002890,MT-A57,MT,2026-04-05,21,2026-05-05,0,cross_regime_pre2026_to_post2026,landmark_prevalence_baseline,0.15251032840837475
separacion:4117,2026-0002964,FX-901,FX,2026-04-05,21,2026-05-05,1,cross_regime_pre2026_to_post2026,landmark_prevalence_baseline,0.15251032840837475
separacion:4145,2026-0003084,MD-2301,MD,2026-04-05,14,2026-05-05,0,cross_regime_pre2026_to_post2026,landmark_prevalence_baseline,0.16853246488906984
separacion:4148,2026-0003118,GY-43,GY,2026-04-05,14,2026-05-05,0,cross_regime_pre2026_to_post2026,landmark_prevalence_baseline,0.16853246488906984
separacion:4150,2026-0003125,NP-A1304,NP,2026-04-05,14,2026-05-05,0,cross_regime_pre2026_to_post2026,landmark_prevalence_baseline,0.16853246488906984
separacion:3865,2026-0000164,MD-E38,MD,2026-04-06,90,2026-05-06,0,cross_regime_pre2026_to_post2026,landmark_prevalence_baseline,0.06080347448425624
separacion:4080,2026-0002276,GY-1602,GY,2026-04-06,30,2026-05-06,1,cross_regime_pre2026_to_post2026,landmark_prevalence_baseline,0.15141902938669424
separacion:4153,2026-0003145,GY-27,GY,2026-04-06,14,2026-05-06,0,cross_regime_pre2026_to_post2026,landmark_prevalence_baseline,0.16853246488906984
separacion:4156,2026-0003166,FX-1001,FX,2026-04-06,14,2026-05-06,0,cross_regime_pre2026_to_post2026,landmark_prevalence_baseline,0.16853246488906984
separacion:4202,2026-0003313,NP-A2203,NP,2026-04-06,7,2026-05-06,0,cross_regime_pre2026_to_post2026,landmark_prevalence_baseline,0.13317009483455364
separacion:4203,2026-0003315,NP-A2204,NP,2026-04-06,7,2026-05-06,0,cross_regime_pre2026_to_post2026,landmark_prevalence_baseline,0.13317009483455364
separacion:4210,2026-0003409,SL-E4,SL,2026-04-06,0,2026-05-06,0,cross_regime_pre2026_to_post2026,landmark_prevalence_baseline,0.15133742726373653
separacion:4213,2026-0003412,MT-A54,MT,2026-04-06,0,2026-05-06,0,cross_regime_pre2026_to_post2026,landmark_prevalence_baseline,0.15133742726373653
separacion:4214,2026-0003419,GY-8,GY,2026-04-06,0,2026-05-06,1,cross_regime_pre2026_to_post2026,landmark_prevalence_baseline,0.15133742726373653
separacion:4216,2026-0003420,CP-E87,CP,2026-04-06,0,2026-05-06,0,cross_regime_pre2026_to_post2026,landmark_prevalence_baseline,0.15133742726373653
separacion:3922,2026-0000826,MD-E43,MD,2026-04-07,75,2026-05-07,0,cross_regime_pre2026_to_post2026,landmark_prevalence_baseline,0.07893595489374006
separacion:3923,2026-0000825,MD-E36,MD,2026-04-07,75,2026-05-07,0,cross_regime_pre2026_to_post2026,landmark_prevalence_baseline,0.07893595489374006
separacion:3983,2026-0001402,SL-E8,SL,2026-04-07,60,2026-05-07,0,cross_regime_pre2026_to_post2026,landmark_prevalence_baseline,0.10475059382422801
separacion:4122,2026-0002991,GY-D7,GY,2026-04-07,21,2026-05-07,0,cross_regime_pre2026_to_post2026,landmark_prevalence_baseline,0.15251032840837475
separacion:4158,2026-0003168,EEUU-501,EEUU,2026-04-07,14,2026-05-07,0,cross_regime_pre2026_to_post2026,landmark_prevalence_baseline,0.16853246488906984
separacion:4163,2026-0003190,MD-E18,MD,2026-04-07,14,2026-05-07,0,cross_regime_pre2026_to_post2026,landmark_prevalence_baseline,0.16853246488906984
separacion:4207,2026-0003353,FX-1203,FX,2026-04-07,7,2026-05-07,0,cross_regime_pre2026_to_post2026,landmark_prevalence_baseline,0.13317009483455364
separacion:4217,2026-0003401,NP-A2110,NP,2026-04-07,0,2026-05-07,0,cross_regime_pre2026_to_post2026,landmark_prevalence_baseline,0.15133742726373653
separacion:4273,2026-0003451,CP-B1008,CP,2026-04-07,0,2026-05-07,0,cross_regime_pre2026_to_post2026,landmark_prevalence_baseline,0.15133742726373653
separacion:3931,2026-0000856,MT-A23,MT,2026-04-08,75,2026-05-08,0,cross_regime_pre2026_to_post2026,landmark_prevalence_baseline,0.07893595489374006
separacion:3989,2026-0001432,EEUU-D15,EEUU,2026-04-08,60,2026-05-08,0,cross_regime_pre2026_to_post2026,landmark_prevalence_baseline,0.10475059382422801
separacion:4130,2026-0003010,SL-1001,SL,2026-04-08,21,2026-05-08,1,cross_regime_pre2026_to_post2026,landmark_prevalence_baseline,0.15251032840837475
separacion:4131,2026-0003014,EEUU-E50,EEUU,2026-04-08,21,2026-05-08,0,cross_regime_pre2026_to_post2026,landmark_prevalence_baseline,0.15251032840837475
separacion:4164,2026-0003197,NP-A-E19,NP,2026-04-08,14,2026-05-08,0,cross_regime_pre2026_to_post2026,landmark_prevalence_baseline,0.16853246488906984
separacion:4287,2026-0003479,NP-A1704,NP,2026-04-08,0,2026-05-08,0,cross_regime_pre2026_to_post2026,landmark_prevalence_baseline,0.15133742726373653
separacion:4040,2026-0001859,TZ-17,TZ,2026-04-09,45,2026-05-09,0,cross_regime_pre2026_to_post2026,landmark_prevalence_baseline,0.131366884597841
separacion:4136,2026-0003041,MT-A04,MT,2026-04-09,21,2026-05-09,0,cross_regime_pre2026_to_post2026,landmark_prevalence_baseline,0.15251032840837475
separacion:4166,2026-0003221,CP-E52,CP,2026-04-09,14,2026-05-09,0,cross_regime_pre2026_to_post2026,landmark_prevalence_baseline,0.16853246488906984
separacion:4288,2026-0003484,MT-A27,MT,2026-04-09,0,2026-05-09,0,cross_regime_pre2026_to_post2026,landmark_prevalence_baseline,0.15133742726373653
separacion:4290,2026-0003499,MT-A45,MT,2026-04-09,0,2026-05-09,0,cross_regime_pre2026_to_post2026,landmark_prevalence_baseline,0.15133742726373653
separacion:4044,2026-0001915,SL-1405,SL,2026-04-10,45,2026-05-10,0,cross_regime_pre2026_to_post2026,landmark_prevalence_baseline,0.131366884597841
separacion:4045,2026-0001919,FX-E24,FX,2026-04-10,45,2026-05-10,1,cross_regime_pre2026_to_post2026,landmark_prevalence_baseline,0.131366884597841
separacion:4140,2026-0003067,GY-14,GY,2026-04-10,21,2026-05-10,0,cross_regime_pre2026_to_post2026,landmark_prevalence_baseline,0.15251032840837475
separacion:4191,2026-0003242,NP-A2005,NP,2026-04-10,14,2026-05-10,0,cross_regime_pre2026_to_post2026,landmark_prevalence_baseline,0.16853246488906984
separacion:4295,2026-0003502,SL-E7,SL,2026-04-10,0,2026-05-10,0,cross_regime_pre2026_to_post2026,landmark_prevalence_baseline,0.15133742726373653
separacion:3950,2026-0001016,MD-E21,MD,2026-04-11,75,2026-05-11,0,cross_regime_pre2026_to_post2026,landmark_prevalence_baseline,0.07893595489374006
separacion:4050,2026-0001938,FX-1301,FX,2026-04-11,45,2026-05-11,1,cross_regime_pre2026_to_post2026,landmark_prevalence_baseline,0.131366884597841
separacion:4088,2026-0002498,NP-A1601,NP,2026-04-11,30,2026-05-11,0,cross_regime_pre2026_to_post2026,landmark_prevalence_baseline,0.15141902938669424
separacion:4089,2026-0002499,NP-A1603,NP,2026-04-11,30,2026-05-11,0,cross_regime_pre2026_to_post2026,landmark_prevalence_baseline,0.15141902938669424
separacion:4192,2026-0003243,CP-B1306,CP,2026-04-11,14,2026-05-11,0,cross_regime_pre2026_to_post2026,landmark_prevalence_baseline,0.16853246488906984
separacion:4193,2026-0003246,NP-A-E138,NP,2026-04-11,14,2026-05-11,0,cross_regime_pre2026_to_post2026,landmark_prevalence_baseline,0.16853246488906984
separacion:4209,2026-0003385,NP-A2710,NP,2026-04-11,7,2026-05-11,0,cross_regime_pre2026_to_post2026,landmark_prevalence_baseline,0.13317009483455364
separacion:4297,2026-0003545,SL-1403,SL,2026-04-11,0,2026-05-11,0,cross_regime_pre2026_to_post2026,landmark_prevalence_baseline,0.15133742726373653
separacion:4091,2026-0002513,SL-702,SL,2026-04-12,30,2026-05-12,1,cross_regime_pre2026_to_post2026,landmark_prevalence_baseline,0.15141902938669424
separacion:4093,2026-0002593,NP-A2403,NP,2026-04-12,30,2026-05-12,0,cross_regime_pre2026_to_post2026,landmark_prevalence_baseline,0.15141902938669424
separacion:4145,2026-0003084,MD-2301,MD,2026-04-12,21,2026-05-12,0,cross_regime_pre2026_to_post2026,landmark_prevalence_baseline,0.15251032840837475
separacion:4148,2026-0003118,GY-43,GY,2026-04-12,21,2026-05-12,0,cross_regime_pre2026_to_post2026,landmark_prevalence_baseline,0.15251032840837475
separacion:4150,2026-0003125,NP-A1304,NP,2026-04-12,21,2026-05-12,0,cross_regime_pre2026_to_post2026,landmark_prevalence_baseline,0.15251032840837475
separacion:3954,2026-0001053,MT-A58,MT,2026-04-13,75,2026-05-13,0,cross_regime_pre2026_to_post2026,landmark_prevalence_baseline,0.07893595489374006
separacion:3956,2026-0001082,EEUU-D13,EEUU,2026-04-13,75,2026-05-13,0,cross_regime_pre2026_to_post2026,landmark_prevalence_baseline,0.07893595489374006
separacion:4106,2026-0002781,FX-E16,FX,2026-04-13,30,2026-05-13,0,cross_regime_pre2026_to_post2026,landmark_prevalence_baseline,0.15141902938669424
separacion:4153,2026-0003145,GY-27,GY,2026-04-13,21,2026-05-13,0,cross_regime_pre2026_to_post2026,landmark_prevalence_baseline,0.15251032840837475
separacion:4156,2026-0003166,FX-1001,FX,2026-04-13,21,2026-05-13,0,cross_regime_pre2026_to_post2026,landmark_prevalence_baseline,0.15251032840837475
separacion:4202,2026-0003313,NP-A2203,NP,2026-04-13,14,2026-05-13,0,cross_regime_pre2026_to_post2026,landmark_prevalence_baseline,0.16853246488906984
separacion:4203,2026-0003315,NP-A2204,NP,2026-04-13,14,2026-05-13,0,cross_regime_pre2026_to_post2026,landmark_prevalence_baseline,0.16853246488906984
separacion:4210,2026-0003409,SL-E4,SL,2026-04-13,7,2026-05-13,0,cross_regime_pre2026_to_post2026,landmark_prevalence_baseline,0.13317009483455364
separacion:4213,2026-0003412,MT-A54,MT,2026-04-13,7,2026-05-13,0,cross_regime_pre2026_to_post2026,landmark_prevalence_baseline,0.13317009483455364
separacion:4216,2026-0003420,CP-E87,CP,2026-04-13,7,2026-05-13,0,cross_regime_pre2026_to_post2026,landmark_prevalence_baseline,0.13317009483455364
separacion:4298,2026-0003517,NP-A2310,NP,2026-04-13,0,2026-05-13,0,cross_regime_pre2026_to_post2026,landmark_prevalence_baseline,0.15133742726373653
separacion:4299,2026-0003613,NP-A701,NP,2026-04-13,0,2026-05-13,1,cross_regime_pre2026_to_post2026,landmark_prevalence_baseline,0.15133742726373653
separacion:4002,2026-0001591,MT-A09,MT,2026-04-14,60,2026-05-14,0,cross_regime_pre2026_to_post2026,landmark_prevalence_baseline,0.10475059382422801
separacion:4107,2026-0002813,GY-303,GY,2026-04-14,30,2026-05-14,0,cross_regime_pre2026_to_post2026,landmark_prevalence_baseline,0.15141902938669424
separacion:4109,2026-0002890,MT-A57,MT,2026-04-14,30,2026-05-14,0,cross_regime_pre2026_to_post2026,landmark_prevalence_baseline,0.15141902938669424
separacion:4158,2026-0003168,EEUU-501,EEUU,2026-04-14,21,2026-05-14,0,cross_regime_pre2026_to_post2026,landmark_prevalence_baseline,0.15251032840837475
separacion:4163,2026-0003190,MD-E18,MD,2026-04-14,21,2026-05-14,0,cross_regime_pre2026_to_post2026,landmark_prevalence_baseline,0.15251032840837475
separacion:4273,2026-0003451,CP-B1008,CP,2026-04-14,7,2026-05-14,0,cross_regime_pre2026_to_post2026,landmark_prevalence_baseline,0.13317009483455364
separacion:4300,2026-0003625,FX-1601,FX,2026-04-14,0,2026-05-14,0,cross_regime_pre2026_to_post2026,landmark_prevalence_baseline,0.15133742726373653
separacion:4301,2026-0003630,NP-A-E08,NP,2026-04-14,0,2026-05-14,0,cross_regime_pre2026_to_post2026,landmark_prevalence_baseline,0.15133742726373653
separacion:4304,2026-0003643,NP-A1701,NP,2026-04-14,0,2026-05-14,0,cross_regime_pre2026_to_post2026,landmark_prevalence_baseline,0.15133742726373653
separacion:4006,2026-0001533,SL-1305,SL,2026-04-15,60,2026-05-15,1,cross_regime_pre2026_to_post2026,landmark_prevalence_baseline,0.10475059382422801
separacion:4164,2026-0003197,NP-A-E19,NP,2026-04-15,21,2026-05-15,0,cross_regime_pre2026_to_post2026,landmark_prevalence_baseline,0.15251032840837475
separacion:4287,2026-0003479,NP-A1704,NP,2026-04-15,7,2026-05-15,0,cross_regime_pre2026_to_post2026,landmark_prevalence_baseline,0.13317009483455364
separacion:3890,2026-0000526,MD-E58,MD,2026-04-16,90,2026-05-16,0,cross_regime_pre2026_to_post2026,landmark_prevalence_baseline,0.06080347448425624
separacion:4122,2026-0002991,GY-D7,GY,2026-04-16,30,2026-05-16,0,cross_regime_pre2026_to_post2026,landmark_prevalence_baseline,0.15141902938669424
separacion:4166,2026-0003221,CP-E52,CP,2026-04-16,21,2026-05-16,0,cross_regime_pre2026_to_post2026,landmark_prevalence_baseline,0.15251032840837475
separacion:4288,2026-0003484,MT-A27,MT,2026-04-16,7,2026-05-16,0,cross_regime_pre2026_to_post2026,landmark_prevalence_baseline,0.13317009483455364
separacion:4290,2026-0003499,MT-A45,MT,2026-04-16,7,2026-05-16,0,cross_regime_pre2026_to_post2026,landmark_prevalence_baseline,0.13317009483455364
separacion:3968,2026-0001236,NP-A-E61,NP,2026-04-17,75,2026-05-17,0,cross_regime_pre2026_to_post2026,landmark_prevalence_baseline,0.07893595489374006
separacion:3970,2026-0001264,MD-E22,MD,2026-04-17,75,2026-05-17,0,cross_regime_pre2026_to_post2026,landmark_prevalence_baseline,0.07893595489374006
separacion:4130,2026-0003010,SL-1001,SL,2026-04-17,30,2026-05-17,1,cross_regime_pre2026_to_post2026,landmark_prevalence_baseline,0.15141902938669424
separacion:4131,2026-0003014,EEUU-E50,EEUU,2026-04-17,30,2026-05-17,0,cross_regime_pre2026_to_post2026,landmark_prevalence_baseline,0.15141902938669424
separacion:4191,2026-0003242,NP-A2005,NP,2026-04-17,21,2026-05-17,0,cross_regime_pre2026_to_post2026,landmark_prevalence_baseline,0.15251032840837475
separacion:4295,2026-0003502,SL-E7,SL,2026-04-17,7,2026-05-17,0,cross_regime_pre2026_to_post2026,landmark_prevalence_baseline,0.13317009483455364
separacion:4014,2026-0001698,EEUU-E48,EEUU,2026-04-18,60,2026-05-18,0,cross_regime_pre2026_to_post2026,landmark_prevalence_baseline,0.10475059382422801
separacion:4136,2026-0003041,MT-A04,MT,2026-04-18,30,2026-05-18,0,cross_regime_pre2026_to_post2026,landmark_prevalence_baseline,0.15141902938669424
separacion:4192,2026-0003243,CP-B1306,CP,2026-04-18,21,2026-05-18,0,cross_regime_pre2026_to_post2026,landmark_prevalence_baseline,0.15251032840837475
separacion:4193,2026-0003246,NP-A-E138,NP,2026-04-18,21,2026-05-18,0,cross_regime_pre2026_to_post2026,landmark_prevalence_baseline,0.15251032840837475
separacion:4209,2026-0003385,NP-A2710,NP,2026-04-18,14,2026-05-18,0,cross_regime_pre2026_to_post2026,landmark_prevalence_baseline,0.16853246488906984
separacion:4297,2026-0003545,SL-1403,SL,2026-04-18,7,2026-05-18,0,cross_regime_pre2026_to_post2026,landmark_prevalence_baseline,0.13317009483455364
separacion:4332,2026-0003701,TZ-201,TZ,2026-04-18,0,2026-05-18,0,cross_regime_pre2026_to_post2026,landmark_prevalence_baseline,0.15133742726373653
separacion:4333,2026-0003716,GY-1301,GY,2026-04-18,0,2026-05-18,0,cross_regime_pre2026_to_post2026,landmark_prevalence_baseline,0.15133742726373653
separacion:4334,2026-0003726,SL-307,SL,2026-04-18,0,2026-05-18,0,cross_regime_pre2026_to_post2026,landmark_prevalence_baseline,0.15133742726373653
separacion:3904,2026-0000701,EEUU-E14,EEUU,2026-04-19,90,2026-05-19,0,cross_regime_pre2026_to_post2026,landmark_prevalence_baseline,0.06080347448425624
separacion:3974,2026-0001297,GY-25,GY,2026-04-19,75,2026-05-19,0,cross_regime_pre2026_to_post2026,landmark_prevalence_baseline,0.07893595489374006
separacion:3976,2026-0001320,GY-21,GY,2026-04-19,75,2026-05-19,0,cross_regime_pre2026_to_post2026,landmark_prevalence_baseline,0.07893595489374006
separacion:4140,2026-0003067,GY-14,GY,2026-04-19,30,2026-05-19,0,cross_regime_pre2026_to_post2026,landmark_prevalence_baseline,0.15141902938669424
separacion:3909,2026-0000732,EEUU-D16,EEUU,2026-04-20,90,2026-05-20,0,cross_regime_pre2026_to_post2026,landmark_prevalence_baseline,0.06080347448425624
separacion:4026,2026-0001742,CP-E27,CP,2026-04-20,60,2026-05-20,0,cross_regime_pre2026_to_post2026,landmark_prevalence_baseline,0.10475059382422801
separacion:4202,2026-0003313,NP-A2203,NP,2026-04-20,21,2026-05-20,0,cross_regime_pre2026_to_post2026,landmark_prevalence_baseline,0.15251032840837475
separacion:4203,2026-0003315,NP-A2204,NP,2026-04-20,21,2026-05-20,0,cross_regime_pre2026_to_post2026,landmark_prevalence_baseline,0.15251032840837475
separacion:4210,2026-0003409,SL-E4,SL,2026-04-20,14,2026-05-20,0,cross_regime_pre2026_to_post2026,landmark_prevalence_baseline,0.16853246488906984
separacion:4213,2026-0003412,MT-A54,MT,2026-04-20,14,2026-05-20,0,cross_regime_pre2026_to_post2026,landmark_prevalence_baseline,0.16853246488906984
separacion:4216,2026-0003420,CP-E87,CP,2026-04-20,14,2026-05-20,0,cross_regime_pre2026_to_post2026,landmark_prevalence_baseline,0.16853246488906984
separacion:4299,2026-0003613,NP-A701,NP,2026-04-20,7,2026-05-20,1,cross_regime_pre2026_to_post2026,landmark_prevalence_baseline,0.13317009483455364
separacion:4335,2026-0003784,NP-A1001,NP,2026-04-20,0,2026-05-20,0,cross_regime_pre2026_to_post2026,landmark_prevalence_baseline,0.15133742726373653
separacion:4145,2026-0003084,MD-2301,MD,2026-04-21,30,2026-05-21,0,cross_regime_pre2026_to_post2026,landmark_prevalence_baseline,0.15141902938669424
separacion:4148,2026-0003118,GY-43,GY,2026-04-21,30,2026-05-21,0,cross_regime_pre2026_to_post2026,landmark_prevalence_baseline,0.15141902938669424
separacion:4150,2026-0003125,NP-A1304,NP,2026-04-21,30,2026-05-21,1,cross_regime_pre2026_to_post2026,landmark_prevalence_baseline,0.15141902938669424
separacion:4300,2026-0003625,FX-1601,FX,2026-04-21,7,2026-05-21,0,cross_regime_pre2026_to_post2026,landmark_prevalence_baseline,0.13317009483455364
separacion:4301,2026-0003630,NP-A-E08,NP,2026-04-21,7,2026-05-21,0,cross_regime_pre2026_to_post2026,landmark_prevalence_baseline,0.13317009483455364
separacion:4304,2026-0003643,NP-A1701,NP,2026-04-21,7,2026-05-21,0,cross_regime_pre2026_to_post2026,landmark_prevalence_baseline,0.13317009483455364
separacion:4336,2026-0003787,FX-603,FX,2026-04-21,0,2026-05-21,1,cross_regime_pre2026_to_post2026,landmark_prevalence_baseline,0.15133742726373653
separacion:4337,2026-0003807,CP-E60,CP,2026-04-21,0,2026-05-21,0,cross_regime_pre2026_to_post2026,landmark_prevalence_baseline,0.15133742726373653
separacion:3922,2026-0000826,MD-E43,MD,2026-04-22,90,2026-05-22,0,cross_regime_pre2026_to_post2026,landmark_prevalence_baseline,0.06080347448425624
separacion:3923,2026-0000825,MD-E36,MD,2026-04-22,90,2026-05-22,0,cross_regime_pre2026_to_post2026,landmark_prevalence_baseline,0.06080347448425624
separacion:3983,2026-0001402,SL-E8,SL,2026-04-22,75,2026-05-22,0,cross_regime_pre2026_to_post2026,landmark_prevalence_baseline,0.07893595489374006
separacion:4153,2026-0003145,GY-27,GY,2026-04-22,30,2026-05-22,0,cross_regime_pre2026_to_post2026,landmark_prevalence_baseline,0.15141902938669424
separacion:4287,2026-0003479,NP-A1704,NP,2026-04-22,14,2026-05-22,0,cross_regime_pre2026_to_post2026,landmark_prevalence_baseline,0.16853246488906984
separacion:4338,2026-0003832,NP-A1201,NP,2026-04-22,0,2026-05-22,0,cross_regime_pre2026_to_post2026,landmark_prevalence_baseline,0.15133742726373653
separacion:4341,2026-0003845,FX-502,FX,2026-04-22,0,2026-05-22,0,cross_regime_pre2026_to_post2026,landmark_prevalence_baseline,0.15133742726373653
separacion:4342,2026-0003842,FX-702,FX,2026-04-22,0,2026-05-22,0,cross_regime_pre2026_to_post2026,landmark_prevalence_baseline,0.15133742726373653
separacion:4343,2026-0003846,FX-E43,FX,2026-04-22,0,2026-05-22,0,cross_regime_pre2026_to_post2026,landmark_prevalence_baseline,0.15133742726373653
separacion:4345,2026-0003857,GY-801,GY,2026-04-22,0,2026-05-22,0,cross_regime_pre2026_to_post2026,landmark_prevalence_baseline,0.15133742726373653
separacion:4346,2026-0003858,NP-A2401,NP,2026-04-22,0,2026-05-22,0,cross_regime_pre2026_to_post2026,landmark_prevalence_baseline,0.15133742726373653
separacion:3931,2026-0000856,MT-A23,MT,2026-04-23,90,2026-05-23,0,cross_regime_pre2026_to_post2026,landmark_prevalence_baseline,0.06080347448425624
separacion:3989,2026-0001432,EEUU-D15,EEUU,2026-04-23,75,2026-05-23,0,cross_regime_pre2026_to_post2026,landmark_prevalence_baseline,0.07893595489374006
separacion:4163,2026-0003190,MD-E18,MD,2026-04-23,30,2026-05-23,0,cross_regime_pre2026_to_post2026,landmark_prevalence_baseline,0.15141902938669424
separacion:4288,2026-0003484,MT-A27,MT,2026-04-23,14,2026-05-23,0,cross_regime_pre2026_to_post2026,landmark_prevalence_baseline,0.16853246488906984
separacion:4290,2026-0003499,MT-A45,MT,2026-04-23,14,2026-05-23,0,cross_regime_pre2026_to_post2026,landmark_prevalence_baseline,0.16853246488906984
separacion:4352,2026-0003901,EEUU-503,EEUU,2026-04-23,0,2026-05-23,0,cross_regime_pre2026_to_post2026,landmark_prevalence_baseline,0.15133742726373653
separacion:4040,2026-0001859,TZ-17,TZ,2026-04-24,60,2026-05-24,0,cross_regime_pre2026_to_post2026,landmark_prevalence_baseline,0.10475059382422801
separacion:4164,2026-0003197,NP-A-E19,NP,2026-04-24,30,2026-05-24,0,cross_regime_pre2026_to_post2026,landmark_prevalence_baseline,0.15141902938669424
separacion:4295,2026-0003502,SL-E7,SL,2026-04-24,14,2026-05-24,0,cross_regime_pre2026_to_post2026,landmark_prevalence_baseline,0.16853246488906984
separacion:4355,2026-0003914,NP-A2407,NP,2026-04-24,0,2026-05-24,0,cross_regime_pre2026_to_post2026,landmark_prevalence_baseline,0.15133742726373653
separacion:4363,2026-0003941,GY-33,GY,2026-04-24,0,2026-05-24,0,cross_regime_pre2026_to_post2026,landmark_prevalence_baseline,0.15133742726373653
separacion:4045,2026-0001919,FX-E24,FX,2026-04-25,60,2026-05-25,1,cross_regime_pre2026_to_post2026,landmark_prevalence_baseline,0.10475059382422801
separacion:4166,2026-0003221,CP-E52,CP,2026-04-25,30,2026-05-25,0,cross_regime_pre2026_to_post2026,landmark_prevalence_baseline,0.15141902938669424
separacion:4209,2026-0003385,NP-A2710,NP,2026-04-25,21,2026-05-25,0,cross_regime_pre2026_to_post2026,landmark_prevalence_baseline,0.15251032840837475
separacion:4297,2026-0003545,SL-1403,SL,2026-04-25,14,2026-05-25,0,cross_regime_pre2026_to_post2026,landmark_prevalence_baseline,0.16853246488906984
separacion:4332,2026-0003701,TZ-201,TZ,2026-04-25,7,2026-05-25,0,cross_regime_pre2026_to_post2026,landmark_prevalence_baseline,0.13317009483455364
separacion:4334,2026-0003726,SL-307,SL,2026-04-25,7,2026-05-25,0,cross_regime_pre2026_to_post2026,landmark_prevalence_baseline,0.13317009483455364
separacion:4364,2026-0003960,SL-1306,SL,2026-04-25,0,2026-05-25,0,cross_regime_pre2026_to_post2026,landmark_prevalence_baseline,0.15133742726373653
separacion:4365,2026-0003981,TZ-19,TZ,2026-04-25,0,2026-05-25,0,cross_regime_pre2026_to_post2026,landmark_prevalence_baseline,0.15133742726373653
separacion:3950,2026-0001016,MD-E21,MD,2026-04-26,90,2026-05-26,0,cross_regime_pre2026_to_post2026,landmark_prevalence_baseline,0.06080347448425624
separacion:4050,2026-0001938,FX-1301,FX,2026-04-26,60,2026-05-26,1,cross_regime_pre2026_to_post2026,landmark_prevalence_baseline,0.10475059382422801
separacion:4088,2026-0002498,NP-A1601,NP,2026-04-26,45,2026-05-26,0,cross_regime_pre2026_to_post2026,landmark_prevalence_baseline,0.131366884597841
separacion:4089,2026-0002499,NP-A1603,NP,2026-04-26,45,2026-05-26,0,cross_regime_pre2026_to_post2026,landmark_prevalence_baseline,0.131366884597841
separacion:4191,2026-0003242,NP-A2005,NP,2026-04-26,30,2026-05-26,0,cross_regime_pre2026_to_post2026,landmark_prevalence_baseline,0.15141902938669424
separacion:4366,2026-0004062,NP-A2306,NP,2026-04-26,0,2026-05-26,0,cross_regime_pre2026_to_post2026,landmark_prevalence_baseline,0.15133742726373653
separacion:4091,2026-0002513,SL-702,SL,2026-04-27,45,2026-05-27,1,cross_regime_pre2026_to_post2026,landmark_prevalence_baseline,0.131366884597841
separacion:4192,2026-0003243,CP-B1306,CP,2026-04-27,30,2026-05-27,0,cross_regime_pre2026_to_post2026,landmark_prevalence_baseline,0.15141902938669424
separacion:4193,2026-0003246,NP-A-E138,NP,2026-04-27,30,2026-05-27,0,cross_regime_pre2026_to_post2026,landmark_prevalence_baseline,0.15141902938669424
separacion:4210,2026-0003409,SL-E4,SL,2026-04-27,21,2026-05-27,0,cross_regime_pre2026_to_post2026,landmark_prevalence_baseline,0.15251032840837475
separacion:4213,2026-0003412,MT-A54,MT,2026-04-27,21,2026-05-27,0,cross_regime_pre2026_to_post2026,landmark_prevalence_baseline,0.15251032840837475
separacion:4216,2026-0003420,CP-E87,CP,2026-04-27,21,2026-05-27,0,cross_regime_pre2026_to_post2026,landmark_prevalence_baseline,0.15251032840837475
separacion:4367,2026-0004067,TZ-50,TZ,2026-04-27,0,2026-05-27,0,cross_regime_pre2026_to_post2026,landmark_prevalence_baseline,0.15133742726373653
separacion:4368,2026-0004009,MT-A901,MT,2026-04-27,0,2026-05-27,0,cross_regime_pre2026_to_post2026,landmark_prevalence_baseline,0.15133742726373653
separacion:3954,2026-0001053,MT-A58,MT,2026-04-28,90,2026-05-28,0,cross_regime_pre2026_to_post2026,landmark_prevalence_baseline,0.06080347448425624
separacion:3956,2026-0001082,EEUU-D13,EEUU,2026-04-28,90,2026-05-28,0,cross_regime_pre2026_to_post2026,landmark_prevalence_baseline,0.06080347448425624
separacion:4106,2026-0002781,FX-E16,FX,2026-04-28,45,2026-05-28,0,cross_regime_pre2026_to_post2026,landmark_prevalence_baseline,0.131366884597841
separacion:4300,2026-0003625,FX-1601,FX,2026-04-28,14,2026-05-28,0,cross_regime_pre2026_to_post2026,landmark_prevalence_baseline,0.16853246488906984
separacion:4301,2026-0003630,NP-A-E08,NP,2026-04-28,14,2026-05-28,0,cross_regime_pre2026_to_post2026,landmark_prevalence_baseline,0.16853246488906984
separacion:4336,2026-0003787,FX-603,FX,2026-04-28,7,2026-05-28,1,cross_regime_pre2026_to_post2026,landmark_prevalence_baseline,0.13317009483455364
separacion:4337,2026-0003807,CP-E60,CP,2026-04-28,7,2026-05-28,0,cross_regime_pre2026_to_post2026,landmark_prevalence_baseline,0.13317009483455364
separacion:4370,2026-0004112,NP-A-E06,NP,2026-04-28,0,2026-05-28,0,cross_regime_pre2026_to_post2026,landmark_prevalence_baseline,0.15133742726373653
separacion:4002,2026-0001591,MT-A09,MT,2026-04-29,75,2026-05-29,0,cross_regime_pre2026_to_post2026,landmark_prevalence_baseline,0.07893595489374006
separacion:4107,2026-0002813,GY-303,GY,2026-04-29,45,2026-05-29,0,cross_regime_pre2026_to_post2026,landmark_prevalence_baseline,0.131366884597841
separacion:4109,2026-0002890,MT-A57,MT,2026-04-29,45,2026-05-29,1,cross_regime_pre2026_to_post2026,landmark_prevalence_baseline,0.131366884597841
separacion:4202,2026-0003313,NP-A2203,NP,2026-04-29,30,2026-05-29,0,cross_regime_pre2026_to_post2026,landmark_prevalence_baseline,0.15141902938669424
separacion:4203,2026-0003315,NP-A2204,NP,2026-04-29,30,2026-05-29,0,cross_regime_pre2026_to_post2026,landmark_prevalence_baseline,0.15141902938669424
separacion:4343,2026-0003846,FX-E43,FX,2026-04-29,7,2026-05-29,0,cross_regime_pre2026_to_post2026,landmark_prevalence_baseline,0.13317009483455364
separacion:4345,2026-0003857,GY-801,GY,2026-04-29,7,2026-05-29,0,cross_regime_pre2026_to_post2026,landmark_prevalence_baseline,0.13317009483455364
separacion:4371,2026-0004020,NP-A1801,NP,2026-04-29,0,2026-05-29,0,cross_regime_pre2026_to_post2026,landmark_prevalence_baseline,0.15133742726373653
separacion:4377,2026-0004146,CP-B1108,CP,2026-04-29,0,2026-05-29,0,cross_regime_pre2026_to_post2026,landmark_prevalence_baseline,0.15133742726373653
separacion:4288,2026-0003484,MT-A27,MT,2026-04-30,21,2026-05-30,0,cross_regime_pre2026_to_post2026,landmark_prevalence_baseline,0.15251032840837475
separacion:4290,2026-0003499,MT-A45,MT,2026-04-30,21,2026-05-30,0,cross_regime_pre2026_to_post2026,landmark_prevalence_baseline,0.15251032840837475
separacion:4352,2026-0003901,EEUU-503,EEUU,2026-04-30,7,2026-05-30,0,cross_regime_pre2026_to_post2026,landmark_prevalence_baseline,0.13317009483455364
separacion:4384,2026-0004153,CP-B705,CP,2026-04-30,0,2026-05-30,0,cross_regime_pre2026_to_post2026,landmark_prevalence_baseline,0.15133742726373653
separacion:4385,2026-0004150,GY-201,GY,2026-04-30,0,2026-05-30,0,cross_regime_pre2026_to_post2026,landmark_prevalence_baseline,0.15133742726373653
separacion:4122,2026-0002991,GY-D7,GY,2026-05-01,45,2026-05-31,0,cross_regime_pre2026_to_post2026,landmark_prevalence_baseline,0.131366884597841
separacion:4295,2026-0003502,SL-E7,SL,2026-05-01,21,2026-05-31,0,cross_regime_pre2026_to_post2026,landmark_prevalence_baseline,0.15251032840837475
separacion:4363,2026-0003941,GY-33,GY,2026-05-01,7,2026-05-31,0,cross_regime_pre2026_to_post2026,landmark_prevalence_baseline,0.13317009483455364
separacion:4389,2026-0004188,SL-E1,SL,2026-05-01,0,2026-05-31,0,cross_regime_pre2026_to_post2026,landmark_prevalence_baseline,0.15133742726373653
separacion:4131,2026-0003014,EEUU-E50,EEUU,2026-05-02,45,2026-06-01,0,cross_regime_pre2026_to_post2026,landmark_prevalence_baseline,0.131366884597841
separacion:4365,2026-0003981,TZ-19,TZ,2026-05-02,7,2026-06-01,0,cross_regime_pre2026_to_post2026,landmark_prevalence_baseline,0.13317009483455364
separacion:4393,2026-0004251,CP-B507,CP,2026-05-02,0,2026-06-01,0,cross_regime_pre2026_to_post2026,landmark_prevalence_baseline,0.15133742726373653
separacion:4394,2026-0004235,FX-304,FX,2026-05-02,0,2026-06-01,0,cross_regime_pre2026_to_post2026,landmark_prevalence_baseline,0.15133742726373653
separacion:4395,2026-0004267,GY-605,GY,2026-05-02,0,2026-06-01,0,cross_regime_pre2026_to_post2026,landmark_prevalence_baseline,0.15133742726373653
separacion:4553,2026-0005356,NP-A-E161,NP,2026-05-02,0,2026-06-01,0,cross_regime_pre2026_to_post2026,landmark_prevalence_baseline,0.15133742726373653
separacion:4014,2026-0001698,EEUU-E48,EEUU,2026-05-03,75,2026-06-02,0,cross_regime_pre2026_to_post2026,landmark_prevalence_baseline,0.07893595489374006
separacion:4136,2026-0003041,MT-A04,MT,2026-05-03,45,2026-06-02,0,cross_regime_pre2026_to_post2026,landmark_prevalence_baseline,0.131366884597841
separacion:4366,2026-0004062,NP-A2306,NP,2026-05-03,7,2026-06-02,0,cross_regime_pre2026_to_post2026,landmark_prevalence_baseline,0.13317009483455364
separacion:4140,2026-0003067,GY-14,GY,2026-05-04,45,2026-06-03,0,cross_regime_pre2026_to_post2026,landmark_prevalence_baseline,0.131366884597841
separacion:4367,2026-0004067,TZ-50,TZ,2026-05-04,7,2026-06-03,0,cross_regime_pre2026_to_post2026,landmark_prevalence_baseline,0.13317009483455364
separacion:4400,2026-0004310,NP-A-E134,NP,2026-05-04,0,2026-06-03,0,cross_regime_pre2026_to_post2026,landmark_prevalence_baseline,0.15133742726373653
separacion:4401,2026-0004311,MD-1901,MD,2026-05-04,0,2026-06-03,0,cross_regime_pre2026_to_post2026,landmark_prevalence_baseline,0.15133742726373653
separacion:4026,2026-0001742,CP-E27,CP,2026-05-05,75,2026-06-04,0,cross_regime_pre2026_to_post2026,landmark_prevalence_baseline,0.07893595489374006
separacion:4301,2026-0003630,NP-A-E08,NP,2026-05-05,21,2026-06-04,0,cross_regime_pre2026_to_post2026,landmark_prevalence_baseline,0.15251032840837475
separacion:4336,2026-0003787,FX-603,FX,2026-05-05,14,2026-06-04,1,cross_regime_pre2026_to_post2026,landmark_prevalence_baseline,0.16853246488906984
separacion:4337,2026-0003807,CP-E60,CP,2026-05-05,14,2026-06-04,0,cross_regime_pre2026_to_post2026,landmark_prevalence_baseline,0.16853246488906984
separacion:4370,2026-0004112,NP-A-E06,NP,2026-05-05,7,2026-06-04,0,cross_regime_pre2026_to_post2026,landmark_prevalence_baseline,0.13317009483455364
separacion:4402,2026-0004319,MD-1803,MD,2026-05-05,0,2026-06-04,0,cross_regime_pre2026_to_post2026,landmark_prevalence_baseline,0.15133742726373653
separacion:4403,2026-0004320,MD-E97,MD,2026-05-05,0,2026-06-04,0,cross_regime_pre2026_to_post2026,landmark_prevalence_baseline,0.15133742726373653
separacion:4405,2026-0004331,NP-A1501,NP,2026-05-05,0,2026-06-04,0,cross_regime_pre2026_to_post2026,landmark_prevalence_baseline,0.15133742726373653
separacion:4407,2026-0004338,NP-A2210,NP,2026-05-05,0,2026-06-04,0,cross_regime_pre2026_to_post2026,landmark_prevalence_baseline,0.15133742726373653
separacion:4148,2026-0003118,GY-43,GY,2026-05-06,45,2026-06-05,0,cross_regime_pre2026_to_post2026,landmark_prevalence_baseline,0.131366884597841
separacion:4150,2026-0003125,NP-A1304,NP,2026-05-06,45,2026-06-05,1,cross_regime_pre2026_to_post2026,landmark_prevalence_baseline,0.131366884597841
separacion:4210,2026-0003409,SL-E4,SL,2026-05-06,30,2026-06-05,0,cross_regime_pre2026_to_post2026,landmark_prevalence_baseline,0.15141902938669424
separacion:4213,2026-0003412,MT-A54,MT,2026-05-06,30,2026-06-05,0,cross_regime_pre2026_to_post2026,landmark_prevalence_baseline,0.15141902938669424
separacion:4216,2026-0003420,CP-E87,CP,2026-05-06,30,2026-06-05,0,cross_regime_pre2026_to_post2026,landmark_prevalence_baseline,0.15141902938669424
separacion:4343,2026-0003846,FX-E43,FX,2026-05-06,14,2026-06-05,0,cross_regime_pre2026_to_post2026,landmark_prevalence_baseline,0.16853246488906984
separacion:4345,2026-0003857,GY-801,GY,2026-05-06,14,2026-06-05,0,cross_regime_pre2026_to_post2026,landmark_prevalence_baseline,0.16853246488906984
separacion:4408,2026-0004330,SL-1308,SL,2026-05-06,0,2026-06-05,0,cross_regime_pre2026_to_post2026,landmark_prevalence_baseline,0.15133742726373653
separacion:4409,2026-0004351,SL-E47,SL,2026-05-06,0,2026-06-05,0,cross_regime_pre2026_to_post2026,landmark_prevalence_baseline,0.15133742726373653
separacion:4413,2026-0004374,MT-B24,MT,2026-05-06,0,2026-06-05,0,cross_regime_pre2026_to_post2026,landmark_prevalence_baseline,0.15133742726373653
separacion:4153,2026-0003145,GY-27,GY,2026-05-07,45,2026-06-06,0,cross_regime_pre2026_to_post2026,landmark_prevalence_baseline,0.131366884597841
separacion:4352,2026-0003901,EEUU-503,EEUU,2026-05-07,14,2026-06-06,0,cross_regime_pre2026_to_post2026,landmark_prevalence_baseline,0.16853246488906984
separacion:4384,2026-0004153,CP-B705,CP,2026-05-07,7,2026-06-06,0,cross_regime_pre2026_to_post2026,landmark_prevalence_baseline,0.13317009483455364
separacion:4385,2026-0004150,GY-201,GY,2026-05-07,7,2026-06-06,0,cross_regime_pre2026_to_post2026,landmark_prevalence_baseline,0.13317009483455364
separacion:4415,2026-0004385,EEUU-1404,EEUU,2026-05-07,0,2026-06-06,0,cross_regime_pre2026_to_post2026,landmark_prevalence_baseline,0.15133742726373653
separacion:4416,2026-0004370,TZ-106,TZ,2026-05-07,0,2026-06-06,0,cross_regime_pre2026_to_post2026,landmark_prevalence_baseline,0.15133742726373653
separacion:4417,2026-0004387,FX-405,FX,2026-05-07,0,2026-06-06,0,cross_regime_pre2026_to_post2026,landmark_prevalence_baseline,0.15133742726373653
separacion:4163,2026-0003190,MD-E18,MD,2026-05-08,45,2026-06-07,0,cross_regime_pre2026_to_post2026,landmark_prevalence_baseline,0.131366884597841
separacion:4363,2026-0003941,GY-33,GY,2026-05-08,14,2026-06-07,0,cross_regime_pre2026_to_post2026,landmark_prevalence_baseline,0.16853246488906984
separacion:4389,2026-0004188,SL-E1,SL,2026-05-08,7,2026-06-07,0,cross_regime_pre2026_to_post2026,landmark_prevalence_baseline,0.13317009483455364
separacion:4040,2026-0001859,TZ-17,TZ,2026-05-09,75,2026-06-08,0,cross_regime_pre2026_to_post2026,landmark_prevalence_baseline,0.07893595489374006
separacion:4164,2026-0003197,NP-A-E19,NP,2026-05-09,45,2026-06-08,0,cross_regime_pre2026_to_post2026,landmark_prevalence_baseline,0.131366884597841
separacion:4288,2026-0003484,MT-A27,MT,2026-05-09,30,2026-06-08,0,cross_regime_pre2026_to_post2026,landmark_prevalence_baseline,0.15141902938669424
separacion:4290,2026-0003499,MT-A45,MT,2026-05-09,30,2026-06-08,0,cross_regime_pre2026_to_post2026,landmark_prevalence_baseline,0.15141902938669424
separacion:4365,2026-0003981,TZ-19,TZ,2026-05-09,14,2026-06-08,0,cross_regime_pre2026_to_post2026,landmark_prevalence_baseline,0.16853246488906984
separacion:4393,2026-0004251,CP-B507,CP,2026-05-09,7,2026-06-08,0,cross_regime_pre2026_to_post2026,landmark_prevalence_baseline,0.13317009483455364
separacion:4394,2026-0004235,FX-304,FX,2026-05-09,7,2026-06-08,0,cross_regime_pre2026_to_post2026,landmark_prevalence_baseline,0.13317009483455364
separacion:4395,2026-0004267,GY-605,GY,2026-05-09,7,2026-06-08,0,cross_regime_pre2026_to_post2026,landmark_prevalence_baseline,0.13317009483455364
separacion:4422,2026-0004435,NP-A1810,NP,2026-05-09,0,2026-06-08,0,cross_regime_pre2026_to_post2026,landmark_prevalence_baseline,0.15133742726373653
separacion:4423,2026-0004300,MT-B1303,MT,2026-05-09,0,2026-06-08,0,cross_regime_pre2026_to_post2026,landmark_prevalence_baseline,0.15133742726373653
separacion:4553,2026-0005356,NP-A-E161,NP,2026-05-09,7,2026-06-08,0,cross_regime_pre2026_to_post2026,landmark_prevalence_baseline,0.13317009483455364
separacion:4166,2026-0003221,CP-E52,CP,2026-05-10,45,2026-06-09,0,cross_regime_pre2026_to_post2026,landmark_prevalence_baseline,0.131366884597841
separacion:4295,2026-0003502,SL-E7,SL,2026-05-10,30,2026-06-09,0,cross_regime_pre2026_to_post2026,landmark_prevalence_baseline,0.15141902938669424
separacion:4366,2026-0004062,NP-A2306,NP,2026-05-10,14,2026-06-09,0,cross_regime_pre2026_to_post2026,landmark_prevalence_baseline,0.16853246488906984
separacion:4424,2026-0004451,SL-903,SL,2026-05-10,0,2026-06-09,0,cross_regime_pre2026_to_post2026,landmark_prevalence_baseline,0.15133742726373653
separacion:4088,2026-0002498,NP-A1601,NP,2026-05-11,60,2026-06-10,0,cross_regime_pre2026_to_post2026,landmark_prevalence_baseline,0.10475059382422801
separacion:4089,2026-0002499,NP-A1603,NP,2026-05-11,60,2026-06-10,0,cross_regime_pre2026_to_post2026,landmark_prevalence_baseline,0.10475059382422801
separacion:4191,2026-0003242,NP-A2005,NP,2026-05-11,45,2026-06-10,0,cross_regime_pre2026_to_post2026,landmark_prevalence_baseline,0.131366884597841
separacion:4367,2026-0004067,TZ-50,TZ,2026-05-11,14,2026-06-10,0,cross_regime_pre2026_to_post2026,landmark_prevalence_baseline,0.16853246488906984
separacion:4400,2026-0004310,NP-A-E134,NP,2026-05-11,7,2026-06-10,0,cross_regime_pre2026_to_post2026,landmark_prevalence_baseline,0.13317009483455364
separacion:4401,2026-0004311,MD-1901,MD,2026-05-11,7,2026-06-10,0,cross_regime_pre2026_to_post2026,landmark_prevalence_baseline,0.13317009483455364
separacion:4427,2026-0004436,SL-808,SL,2026-05-11,0,2026-06-10,0,cross_regime_pre2026_to_post2026,landmark_prevalence_baseline,0.15133742726373653
separacion:4192,2026-0003243,CP-B1306,CP,2026-05-12,45,2026-06-11,0,cross_regime_pre2026_to_post2026,landmark_prevalence_baseline,0.131366884597841
separacion:4193,2026-0003246,NP-A-E138,NP,2026-05-12,45,2026-06-11,0,cross_regime_pre2026_to_post2026,landmark_prevalence_baseline,0.131366884597841
separacion:4337,2026-0003807,CP-E60,CP,2026-05-12,21,2026-06-11,0,cross_regime_pre2026_to_post2026,landmark_prevalence_baseline,0.15251032840837475
separacion:4370,2026-0004112,NP-A-E06,NP,2026-05-12,14,2026-06-11,0,cross_regime_pre2026_to_post2026,landmark_prevalence_baseline,0.16853246488906984
separacion:4402,2026-0004319,MD-1803,MD,2026-05-12,7,2026-06-11,0,cross_regime_pre2026_to_post2026,landmark_prevalence_baseline,0.13317009483455364
separacion:4403,2026-0004320,MD-E97,MD,2026-05-12,7,2026-06-11,0,cross_regime_pre2026_to_post2026,landmark_prevalence_baseline,0.13317009483455364
separacion:4407,2026-0004338,NP-A2210,NP,2026-05-12,7,2026-06-11,0,cross_regime_pre2026_to_post2026,landmark_prevalence_baseline,0.13317009483455364
separacion:4451,2026-0004523,NP-A-E154,NP,2026-05-12,0,2026-06-11,0,cross_regime_pre2026_to_post2026,landmark_prevalence_baseline,0.15133742726373653
separacion:4106,2026-0002781,FX-E16,FX,2026-05-13,60,2026-06-12,0,cross_regime_pre2026_to_post2026,landmark_prevalence_baseline,0.10475059382422801
separacion:4343,2026-0003846,FX-E43,FX,2026-05-13,21,2026-06-12,0,cross_regime_pre2026_to_post2026,landmark_prevalence_baseline,0.15251032840837475
separacion:4345,2026-0003857,GY-801,GY,2026-05-13,21,2026-06-12,0,cross_regime_pre2026_to_post2026,landmark_prevalence_baseline,0.15251032840837475
separacion:4408,2026-0004330,SL-1308,SL,2026-05-13,7,2026-06-12,0,cross_regime_pre2026_to_post2026,landmark_prevalence_baseline,0.13317009483455364
separacion:4409,2026-0004351,SL-E47,SL,2026-05-13,7,2026-06-12,0,cross_regime_pre2026_to_post2026,landmark_prevalence_baseline,0.13317009483455364
separacion:4413,2026-0004374,MT-B24,MT,2026-05-13,7,2026-06-12,0,cross_regime_pre2026_to_post2026,landmark_prevalence_baseline,0.13317009483455364
separacion:4452,2026-0004527,SL-207,SL,2026-05-13,0,2026-06-12,0,cross_regime_pre2026_to_post2026,landmark_prevalence_baseline,0.15133742726373653
separacion:4107,2026-0002813,GY-303,GY,2026-05-14,60,2026-06-13,0,cross_regime_pre2026_to_post2026,landmark_prevalence_baseline,0.10475059382422801
separacion:4109,2026-0002890,MT-A57,MT,2026-05-14,60,2026-06-13,1,cross_regime_pre2026_to_post2026,landmark_prevalence_baseline,0.10475059382422801
separacion:4202,2026-0003313,NP-A2203,NP,2026-05-14,45,2026-06-13,0,cross_regime_pre2026_to_post2026,landmark_prevalence_baseline,0.131366884597841
separacion:4203,2026-0003315,NP-A2204,NP,2026-05-14,45,2026-06-13,0,cross_regime_pre2026_to_post2026,landmark_prevalence_baseline,0.131366884597841
separacion:4301,2026-0003630,NP-A-E08,NP,2026-05-14,30,2026-06-13,0,cross_regime_pre2026_to_post2026,landmark_prevalence_baseline,0.15141902938669424
separacion:4352,2026-0003901,EEUU-503,EEUU,2026-05-14,21,2026-06-13,0,cross_regime_pre2026_to_post2026,landmark_prevalence_baseline,0.15251032840837475
separacion:4384,2026-0004153,CP-B705,CP,2026-05-14,14,2026-06-13,1,cross_regime_pre2026_to_post2026,landmark_prevalence_baseline,0.16853246488906984
separacion:4385,2026-0004150,GY-201,GY,2026-05-14,14,2026-06-13,0,cross_regime_pre2026_to_post2026,landmark_prevalence_baseline,0.16853246488906984
separacion:4415,2026-0004385,EEUU-1404,EEUU,2026-05-14,7,2026-06-13,0,cross_regime_pre2026_to_post2026,landmark_prevalence_baseline,0.13317009483455364
separacion:4455,2026-0004548,NP-A1901,NP,2026-05-14,0,2026-06-13,0,cross_regime_pre2026_to_post2026,landmark_prevalence_baseline,0.15133742726373653
separacion:4457,2026-0004561,MT-B28,MT,2026-05-14,0,2026-06-13,0,cross_regime_pre2026_to_post2026,landmark_prevalence_baseline,0.15133742726373653
separacion:4363,2026-0003941,GY-33,GY,2026-05-15,21,2026-06-14,0,cross_regime_pre2026_to_post2026,landmark_prevalence_baseline,0.15251032840837475
separacion:4389,2026-0004188,SL-E1,SL,2026-05-15,14,2026-06-14,0,cross_regime_pre2026_to_post2026,landmark_prevalence_baseline,0.16853246488906984
separacion:4463,2026-0004597,TZ-40,TZ,2026-05-15,0,2026-06-14,0,cross_regime_pre2026_to_post2026,landmark_prevalence_baseline,0.15133742726373653
separacion:4464,2026-0004616,TZ-43,TZ,2026-05-15,0,2026-06-14,0,cross_regime_pre2026_to_post2026,landmark_prevalence_baseline,0.15133742726373653
separacion:4122,2026-0002991,GY-D7,GY,2026-05-16,60,2026-06-15,0,cross_regime_pre2026_to_post2026,landmark_prevalence_baseline,0.10475059382422801
separacion:4365,2026-0003981,TZ-19,TZ,2026-05-16,21,2026-06-15,0,cross_regime_pre2026_to_post2026,landmark_prevalence_baseline,0.15251032840837475
separacion:4393,2026-0004251,CP-B507,CP,2026-05-16,14,2026-06-15,0,cross_regime_pre2026_to_post2026,landmark_prevalence_baseline,0.16853246488906984
separacion:4394,2026-0004235,FX-304,FX,2026-05-16,14,2026-06-15,0,cross_regime_pre2026_to_post2026,landmark_prevalence_baseline,0.16853246488906984
separacion:4422,2026-0004435,NP-A1810,NP,2026-05-16,7,2026-06-15,0,cross_regime_pre2026_to_post2026,landmark_prevalence_baseline,0.13317009483455364
separacion:4423,2026-0004300,MT-B1303,MT,2026-05-16,7,2026-06-15,0,cross_regime_pre2026_to_post2026,landmark_prevalence_baseline,0.13317009483455364
separacion:4466,2026-0004655,NP-A1506,NP,2026-05-16,0,2026-06-15,0,cross_regime_pre2026_to_post2026,landmark_prevalence_baseline,0.15133742726373653
separacion:4468,2026-0004668,EEUU-203,EEUU,2026-05-16,0,2026-06-15,1,cross_regime_pre2026_to_post2026,landmark_prevalence_baseline,0.15133742726373653
separacion:4471,2026-0004712,FX-402,FX,2026-05-16,0,2026-06-15,1,cross_regime_pre2026_to_post2026,landmark_prevalence_baseline,0.15133742726373653
separacion:4553,2026-0005356,NP-A-E161,NP,2026-05-16,14,2026-06-15,0,cross_regime_pre2026_to_post2026,landmark_prevalence_baseline,0.16853246488906984
separacion:4131,2026-0003014,EEUU-E50,EEUU,2026-05-17,60,2026-06-16,0,cross_regime_pre2026_to_post2026,landmark_prevalence_baseline,0.10475059382422801
separacion:4366,2026-0004062,NP-A2306,NP,2026-05-17,21,2026-06-16,0,cross_regime_pre2026_to_post2026,landmark_prevalence_baseline,0.15251032840837475
separacion:4424,2026-0004451,SL-903,SL,2026-05-17,7,2026-06-16,0,cross_regime_pre2026_to_post2026,landmark_prevalence_baseline,0.13317009483455364
separacion:4472,2026-0004699,SL-908,SL,2026-05-17,0,2026-06-16,0,cross_regime_pre2026_to_post2026,landmark_prevalence_baseline,0.15133742726373653
separacion:4473,2026-0004716,NP-A2707,NP,2026-05-17,0,2026-06-16,0,cross_regime_pre2026_to_post2026,landmark_prevalence_baseline,0.15133742726373653
separacion:4474,2026-0004773,SL-1006,SL,2026-05-17,0,2026-06-16,0,cross_regime_pre2026_to_post2026,landmark_prevalence_baseline,0.15133742726373653
separacion:4475,2026-0004774,SL-406,SL,2026-05-17,0,2026-06-16,0,cross_regime_pre2026_to_post2026,landmark_prevalence_baseline,0.15133742726373653
separacion:4477,2026-0004791,SL-1302,SL,2026-05-17,0,2026-06-16,0,cross_regime_pre2026_to_post2026,landmark_prevalence_baseline,0.15133742726373653
separacion:4478,2026-0004831,SL-1506,SL,2026-05-17,0,2026-06-16,0,cross_regime_pre2026_to_post2026,landmark_prevalence_baseline,0.15133742726373653
separacion:4479,2026-0004836,GY-1603,GY,2026-05-17,0,2026-06-16,0,cross_regime_pre2026_to_post2026,landmark_prevalence_baseline,0.15133742726373653
separacion:4480,2026-0004850,MD-1403,MD,2026-05-17,0,2026-06-16,0,cross_regime_pre2026_to_post2026,landmark_prevalence_baseline,0.15133742726373653
separacion:4481,2026-0004572,FX-901,FX,2026-05-17,0,2026-06-16,1,cross_regime_pre2026_to_post2026,landmark_prevalence_baseline,0.15133742726373653
separacion:4482,2026-0004857,NP-A1008,NP,2026-05-17,0,2026-06-16,1,cross_regime_pre2026_to_post2026,landmark_prevalence_baseline,0.15133742726373653
separacion:4483,2026-0004861,NP-A2608,NP,2026-05-17,0,2026-06-16,0,cross_regime_pre2026_to_post2026,landmark_prevalence_baseline,0.15133742726373653
separacion:4136,2026-0003041,MT-A04,MT,2026-05-18,60,2026-06-17,0,cross_regime_pre2026_to_post2026,landmark_prevalence_baseline,0.10475059382422801
separacion:4367,2026-0004067,TZ-50,TZ,2026-05-18,21,2026-06-17,0,cross_regime_pre2026_to_post2026,landmark_prevalence_baseline,0.15251032840837475
separacion:4400,2026-0004310,NP-A-E134,NP,2026-05-18,14,2026-06-17,0,cross_regime_pre2026_to_post2026,landmark_prevalence_baseline,0.16853246488906984
separacion:4427,2026-0004436,SL-808,SL,2026-05-18,7,2026-06-17,0,cross_regime_pre2026_to_post2026,landmark_prevalence_baseline,0.13317009483455364
separacion:4484,2026-0004638,CP-E18,CP,2026-05-18,0,2026-06-17,0,cross_regime_pre2026_to_post2026,landmark_prevalence_baseline,0.15133742726373653
separacion:4486,2026-0004887,MT-A701,MT,2026-05-18,0,2026-06-17,0,cross_regime_pre2026_to_post2026,landmark_prevalence_baseline,0.15133742726373653
separacion:4495,2026-0004886,NP-A904,NP,2026-05-18,0,2026-06-17,0,cross_regime_pre2026_to_post2026,landmark_prevalence_baseline,0.15133742726373653
separacion:4498,2026-0004746,NP-A2706,NP,2026-05-18,0,2026-06-17,0,cross_regime_pre2026_to_post2026,landmark_prevalence_baseline,0.15133742726373653
separacion:4140,2026-0003067,GY-14,GY,2026-05-19,60,2026-06-18,0,cross_regime_pre2026_to_post2026,landmark_prevalence_baseline,0.10475059382422801
separacion:4370,2026-0004112,NP-A-E06,NP,2026-05-19,21,2026-06-18,0,cross_regime_pre2026_to_post2026,landmark_prevalence_baseline,0.15251032840837475
separacion:4403,2026-0004320,MD-E97,MD,2026-05-19,14,2026-06-18,0,cross_regime_pre2026_to_post2026,landmark_prevalence_baseline,0.16853246488906984
separacion:4407,2026-0004338,NP-A2210,NP,2026-05-19,14,2026-06-18,0,cross_regime_pre2026_to_post2026,landmark_prevalence_baseline,0.16853246488906984
separacion:4451,2026-0004523,NP-A-E154,NP,2026-05-19,7,2026-06-18,0,cross_regime_pre2026_to_post2026,landmark_prevalence_baseline,0.13317009483455364
separacion:4502,2026-0004895,NP-A802,NP,2026-05-19,0,2026-06-18,0,cross_regime_pre2026_to_post2026,landmark_prevalence_baseline,0.15133742726373653
separacion:4409,2026-0004351,SL-E47,SL,2026-05-20,14,2026-06-19,0,cross_regime_pre2026_to_post2026,landmark_prevalence_baseline,0.16853246488906984
separacion:4413,2026-0004374,MT-B24,MT,2026-05-20,14,2026-06-19,0,cross_regime_pre2026_to_post2026,landmark_prevalence_baseline,0.16853246488906984
separacion:4452,2026-0004527,SL-207,SL,2026-05-20,7,2026-06-19,0,cross_regime_pre2026_to_post2026,landmark_prevalence_baseline,0.13317009483455364
separacion:4505,2026-0004947,MT-A1002,MT,2026-05-20,0,2026-06-19,0,cross_regime_pre2026_to_post2026,landmark_prevalence_baseline,0.15133742726373653
separacion:4148,2026-0003118,GY-43,GY,2026-05-21,60,2026-06-20,0,cross_regime_pre2026_to_post2026,landmark_prevalence_baseline,0.10475059382422801
separacion:4210,2026-0003409,SL-E4,SL,2026-05-21,45,2026-06-20,0,cross_regime_pre2026_to_post2026,landmark_prevalence_baseline,0.131366884597841
separacion:4213,2026-0003412,MT-A54,MT,2026-05-21,45,2026-06-20,0,cross_regime_pre2026_to_post2026,landmark_prevalence_baseline,0.131366884597841
separacion:4216,2026-0003420,CP-E87,CP,2026-05-21,45,2026-06-20,0,cross_regime_pre2026_to_post2026,landmark_prevalence_baseline,0.131366884597841
separacion:4337,2026-0003807,CP-E60,CP,2026-05-21,30,2026-06-20,0,cross_regime_pre2026_to_post2026,landmark_prevalence_baseline,0.15141902938669424
separacion:4384,2026-0004153,CP-B705,CP,2026-05-21,21,2026-06-20,1,cross_regime_pre2026_to_post2026,landmark_prevalence_baseline,0.15251032840837475
separacion:4385,2026-0004150,GY-201,GY,2026-05-21,21,2026-06-20,0,cross_regime_pre2026_to_post2026,landmark_prevalence_baseline,0.15251032840837475
separacion:4415,2026-0004385,EEUU-1404,EEUU,2026-05-21,14,2026-06-20,0,cross_regime_pre2026_to_post2026,landmark_prevalence_baseline,0.16853246488906984
separacion:4455,2026-0004548,NP-A1901,NP,2026-05-21,7,2026-06-20,0,cross_regime_pre2026_to_post2026,landmark_prevalence_baseline,0.13317009483455364
separacion:4457,2026-0004561,MT-B28,MT,2026-05-21,7,2026-06-20,0,cross_regime_pre2026_to_post2026,landmark_prevalence_baseline,0.13317009483455364
separacion:4508,2026-0004899,FX-605,FX,2026-05-21,0,2026-06-20,0,cross_regime_pre2026_to_post2026,landmark_prevalence_baseline,0.15133742726373653
separacion:4153,2026-0003145,GY-27,GY,2026-05-22,60,2026-06-21,0,cross_regime_pre2026_to_post2026,landmark_prevalence_baseline,0.10475059382422801
separacion:4343,2026-0003846,FX-E43,FX,2026-05-22,30,2026-06-21,0,cross_regime_pre2026_to_post2026,landmark_prevalence_baseline,0.15141902938669424
separacion:4345,2026-0003857,GY-801,GY,2026-05-22,30,2026-06-21,0,cross_regime_pre2026_to_post2026,landmark_prevalence_baseline,0.15141902938669424
separacion:4389,2026-0004188,SL-E1,SL,2026-05-22,21,2026-06-21,0,cross_regime_pre2026_to_post2026,landmark_prevalence_baseline,0.15251032840837475
separacion:4463,2026-0004597,TZ-40,TZ,2026-05-22,7,2026-06-21,0,cross_regime_pre2026_to_post2026,landmark_prevalence_baseline,0.13317009483455364
separacion:4464,2026-0004616,TZ-43,TZ,2026-05-22,7,2026-06-21,0,cross_regime_pre2026_to_post2026,landmark_prevalence_baseline,0.13317009483455364
separacion:4511,2026-0004992,CP-B1207,CP,2026-05-22,0,2026-06-21,0,cross_regime_pre2026_to_post2026,landmark_prevalence_baseline,0.15133742726373653
separacion:4163,2026-0003190,MD-E18,MD,2026-05-23,60,2026-06-22,0,cross_regime_pre2026_to_post2026,landmark_prevalence_baseline,0.10475059382422801
separacion:4352,2026-0003901,EEUU-503,EEUU,2026-05-23,30,2026-06-22,1,cross_regime_pre2026_to_post2026,landmark_prevalence_baseline,0.15141902938669424
separacion:4394,2026-0004235,FX-304,FX,2026-05-23,21,2026-06-22,0,cross_regime_pre2026_to_post2026,landmark_prevalence_baseline,0.15251032840837475
separacion:4468,2026-0004668,EEUU-203,EEUU,2026-05-23,7,2026-06-22,1,cross_regime_pre2026_to_post2026,landmark_prevalence_baseline,0.13317009483455364
separacion:4512,2026-0004858,SL-1008,SL,2026-05-23,0,2026-06-22,0,cross_regime_pre2026_to_post2026,landmark_prevalence_baseline,0.15133742726373653
separacion:4553,2026-0005356,NP-A-E161,NP,2026-05-23,21,2026-06-22,0,cross_regime_pre2026_to_post2026,landmark_prevalence_baseline,0.15251032840837475
separacion:4164,2026-0003197,NP-A-E19,NP,2026-05-24,60,2026-06-23,0,cross_regime_pre2026_to_post2026,landmark_prevalence_baseline,0.10475059382422801
separacion:4288,2026-0003484,MT-A27,MT,2026-05-24,45,2026-06-23,0,cross_regime_pre2026_to_post2026,landmark_prevalence_baseline,0.131366884597841
separacion:4290,2026-0003499,MT-A45,MT,2026-05-24,45,2026-06-23,0,cross_regime_pre2026_to_post2026,landmark_prevalence_baseline,0.131366884597841
separacion:4363,2026-0003941,GY-33,GY,2026-05-24,30,2026-06-23,0,cross_regime_pre2026_to_post2026,landmark_prevalence_baseline,0.15141902938669424
separacion:4424,2026-0004451,SL-903,SL,2026-05-24,14,2026-06-23,0,cross_regime_pre2026_to_post2026,landmark_prevalence_baseline,0.16853246488906984
separacion:4472,2026-0004699,SL-908,SL,2026-05-24,7,2026-06-23,0,cross_regime_pre2026_to_post2026,landmark_prevalence_baseline,0.13317009483455364
separacion:4474,2026-0004773,SL-1006,SL,2026-05-24,7,2026-06-23,0,cross_regime_pre2026_to_post2026,landmark_prevalence_baseline,0.13317009483455364
separacion:4475,2026-0004774,SL-406,SL,2026-05-24,7,2026-06-23,0,cross_regime_pre2026_to_post2026,landmark_prevalence_baseline,0.13317009483455364
separacion:4477,2026-0004791,SL-1302,SL,2026-05-24,7,2026-06-23,0,cross_regime_pre2026_to_post2026,landmark_prevalence_baseline,0.13317009483455364
separacion:4479,2026-0004836,GY-1603,GY,2026-05-24,7,2026-06-23,0,cross_regime_pre2026_to_post2026,landmark_prevalence_baseline,0.13317009483455364
separacion:4480,2026-0004850,MD-1403,MD,2026-05-24,7,2026-06-23,1,cross_regime_pre2026_to_post2026,landmark_prevalence_baseline,0.13317009483455364
separacion:4483,2026-0004861,NP-A2608,NP,2026-05-24,7,2026-06-23,0,cross_regime_pre2026_to_post2026,landmark_prevalence_baseline,0.13317009483455364
separacion:4166,2026-0003221,CP-E52,CP,2026-05-25,60,2026-06-24,0,cross_regime_pre2026_to_post2026,landmark_prevalence_baseline,0.10475059382422801
separacion:4295,2026-0003502,SL-E7,SL,2026-05-25,45,2026-06-24,0,cross_regime_pre2026_to_post2026,landmark_prevalence_baseline,0.131366884597841
separacion:4365,2026-0003981,TZ-19,TZ,2026-05-25,30,2026-06-24,0,cross_regime_pre2026_to_post2026,landmark_prevalence_baseline,0.15141902938669424
separacion:4400,2026-0004310,NP-A-E134,NP,2026-05-25,21,2026-06-24,0,cross_regime_pre2026_to_post2026,landmark_prevalence_baseline,0.15251032840837475
separacion:4427,2026-0004436,SL-808,SL,2026-05-25,14,2026-06-24,0,cross_regime_pre2026_to_post2026,landmark_prevalence_baseline,0.16853246488906984
separacion:4484,2026-0004638,CP-E18,CP,2026-05-25,7,2026-06-24,0,cross_regime_pre2026_to_post2026,landmark_prevalence_baseline,0.13317009483455364
separacion:4486,2026-0004887,MT-A701,MT,2026-05-25,7,2026-06-24,0,cross_regime_pre2026_to_post2026,landmark_prevalence_baseline,0.13317009483455364
separacion:4495,2026-0004886,NP-A904,NP,2026-05-25,7,2026-06-24,0,cross_regime_pre2026_to_post2026,landmark_prevalence_baseline,0.13317009483455364
separacion:4498,2026-0004746,NP-A2706,NP,2026-05-25,7,2026-06-24,0,cross_regime_pre2026_to_post2026,landmark_prevalence_baseline,0.13317009483455364
separacion:4513,2026-0004955,MT-A1206,MT,2026-05-25,0,2026-06-24,0,cross_regime_pre2026_to_post2026,landmark_prevalence_baseline,0.15133742726373653
separacion:4191,2026-0003242,NP-A2005,NP,2026-05-26,60,2026-06-25,1,cross_regime_pre2026_to_post2026,landmark_prevalence_baseline,0.10475059382422801
separacion:4403,2026-0004320,MD-E97,MD,2026-05-26,21,2026-06-25,0,cross_regime_pre2026_to_post2026,landmark_prevalence_baseline,0.15251032840837475
separacion:4451,2026-0004523,NP-A-E154,NP,2026-05-26,14,2026-06-25,0,cross_regime_pre2026_to_post2026,landmark_prevalence_baseline,0.16853246488906984
separacion:4528,2026-0005078,SL-1206,SL,2026-05-26,0,2026-06-25,0,cross_regime_pre2026_to_post2026,landmark_prevalence_baseline,0.15133742726373653
separacion:4192,2026-0003243,CP-B1306,CP,2026-05-27,60,2026-06-26,0,cross_regime_pre2026_to_post2026,landmark_prevalence_baseline,0.10475059382422801
separacion:4193,2026-0003246,NP-A-E138,NP,2026-05-27,60,2026-06-26,0,cross_regime_pre2026_to_post2026,landmark_prevalence_baseline,0.10475059382422801
separacion:4367,2026-0004067,TZ-50,TZ,2026-05-27,30,2026-06-26,0,cross_regime_pre2026_to_post2026,landmark_prevalence_baseline,0.15141902938669424
separacion:4409,2026-0004351,SL-E47,SL,2026-05-27,21,2026-06-26,0,cross_regime_pre2026_to_post2026,landmark_prevalence_baseline,0.15251032840837475
separacion:4413,2026-0004374,MT-B24,MT,2026-05-27,21,2026-06-26,0,cross_regime_pre2026_to_post2026,landmark_prevalence_baseline,0.15251032840837475
separacion:4532,2026-0005086,NP-A2807,NP,2026-05-27,0,2026-06-26,0,cross_regime_pre2026_to_post2026,landmark_prevalence_baseline,0.15133742726373653
separacion:4106,2026-0002781,FX-E16,FX,2026-05-28,75,2026-06-27,0,cross_regime_pre2026_to_post2026,landmark_prevalence_baseline,0.07893595489374006
separacion:4370,2026-0004112,NP-A-E06,NP,2026-05-28,30,2026-06-27,0,cross_regime_pre2026_to_post2026,landmark_prevalence_baseline,0.15141902938669424
separacion:4455,2026-0004548,NP-A1901,NP,2026-05-28,14,2026-06-27,0,cross_regime_pre2026_to_post2026,landmark_prevalence_baseline,0.16853246488906984
separacion:4457,2026-0004561,MT-B28,MT,2026-05-28,14,2026-06-27,0,cross_regime_pre2026_to_post2026,landmark_prevalence_baseline,0.16853246488906984
separacion:4107,2026-0002813,GY-303,GY,2026-05-29,75,2026-06-28,1,cross_regime_pre2026_to_post2026,landmark_prevalence_baseline,0.07893595489374006
separacion:4202,2026-0003313,NP-A2203,NP,2026-05-29,60,2026-06-28,0,cross_regime_pre2026_to_post2026,landmark_prevalence_baseline,0.10475059382422801
separacion:4203,2026-0003315,NP-A2204,NP,2026-05-29,60,2026-06-28,0,cross_regime_pre2026_to_post2026,landmark_prevalence_baseline,0.10475059382422801
separacion:4301,2026-0003630,NP-A-E08,NP,2026-05-29,45,2026-06-28,0,cross_regime_pre2026_to_post2026,landmark_prevalence_baseline,0.131366884597841
separacion:4463,2026-0004597,TZ-40,TZ,2026-05-29,14,2026-06-28,0,cross_regime_pre2026_to_post2026,landmark_prevalence_baseline,0.16853246488906984
separacion:4464,2026-0004616,TZ-43,TZ,2026-05-29,14,2026-06-28,0,cross_regime_pre2026_to_post2026,landmark_prevalence_baseline,0.16853246488906984
separacion:4542,2026-0005156,NP-A2601,NP,2026-05-29,0,2026-06-28,1,cross_regime_pre2026_to_post2026,landmark_prevalence_baseline,0.15133742726373653
separacion:4384,2026-0004153,CP-B705,CP,2026-05-30,30,2026-06-29,1,cross_regime_pre2026_to_post2026,landmark_prevalence_baseline,0.15141902938669424
separacion:4468,2026-0004668,EEUU-203,EEUU,2026-05-30,14,2026-06-29,1,cross_regime_pre2026_to_post2026,landmark_prevalence_baseline,0.16853246488906984
separacion:4544,2026-0005233,NP-A2104,NP,2026-05-30,0,2026-06-29,0,cross_regime_pre2026_to_post2026,landmark_prevalence_baseline,0.15133742726373653
separacion:4122,2026-0002991,GY-D7,GY,2026-05-31,75,2026-06-30,0,cross_regime_pre2026_to_post2026,landmark_prevalence_baseline,0.07893595489374006
separacion:4389,2026-0004188,SL-E1,SL,2026-05-31,30,2026-06-30,0,cross_regime_pre2026_to_post2026,landmark_prevalence_baseline,0.15141902938669424
separacion:4479,2026-0004836,GY-1603,GY,2026-05-31,14,2026-06-30,0,cross_regime_pre2026_to_post2026,landmark_prevalence_baseline,0.16853246488906984
separacion:4480,2026-0004850,MD-1403,MD,2026-05-31,14,2026-06-30,1,cross_regime_pre2026_to_post2026,landmark_prevalence_baseline,0.16853246488906984
separacion:4546,2026-0005276,NP-A-E158,NP,2026-05-31,0,2026-06-30,1,cross_regime_pre2026_to_post2026,landmark_prevalence_baseline,0.15133742726373653
separacion:4547,2026-0005274,NP-A2102,NP,2026-05-31,0,2026-06-30,0,cross_regime_pre2026_to_post2026,landmark_prevalence_baseline,0.15133742726373653
separacion:4131,2026-0003014,EEUU-E50,EEUU,2026-06-01,75,2026-07-01,0,cross_regime_pre2026_to_post2026,landmark_prevalence_baseline,0.07893595489374006
separacion:4484,2026-0004638,CP-E18,CP,2026-06-01,14,2026-07-01,0,cross_regime_pre2026_to_post2026,landmark_prevalence_baseline,0.16853246488906984
separacion:4553,2026-0005356,NP-A-E161,NP,2026-06-01,30,2026-07-01,0,cross_regime_pre2026_to_post2026,landmark_prevalence_baseline,0.15141902938669424
separacion:4136,2026-0003041,MT-A04,MT,2026-06-02,75,2026-07-02,0,cross_regime_pre2026_to_post2026,landmark_prevalence_baseline,0.07893595489374006
separacion:4451,2026-0004523,NP-A-E154,NP,2026-06-02,21,2026-07-02,0,cross_regime_pre2026_to_post2026,landmark_prevalence_baseline,0.15251032840837475
separacion:4528,2026-0005078,SL-1206,SL,2026-06-02,7,2026-07-02,0,cross_regime_pre2026_to_post2026,landmark_prevalence_baseline,0.13317009483455364
separacion:4551,2026-0005345,MD-1202,MD,2026-06-02,0,2026-07-02,0,cross_regime_pre2026_to_post2026,landmark_prevalence_baseline,0.15133742726373653
separacion:4554,2026-0005178,MT-B1202,MT,2026-06-02,0,2026-07-02,0,cross_regime_pre2026_to_post2026,landmark_prevalence_baseline,0.15133742726373653
separacion:4555,2026-0005288,MD-E66,MD,2026-06-02,0,2026-07-02,0,cross_regime_pre2026_to_post2026,landmark_prevalence_baseline,0.15133742726373653
separacion:4140,2026-0003067,GY-14,GY,2026-06-03,75,2026-07-03,0,cross_regime_pre2026_to_post2026,landmark_prevalence_baseline,0.07893595489374006
separacion:4400,2026-0004310,NP-A-E134,NP,2026-06-03,30,2026-07-03,0,cross_regime_pre2026_to_post2026,landmark_prevalence_baseline,0.15141902938669424
separacion:4403,2026-0004320,MD-E97,MD,2026-06-04,30,2026-07-04,0,cross_regime_pre2026_to_post2026,landmark_prevalence_baseline,0.15141902938669424
separacion:4455,2026-0004548,NP-A1901,NP,2026-06-04,21,2026-07-04,0,cross_regime_pre2026_to_post2026,landmark_prevalence_baseline,0.15251032840837475
separacion:4457,2026-0004561,MT-B28,MT,2026-06-04,21,2026-07-04,0,cross_regime_pre2026_to_post2026,landmark_prevalence_baseline,0.15251032840837475
separacion:4563,2026-0005384,CP-B808,CP,2026-06-04,0,2026-07-04,0,cross_regime_pre2026_to_post2026,landmark_prevalence_baseline,0.15133742726373653
separacion:4564,2026-0005299,NP-A2507,NP,2026-06-04,0,2026-07-04,0,cross_regime_pre2026_to_post2026,landmark_prevalence_baseline,0.15133742726373653
separacion:4577,2026-0005381,NP-A1710,NP,2026-06-04,0,2026-07-04,0,cross_regime_pre2026_to_post2026,landmark_prevalence_baseline,0.15133742726373653
separacion:4148,2026-0003118,GY-43,GY,2026-06-05,75,2026-07-05,0,cross_regime_pre2026_to_post2026,landmark_prevalence_baseline,0.07893595489374006
separacion:4210,2026-0003409,SL-E4,SL,2026-06-05,60,2026-07-05,0,cross_regime_pre2026_to_post2026,landmark_prevalence_baseline,0.10475059382422801
separacion:4213,2026-0003412,MT-A54,MT,2026-06-05,60,2026-07-05,0,cross_regime_pre2026_to_post2026,landmark_prevalence_baseline,0.10475059382422801
separacion:4216,2026-0003420,CP-E87,CP,2026-06-05,60,2026-07-05,0,cross_regime_pre2026_to_post2026,landmark_prevalence_baseline,0.10475059382422801
separacion:4337,2026-0003807,CP-E60,CP,2026-06-05,45,2026-07-05,0,cross_regime_pre2026_to_post2026,landmark_prevalence_baseline,0.131366884597841
separacion:4409,2026-0004351,SL-E47,SL,2026-06-05,30,2026-07-05,0,cross_regime_pre2026_to_post2026,landmark_prevalence_baseline,0.15141902938669424
separacion:4413,2026-0004374,MT-B24,MT,2026-06-05,30,2026-07-05,0,cross_regime_pre2026_to_post2026,landmark_prevalence_baseline,0.15141902938669424
separacion:4463,2026-0004597,TZ-40,TZ,2026-06-05,21,2026-07-05,0,cross_regime_pre2026_to_post2026,landmark_prevalence_baseline,0.15251032840837475
separacion:4464,2026-0004616,TZ-43,TZ,2026-06-05,21,2026-07-05,0,cross_regime_pre2026_to_post2026,landmark_prevalence_baseline,0.15251032840837475
separacion:4153,2026-0003145,GY-27,GY,2026-06-06,75,2026-07-06,0,cross_regime_pre2026_to_post2026,landmark_prevalence_baseline,0.07893595489374006
separacion:4343,2026-0003846,FX-E43,FX,2026-06-06,45,2026-07-06,0,cross_regime_pre2026_to_post2026,landmark_prevalence_baseline,0.131366884597841
separacion:4468,2026-0004668,EEUU-203,EEUU,2026-06-06,21,2026-07-06,1,cross_regime_pre2026_to_post2026,landmark_prevalence_baseline,0.15251032840837475
separacion:4544,2026-0005233,NP-A2104,NP,2026-06-06,7,2026-07-06,0,cross_regime_pre2026_to_post2026,landmark_prevalence_baseline,0.13317009483455364
separacion:4581,2026-0005412,FX-402,FX,2026-06-06,0,2026-07-06,0,cross_regime_pre2026_to_post2026,landmark_prevalence_baseline,0.15133742726373653
separacion:4163,2026-0003190,MD-E18,MD,2026-06-07,75,2026-07-07,0,cross_regime_pre2026_to_post2026,landmark_prevalence_baseline,0.07893595489374006
separacion:4352,2026-0003901,EEUU-503,EEUU,2026-06-07,45,2026-07-07,1,cross_regime_pre2026_to_post2026,landmark_prevalence_baseline,0.131366884597841
separacion:4479,2026-0004836,GY-1603,GY,2026-06-07,21,2026-07-07,0,cross_regime_pre2026_to_post2026,landmark_prevalence_baseline,0.15251032840837475
separacion:4480,2026-0004850,MD-1403,MD,2026-06-07,21,2026-07-07,1,cross_regime_pre2026_to_post2026,landmark_prevalence_baseline,0.15251032840837475
separacion:4546,2026-0005276,NP-A-E158,NP,2026-06-07,7,2026-07-07,1,cross_regime_pre2026_to_post2026,landmark_prevalence_baseline,0.13317009483455364
separacion:4547,2026-0005274,NP-A2102,NP,2026-06-07,7,2026-07-07,0,cross_regime_pre2026_to_post2026,landmark_prevalence_baseline,0.13317009483455364
separacion:4550,2026-0005313,MT-A1202,MT,2026-06-07,7,2026-07-07,0,cross_regime_pre2026_to_post2026,landmark_prevalence_baseline,0.13317009483455364
separacion:4164,2026-0003197,NP-A-E19,NP,2026-06-08,75,2026-07-08,0,cross_regime_pre2026_to_post2026,landmark_prevalence_baseline,0.07893595489374006
separacion:4288,2026-0003484,MT-A27,MT,2026-06-08,60,2026-07-08,0,cross_regime_pre2026_to_post2026,landmark_prevalence_baseline,0.10475059382422801
separacion:4290,2026-0003499,MT-A45,MT,2026-06-08,60,2026-07-08,0,cross_regime_pre2026_to_post2026,landmark_prevalence_baseline,0.10475059382422801
separacion:4363,2026-0003941,GY-33,GY,2026-06-08,45,2026-07-08,0,cross_regime_pre2026_to_post2026,landmark_prevalence_baseline,0.131366884597841
separacion:4484,2026-0004638,CP-E18,CP,2026-06-08,21,2026-07-08,0,cross_regime_pre2026_to_post2026,landmark_prevalence_baseline,0.15251032840837475
separacion:4582,2026-0005474,SL-1104,SL,2026-06-08,0,2026-07-08,0,cross_regime_pre2026_to_post2026,landmark_prevalence_baseline,0.15133742726373653
separacion:4166,2026-0003221,CP-E52,CP,2026-06-09,75,2026-07-09,0,cross_regime_pre2026_to_post2026,landmark_prevalence_baseline,0.07893595489374006
separacion:4295,2026-0003502,SL-E7,SL,2026-06-09,60,2026-07-09,0,cross_regime_pre2026_to_post2026,landmark_prevalence_baseline,0.10475059382422801
separacion:4365,2026-0003981,TZ-19,TZ,2026-06-09,45,2026-07-09,0,cross_regime_pre2026_to_post2026,landmark_prevalence_baseline,0.131366884597841
separacion:4554,2026-0005178,MT-B1202,MT,2026-06-09,7,2026-07-09,0,cross_regime_pre2026_to_post2026,landmark_prevalence_baseline,0.13317009483455364
separacion:4555,2026-0005288,MD-E66,MD,2026-06-09,7,2026-07-09,0,cross_regime_pre2026_to_post2026,landmark_prevalence_baseline,0.13317009483455364
separacion:4191,2026-0003242,NP-A2005,NP,2026-06-10,75,2026-07-10,1,cross_regime_pre2026_to_post2026,landmark_prevalence_baseline,0.07893595489374006
separacion:4589,2026-0005520,NP-A2207,NP,2026-06-10,0,2026-07-10,0,cross_regime_pre2026_to_post2026,landmark_prevalence_baseline,0.15133742726373653
separacion:4192,2026-0003243,CP-B1306,CP,2026-06-11,75,2026-07-11,0,cross_regime_pre2026_to_post2026,landmark_prevalence_baseline,0.07893595489374006
separacion:4193,2026-0003246,NP-A-E138,NP,2026-06-11,75,2026-07-11,0,cross_regime_pre2026_to_post2026,landmark_prevalence_baseline,0.07893595489374006
separacion:4367,2026-0004067,TZ-50,TZ,2026-06-11,45,2026-07-11,0,cross_regime_pre2026_to_post2026,landmark_prevalence_baseline,0.131366884597841
separacion:4451,2026-0004523,NP-A-E154,NP,2026-06-11,30,2026-07-11,0,cross_regime_pre2026_to_post2026,landmark_prevalence_baseline,0.15141902938669424
separacion:4563,2026-0005384,CP-B808,CP,2026-06-11,7,2026-07-11,0,cross_regime_pre2026_to_post2026,landmark_prevalence_baseline,0.13317009483455364
separacion:4564,2026-0005299,NP-A2507,NP,2026-06-11,7,2026-07-11,0,cross_regime_pre2026_to_post2026,landmark_prevalence_baseline,0.13317009483455364
separacion:4577,2026-0005381,NP-A1710,NP,2026-06-11,7,2026-07-11,0,cross_regime_pre2026_to_post2026,landmark_prevalence_baseline,0.13317009483455364
separacion:4591,2026-0005535,NP-A-E163,NP,2026-06-11,0,2026-07-11,0,cross_regime_pre2026_to_post2026,landmark_prevalence_baseline,0.15133742726373653
separacion:4592,2026-0005534,MD-1701,MD,2026-06-11,0,2026-07-11,0,cross_regime_pre2026_to_post2026,landmark_prevalence_baseline,0.15133742726373653
separacion:4596,2026-0005566,NP-A1303,NP,2026-06-11,0,2026-07-11,0,cross_regime_pre2026_to_post2026,landmark_prevalence_baseline,0.15133742726373653
separacion:4106,2026-0002781,FX-E16,FX,2026-06-12,90,2026-07-12,0,cross_regime_pre2026_to_post2026,landmark_prevalence_baseline,0.06080347448425624
separacion:4370,2026-0004112,NP-A-E06,NP,2026-06-12,45,2026-07-12,0,cross_regime_pre2026_to_post2026,landmark_prevalence_baseline,0.131366884597841
separacion:4599,2026-0005574,CP-E2,CP,2026-06-12,0,2026-07-12,0,cross_regime_pre2026_to_post2026,landmark_prevalence_baseline,0.15133742726373653
separacion:4107,2026-0002813,GY-303,GY,2026-06-13,90,2026-07-13,1,cross_regime_pre2026_to_post2026,landmark_prevalence_baseline,0.06080347448425624
separacion:4202,2026-0003313,NP-A2203,NP,2026-06-13,75,2026-07-13,0,cross_regime_pre2026_to_post2026,landmark_prevalence_baseline,0.07893595489374006
separacion:4203,2026-0003315,NP-A2204,NP,2026-06-13,75,2026-07-13,0,cross_regime_pre2026_to_post2026,landmark_prevalence_baseline,0.07893595489374006
separacion:4301,2026-0003630,NP-A-E08,NP,2026-06-13,60,2026-07-13,0,cross_regime_pre2026_to_post2026,landmark_prevalence_baseline,0.10475059382422801
separacion:4455,2026-0004548,NP-A1901,NP,2026-06-13,30,2026-07-13,1,cross_regime_pre2026_to_post2026,landmark_prevalence_baseline,0.15141902938669424
separacion:4457,2026-0004561,MT-B28,MT,2026-06-13,30,2026-07-13,0,cross_regime_pre2026_to_post2026,landmark_prevalence_baseline,0.15141902938669424
separacion:4544,2026-0005233,NP-A2104,NP,2026-06-13,14,2026-07-13,0,cross_regime_pre2026_to_post2026,landmark_prevalence_baseline,0.16853246488906984
separacion:4600,2026-0005594,TZ-39,TZ,2026-06-13,0,2026-07-13,0,cross_regime_pre2026_to_post2026,landmark_prevalence_baseline,0.15133742726373653
separacion:4601,2026-0005611,FX-E28,FX,2026-06-13,0,2026-07-13,0,cross_regime_pre2026_to_post2026,landmark_prevalence_baseline,0.15133742726373653
separacion:4602,2026-0005677,MD-1204,MD,2026-06-13,0,2026-07-13,0,cross_regime_pre2026_to_post2026,landmark_prevalence_baseline,0.15133742726373653
separacion:4463,2026-0004597,TZ-40,TZ,2026-06-14,30,2026-07-14,0,cross_regime_pre2026_to_post2026,landmark_prevalence_baseline,0.15141902938669424
separacion:4464,2026-0004616,TZ-43,TZ,2026-06-14,30,2026-07-14,0,cross_regime_pre2026_to_post2026,landmark_prevalence_baseline,0.15141902938669424
separacion:4550,2026-0005313,MT-A1202,MT,2026-06-14,14,2026-07-14,1,cross_regime_pre2026_to_post2026,landmark_prevalence_baseline,0.16853246488906984
separacion:4603,2026-0005740,MD-405,MD,2026-06-14,0,2026-07-14,0,cross_regime_pre2026_to_post2026,landmark_prevalence_baseline,0.15133742726373653
separacion:4604,2026-0005781,SL-1001,SL,2026-06-14,0,2026-07-14,0,cross_regime_pre2026_to_post2026,landmark_prevalence_baseline,0.15133742726373653
separacion:4605,2026-0005789,NP-A2606,NP,2026-06-14,0,2026-07-14,0,cross_regime_pre2026_to_post2026,landmark_prevalence_baseline,0.15133742726373653
separacion:4606,2026-0005804,MD-E52,MD,2026-06-14,0,2026-07-14,0,cross_regime_pre2026_to_post2026,landmark_prevalence_baseline,0.15133742726373653
separacion:4122,2026-0002991,GY-D7,GY,2026-06-15,90,2026-07-15,0,cross_regime_pre2026_to_post2026,landmark_prevalence_baseline,0.06080347448425624
separacion:4389,2026-0004188,SL-E1,SL,2026-06-15,45,2026-07-15,0,cross_regime_pre2026_to_post2026,landmark_prevalence_baseline,0.131366884597841
separacion:4582,2026-0005474,SL-1104,SL,2026-06-15,7,2026-07-15,0,cross_regime_pre2026_to_post2026,landmark_prevalence_baseline,0.13317009483455364
separacion:4609,2026-0005817,NP-A-E106,NP,2026-06-15,0,2026-07-15,0,cross_regime_pre2026_to_post2026,landmark_prevalence_baseline,0.15133742726373653
separacion:4611,2026-0005815,MD-1401,MD,2026-06-15,0,2026-07-15,0,cross_regime_pre2026_to_post2026,landmark_prevalence_baseline,0.15133742726373653
separacion:4131,2026-0003014,EEUU-E50,EEUU,2026-06-16,90,2026-07-16,0,cross_regime_pre2026_to_post2026,landmark_prevalence_baseline,0.06080347448425624
separacion:4479,2026-0004836,GY-1603,GY,2026-06-16,30,2026-07-16,0,cross_regime_pre2026_to_post2026,landmark_prevalence_baseline,0.15141902938669424
separacion:4480,2026-0004850,MD-1403,MD,2026-06-16,30,2026-07-16,1,cross_regime_pre2026_to_post2026,landmark_prevalence_baseline,0.15141902938669424
separacion:4553,2026-0005356,NP-A-E161,NP,2026-06-16,45,2026-07-16,0,cross_regime_pre2026_to_post2026,landmark_prevalence_baseline,0.131366884597841
separacion:4555,2026-0005288,MD-E66,MD,2026-06-16,14,2026-07-16,0,cross_regime_pre2026_to_post2026,landmark_prevalence_baseline,0.16853246488906984
separacion:4625,2026-0005859,FX-1301,FX,2026-06-16,0,2026-07-16,0,cross_regime_pre2026_to_post2026,landmark_prevalence_baseline,0.15133742726373653
separacion:4136,2026-0003041,MT-A04,MT,2026-06-17,90,2026-07-17,0,cross_regime_pre2026_to_post2026,landmark_prevalence_baseline,0.06080347448425624
separacion:4484,2026-0004638,CP-E18,CP,2026-06-17,30,2026-07-17,0,cross_regime_pre2026_to_post2026,landmark_prevalence_baseline,0.15141902938669424
separacion:4648,2026-0005877,FX-1201,FX,2026-06-17,0,2026-07-17,0,cross_regime_pre2026_to_post2026,landmark_prevalence_baseline,0.15133742726373653
separacion:4649,2026-0005898,FX-1303,FX,2026-06-17,0,2026-07-17,0,cross_regime_pre2026_to_post2026,landmark_prevalence_baseline,0.15133742726373653
separacion:4650,2026-0005846,FX-505,FX,2026-06-17,0,2026-07-17,0,cross_regime_pre2026_to_post2026,landmark_prevalence_baseline,0.15133742726373653
separacion:4651,2026-0005821,CP-B1107,CP,2026-06-17,0,2026-07-17,0,cross_regime_pre2026_to_post2026,landmark_prevalence_baseline,0.15133742726373653
separacion:4652,2026-0005915,SL-303,SL,2026-06-17,0,2026-07-17,0,cross_regime_pre2026_to_post2026,landmark_prevalence_baseline,0.15133742726373653
separacion:4140,2026-0003067,GY-14,GY,2026-06-18,90,2026-07-18,0,cross_regime_pre2026_to_post2026,landmark_prevalence_baseline,0.06080347448425624
separacion:4400,2026-0004310,NP-A-E134,NP,2026-06-18,45,2026-07-18,0,cross_regime_pre2026_to_post2026,landmark_prevalence_baseline,0.131366884597841
separacion:4563,2026-0005384,CP-B808,CP,2026-06-18,14,2026-07-18,0,cross_regime_pre2026_to_post2026,landmark_prevalence_baseline,0.16853246488906984
separacion:4591,2026-0005535,NP-A-E163,NP,2026-06-18,7,2026-07-18,0,cross_regime_pre2026_to_post2026,landmark_prevalence_baseline,0.13317009483455364
separacion:4592,2026-0005534,MD-1701,MD,2026-06-18,7,2026-07-18,0,cross_regime_pre2026_to_post2026,landmark_prevalence_baseline,0.13317009483455364
separacion:4596,2026-0005566,NP-A1303,NP,2026-06-18,7,2026-07-18,0,cross_regime_pre2026_to_post2026,landmark_prevalence_baseline,0.13317009483455364
separacion:4655,2026-0005954,EEUU-E1,EEUU,2026-06-18,0,2026-07-18,0,cross_regime_pre2026_to_post2026,landmark_prevalence_baseline,0.15133742726373653
separacion:4403,2026-0004320,MD-E97,MD,2026-06-19,45,2026-07-19,0,cross_regime_pre2026_to_post2026,landmark_prevalence_baseline,0.131366884597841
separacion:4599,2026-0005574,CP-E2,CP,2026-06-19,7,2026-07-19,0,cross_regime_pre2026_to_post2026,landmark_prevalence_baseline,0.13317009483455364
separacion:4664,2026-0005875,NP-A2609,NP,2026-06-19,0,2026-07-19,0,cross_regime_pre2026_to_post2026,landmark_prevalence_baseline,0.15133742726373653
separacion:4148,2026-0003118,GY-43,GY,2026-06-20,90,2026-07-20,0,cross_regime_pre2026_to_post2026,landmark_prevalence_baseline,0.06080347448425624
separacion:4210,2026-0003409,SL-E4,SL,2026-06-20,75,2026-07-20,0,cross_regime_pre2026_to_post2026,landmark_prevalence_baseline,0.07893595489374006
separacion:4213,2026-0003412,MT-A54,MT,2026-06-20,75,2026-07-20,0,cross_regime_pre2026_to_post2026,landmark_prevalence_baseline,0.07893595489374006
separacion:4216,2026-0003420,CP-E87,CP,2026-06-20,75,2026-07-20,0,cross_regime_pre2026_to_post2026,landmark_prevalence_baseline,0.07893595489374006
separacion:4337,2026-0003807,CP-E60,CP,2026-06-20,60,2026-07-20,0,cross_regime_pre2026_to_post2026,landmark_prevalence_baseline,0.10475059382422801
separacion:4409,2026-0004351,SL-E47,SL,2026-06-20,45,2026-07-20,0,cross_regime_pre2026_to_post2026,landmark_prevalence_baseline,0.131366884597841
separacion:4413,2026-0004374,MT-B24,MT,2026-06-20,45,2026-07-20,0,cross_regime_pre2026_to_post2026,landmark_prevalence_baseline,0.131366884597841
separacion:4544,2026-0005233,NP-A2104,NP,2026-06-20,21,2026-07-20,0,cross_regime_pre2026_to_post2026,landmark_prevalence_baseline,0.15251032840837475
separacion:4600,2026-0005594,TZ-39,TZ,2026-06-20,7,2026-07-20,0,cross_regime_pre2026_to_post2026,landmark_prevalence_baseline,0.13317009483455364
separacion:4601,2026-0005611,FX-E28,FX,2026-06-20,7,2026-07-20,0,cross_regime_pre2026_to_post2026,landmark_prevalence_baseline,0.13317009483455364
separacion:4673,2026-0005998,GY-506,GY,2026-06-20,0,2026-07-20,0,cross_regime_pre2026_to_post2026,landmark_prevalence_baseline,0.15133742726373653
separacion:4153,2026-0003145,GY-27,GY,2026-06-21,90,2026-07-21,0,cross_regime_pre2026_to_post2026,landmark_prevalence_baseline,0.06080347448425624
separacion:4343,2026-0003846,FX-E43,FX,2026-06-21,60,2026-07-21,0,cross_regime_pre2026_to_post2026,landmark_prevalence_baseline,0.10475059382422801
separacion:4550,2026-0005313,MT-A1202,MT,2026-06-21,21,2026-07-21,1,cross_regime_pre2026_to_post2026,landmark_prevalence_baseline,0.15251032840837475
separacion:4603,2026-0005740,MD-405,MD,2026-06-21,7,2026-07-21,0,cross_regime_pre2026_to_post2026,landmark_prevalence_baseline,0.13317009483455364
separacion:4604,2026-0005781,SL-1001,SL,2026-06-21,7,2026-07-21,0,cross_regime_pre2026_to_post2026,landmark_prevalence_baseline,0.13317009483455364
separacion:4605,2026-0005789,NP-A2606,NP,2026-06-21,7,2026-07-21,0,cross_regime_pre2026_to_post2026,landmark_prevalence_baseline,0.13317009483455364
separacion:4606,2026-0005804,MD-E52,MD,2026-06-21,7,2026-07-21,1,cross_regime_pre2026_to_post2026,landmark_prevalence_baseline,0.13317009483455364
separacion:4163,2026-0003190,MD-E18,MD,2026-06-22,90,2026-07-22,0,cross_regime_pre2026_to_post2026,landmark_prevalence_baseline,0.06080347448425624
separacion:4582,2026-0005474,SL-1104,SL,2026-06-22,14,2026-07-22,0,cross_regime_pre2026_to_post2026,landmark_prevalence_baseline,0.16853246488906984
separacion:4609,2026-0005817,NP-A-E106,NP,2026-06-22,7,2026-07-22,0,cross_regime_pre2026_to_post2026,landmark_prevalence_baseline,0.13317009483455364
separacion:4611,2026-0005815,MD-1401,MD,2026-06-22,7,2026-07-22,0,cross_regime_pre2026_to_post2026,landmark_prevalence_baseline,0.13317009483455364
separacion:4678,2026-0006039,MT-A601,MT,2026-06-22,0,2026-07-22,0,cross_regime_pre2026_to_post2026,landmark_prevalence_baseline,0.15133742726373653
separacion:4679,2026-0006048,NP-A-E165,NP,2026-06-22,0,2026-07-22,0,cross_regime_pre2026_to_post2026,landmark_prevalence_baseline,0.15133742726373653
separacion:4684,2026-0006056,SL-E12,SL,2026-06-22,0,2026-07-22,0,cross_regime_pre2026_to_post2026,landmark_prevalence_baseline,0.15133742726373653
separacion:4687,2026-0006060,MT-A1006,MT,2026-06-22,0,2026-07-22,0,cross_regime_pre2026_to_post2026,landmark_prevalence_baseline,0.15133742726373653
separacion:4164,2026-0003197,NP-A-E19,NP,2026-06-23,90,2026-07-23,0,cross_regime_pre2026_to_post2026,landmark_prevalence_baseline,0.06080347448425624
separacion:4288,2026-0003484,MT-A27,MT,2026-06-23,75,2026-07-23,0,cross_regime_pre2026_to_post2026,landmark_prevalence_baseline,0.07893595489374006
separacion:4290,2026-0003499,MT-A45,MT,2026-06-23,75,2026-07-23,0,cross_regime_pre2026_to_post2026,landmark_prevalence_baseline,0.07893595489374006
separacion:4363,2026-0003941,GY-33,GY,2026-06-23,60,2026-07-23,0,cross_regime_pre2026_to_post2026,landmark_prevalence_baseline,0.10475059382422801
separacion:4555,2026-0005288,MD-E66,MD,2026-06-23,21,2026-07-23,0,cross_regime_pre2026_to_post2026,landmark_prevalence_baseline,0.15251032840837475
separacion:4625,2026-0005859,FX-1301,FX,2026-06-23,7,2026-07-23,0,cross_regime_pre2026_to_post2026,landmark_prevalence_baseline,0.13317009483455364
separacion:4708,2026-0006085,GY-1401,GY,2026-06-23,0,2026-07-23,0,cross_regime_pre2026_to_post2026,landmark_prevalence_baseline,0.15133742726373653
separacion:4166,2026-0003221,CP-E52,CP,2026-06-24,90,2026-07-24,0,cross_regime_pre2026_to_post2026,landmark_prevalence_baseline,0.06080347448425624
separacion:4295,2026-0003502,SL-E7,SL,2026-06-24,75,2026-07-24,0,cross_regime_pre2026_to_post2026,landmark_prevalence_baseline,0.07893595489374006
separacion:4365,2026-0003981,TZ-19,TZ,2026-06-24,60,2026-07-24,0,cross_regime_pre2026_to_post2026,landmark_prevalence_baseline,0.10475059382422801
separacion:4648,2026-0005877,FX-1201,FX,2026-06-24,7,2026-07-24,0,cross_regime_pre2026_to_post2026,landmark_prevalence_baseline,0.13317009483455364
separacion:4649,2026-0005898,FX-1303,FX,2026-06-24,7,2026-07-24,0,cross_regime_pre2026_to_post2026,landmark_prevalence_baseline,0.13317009483455364
separacion:4650,2026-0005846,FX-505,FX,2026-06-24,7,2026-07-24,0,cross_regime_pre2026_to_post2026,landmark_prevalence_baseline,0.13317009483455364
separacion:4651,2026-0005821,CP-B1107,CP,2026-06-24,7,2026-07-24,0,cross_regime_pre2026_to_post2026,landmark_prevalence_baseline,0.13317009483455364
separacion:4652,2026-0005915,SL-303,SL,2026-06-24,7,2026-07-24,0,cross_regime_pre2026_to_post2026,landmark_prevalence_baseline,0.13317009483455364
separacion:4591,2026-0005535,NP-A-E163,NP,2026-06-25,14,2026-07-25,0,cross_regime_pre2026_to_post2026,landmark_prevalence_baseline,0.16853246488906984
separacion:4592,2026-0005534,MD-1701,MD,2026-06-25,14,2026-07-25,0,cross_regime_pre2026_to_post2026,landmark_prevalence_baseline,0.16853246488906984
separacion:4596,2026-0005566,NP-A1303,NP,2026-06-25,14,2026-07-25,0,cross_regime_pre2026_to_post2026,landmark_prevalence_baseline,0.16853246488906984
separacion:4192,2026-0003243,CP-B1306,CP,2026-06-26,90,2026-07-26,0,cross_regime_pre2026_to_post2026,landmark_prevalence_baseline,0.06080347448425624
separacion:4193,2026-0003246,NP-A-E138,NP,2026-06-26,90,2026-07-26,0,cross_regime_pre2026_to_post2026,landmark_prevalence_baseline,0.06080347448425624
separacion:4367,2026-0004067,TZ-50,TZ,2026-06-26,60,2026-07-26,0,cross_regime_pre2026_to_post2026,landmark_prevalence_baseline,0.10475059382422801
separacion:4451,2026-0004523,NP-A-E154,NP,2026-06-26,45,2026-07-26,0,cross_regime_pre2026_to_post2026,landmark_prevalence_baseline,0.131366884597841
separacion:4599,2026-0005574,CP-E2,CP,2026-06-26,14,2026-07-26,0,cross_regime_pre2026_to_post2026,landmark_prevalence_baseline,0.16853246488906984
separacion:4370,2026-0004112,NP-A-E06,NP,2026-06-27,60,2026-07-27,0,cross_regime_pre2026_to_post2026,landmark_prevalence_baseline,0.10475059382422801
separacion:4600,2026-0005594,TZ-39,TZ,2026-06-27,14,2026-07-27,0,cross_regime_pre2026_to_post2026,landmark_prevalence_baseline,0.16853246488906984
separacion:4601,2026-0005611,FX-E28,FX,2026-06-27,14,2026-07-27,0,cross_regime_pre2026_to_post2026,landmark_prevalence_baseline,0.16853246488906984
separacion:4742,2026-0006180,MT-A702,MT,2026-06-27,0,2026-07-27,0,cross_regime_pre2026_to_post2026,landmark_prevalence_baseline,0.15133742726373653
separacion:4743,2026-0006183,MD-E49,MD,2026-06-27,0,2026-07-27,0,cross_regime_pre2026_to_post2026,landmark_prevalence_baseline,0.15133742726373653
separacion:4202,2026-0003313,NP-A2203,NP,2026-06-28,90,2026-07-28,0,cross_regime_pre2026_to_post2026,landmark_prevalence_baseline,0.06080347448425624
separacion:4203,2026-0003315,NP-A2204,NP,2026-06-28,90,2026-07-28,0,cross_regime_pre2026_to_post2026,landmark_prevalence_baseline,0.06080347448425624
separacion:4301,2026-0003630,NP-A-E08,NP,2026-06-28,75,2026-07-28,0,cross_regime_pre2026_to_post2026,landmark_prevalence_baseline,0.07893595489374006
separacion:4455,2026-0004548,NP-A1901,NP,2026-06-28,45,2026-07-28,1,cross_regime_pre2026_to_post2026,landmark_prevalence_baseline,0.131366884597841
separacion:4457,2026-0004561,MT-B28,MT,2026-06-28,45,2026-07-28,0,cross_regime_pre2026_to_post2026,landmark_prevalence_baseline,0.131366884597841
separacion:4604,2026-0005781,SL-1001,SL,2026-06-28,14,2026-07-28,0,cross_regime_pre2026_to_post2026,landmark_prevalence_baseline,0.16853246488906984
separacion:4606,2026-0005804,MD-E52,MD,2026-06-28,14,2026-07-28,1,cross_regime_pre2026_to_post2026,landmark_prevalence_baseline,0.16853246488906984
separacion:4745,2026-0006261,NP-A-E77,NP,2026-06-28,0,2026-07-28,0,cross_regime_pre2026_to_post2026,landmark_prevalence_baseline,0.15133742726373653
separacion:4746,2026-0006279,NP-A2607,NP,2026-06-28,0,2026-07-28,0,cross_regime_pre2026_to_post2026,landmark_prevalence_baseline,0.15133742726373653
separacion:4463,2026-0004597,TZ-40,TZ,2026-06-29,45,2026-07-29,0,cross_regime_pre2026_to_post2026,landmark_prevalence_baseline,0.131366884597841
separacion:4464,2026-0004616,TZ-43,TZ,2026-06-29,45,2026-07-29,0,cross_regime_pre2026_to_post2026,landmark_prevalence_baseline,0.131366884597841
separacion:4544,2026-0005233,NP-A2104,NP,2026-06-29,30,2026-07-29,0,cross_regime_pre2026_to_post2026,landmark_prevalence_baseline,0.15141902938669424
separacion:4609,2026-0005817,NP-A-E106,NP,2026-06-29,14,2026-07-29,0,cross_regime_pre2026_to_post2026,landmark_prevalence_baseline,0.16853246488906984
separacion:4611,2026-0005815,MD-1401,MD,2026-06-29,14,2026-07-29,0,cross_regime_pre2026_to_post2026,landmark_prevalence_baseline,0.16853246488906984
separacion:4679,2026-0006048,NP-A-E165,NP,2026-06-29,7,2026-07-29,0,cross_regime_pre2026_to_post2026,landmark_prevalence_baseline,0.13317009483455364
separacion:4684,2026-0006056,SL-E12,SL,2026-06-29,7,2026-07-29,0,cross_regime_pre2026_to_post2026,landmark_prevalence_baseline,0.13317009483455364
separacion:4389,2026-0004188,SL-E1,SL,2026-06-30,60,2026-07-30,0,cross_regime_pre2026_to_post2026,landmark_prevalence_baseline,0.10475059382422801
separacion:4550,2026-0005313,MT-A1202,MT,2026-06-30,30,2026-07-30,1,cross_regime_pre2026_to_post2026,landmark_prevalence_baseline,0.15141902938669424
separacion:4625,2026-0005859,FX-1301,FX,2026-06-30,14,2026-07-30,0,cross_regime_pre2026_to_post2026,landmark_prevalence_baseline,0.16853246488906984
separacion:4708,2026-0006085,GY-1401,GY,2026-06-30,7,2026-07-30,0,cross_regime_pre2026_to_post2026,landmark_prevalence_baseline,0.13317009483455364
separacion:4752,2026-0006331,NP-A2107,NP,2026-06-30,0,2026-07-30,0,cross_regime_pre2026_to_post2026,landmark_prevalence_baseline,0.15133742726373653
separacion:4553,2026-0005356,NP-A-E161,NP,2026-07-01,60,2026-07-31,0,cross_regime_pre2026_to_post2026,landmark_prevalence_baseline,0.10475059382422801
separacion:4648,2026-0005877,FX-1201,FX,2026-07-01,14,2026-07-31,0,cross_regime_pre2026_to_post2026,landmark_prevalence_baseline,0.16853246488906984
separacion:4649,2026-0005898,FX-1303,FX,2026-07-01,14,2026-07-31,0,cross_regime_pre2026_to_post2026,landmark_prevalence_baseline,0.16853246488906984
separacion:4484,2026-0004638,CP-E18,CP,2026-07-02,45,2026-08-01,0,cross_regime_pre2026_to_post2026,landmark_prevalence_baseline,0.131366884597841
separacion:4555,2026-0005288,MD-E66,MD,2026-07-02,30,2026-08-01,0,cross_regime_pre2026_to_post2026,landmark_prevalence_baseline,0.15141902938669424
separacion:4591,2026-0005535,NP-A-E163,NP,2026-07-02,21,2026-08-01,0,cross_regime_pre2026_to_post2026,landmark_prevalence_baseline,0.15251032840837475
separacion:4596,2026-0005566,NP-A1303,NP,2026-07-02,21,2026-08-01,0,cross_regime_pre2026_to_post2026,landmark_prevalence_baseline,0.15251032840837475
separacion:4400,2026-0004310,NP-A-E134,NP,2026-07-03,60,2026-08-02,0,cross_regime_pre2026_to_post2026,landmark_prevalence_baseline,0.10475059382422801
separacion:4599,2026-0005574,CP-E2,CP,2026-07-03,21,2026-08-02,0,cross_regime_pre2026_to_post2026,landmark_prevalence_baseline,0.15251032840837475
separacion:4761,2026-0006417,FX-201,FX,2026-07-03,0,2026-08-02,1,cross_regime_pre2026_to_post2026,landmark_prevalence_baseline,0.15133742726373653
separacion:4403,2026-0004320,MD-E97,MD,2026-07-04,60,2026-08-03,0,cross_regime_pre2026_to_post2026,landmark_prevalence_baseline,0.10475059382422801
separacion:4601,2026-0005611,FX-E28,FX,2026-07-04,21,2026-08-03,0,cross_regime_pre2026_to_post2026,landmark_prevalence_baseline,0.15251032840837475
separacion:4743,2026-0006183,MD-E49,MD,2026-07-04,7,2026-08-03,0,cross_regime_pre2026_to_post2026,landmark_prevalence_baseline,0.13317009483455364
separacion:4762,2026-0006421,TZ-28,TZ,2026-07-04,0,2026-08-03,0,cross_regime_pre2026_to_post2026,landmark_prevalence_baseline,0.15133742726373653
separacion:4210,2026-0003409,SL-E4,SL,2026-07-05,90,2026-08-04,0,cross_regime_pre2026_to_post2026,landmark_prevalence_baseline,0.06080347448425624
separacion:4213,2026-0003412,MT-A54,MT,2026-07-05,90,2026-08-04,0,cross_regime_pre2026_to_post2026,landmark_prevalence_baseline,0.06080347448425624
separacion:4216,2026-0003420,CP-E87,CP,2026-07-05,90,2026-08-04,0,cross_regime_pre2026_to_post2026,landmark_prevalence_baseline,0.06080347448425624
separacion:4337,2026-0003807,CP-E60,CP,2026-07-05,75,2026-08-04,0,cross_regime_pre2026_to_post2026,landmark_prevalence_baseline,0.07893595489374006
separacion:4409,2026-0004351,SL-E47,SL,2026-07-05,60,2026-08-04,0,cross_regime_pre2026_to_post2026,landmark_prevalence_baseline,0.10475059382422801
separacion:4413,2026-0004374,MT-B24,MT,2026-07-05,60,2026-08-04,0,cross_regime_pre2026_to_post2026,landmark_prevalence_baseline,0.10475059382422801
separacion:4604,2026-0005781,SL-1001,SL,2026-07-05,21,2026-08-04,0,cross_regime_pre2026_to_post2026,landmark_prevalence_baseline,0.15251032840837475
separacion:4606,2026-0005804,MD-E52,MD,2026-07-05,21,2026-08-04,1,cross_regime_pre2026_to_post2026,landmark_prevalence_baseline,0.15251032840837475
separacion:4745,2026-0006261,NP-A-E77,NP,2026-07-05,7,2026-08-04,0,cross_regime_pre2026_to_post2026,landmark_prevalence_baseline,0.13317009483455364
separacion:4343,2026-0003846,FX-E43,FX,2026-07-06,75,2026-08-05,0,cross_regime_pre2026_to_post2026,landmark_prevalence_baseline,0.07893595489374006
separacion:4609,2026-0005817,NP-A-E106,NP,2026-07-06,21,2026-08-05,0,cross_regime_pre2026_to_post2026,landmark_prevalence_baseline,0.15251032840837475
separacion:4611,2026-0005815,MD-1401,MD,2026-07-06,21,2026-08-05,0,cross_regime_pre2026_to_post2026,landmark_prevalence_baseline,0.15251032840837475
separacion:4679,2026-0006048,NP-A-E165,NP,2026-07-06,14,2026-08-05,0,cross_regime_pre2026_to_post2026,landmark_prevalence_baseline,0.16853246488906984
separacion:4684,2026-0006056,SL-E12,SL,2026-07-06,14,2026-08-05,0,cross_regime_pre2026_to_post2026,landmark_prevalence_baseline,0.16853246488906984
separacion:4773,2026-0006518,MD-2106,MD,2026-07-06,0,2026-08-05,0,cross_regime_pre2026_to_post2026,landmark_prevalence_baseline,0.15133742726373653
separacion:4625,2026-0005859,FX-1301,FX,2026-07-07,21,2026-08-06,0,cross_regime_pre2026_to_post2026,landmark_prevalence_baseline,0.15251032840837475
separacion:4708,2026-0006085,GY-1401,GY,2026-07-07,14,2026-08-06,0,cross_regime_pre2026_to_post2026,landmark_prevalence_baseline,0.16853246488906984
separacion:4775,2026-0006528,NP-A1306,NP,2026-07-07,0,2026-08-06,0,cross_regime_pre2026_to_post2026,landmark_prevalence_baseline,0.15133742726373653
separacion:4777,2026-0006546,GY-1602,GY,2026-07-07,0,2026-08-06,0,cross_regime_pre2026_to_post2026,landmark_prevalence_baseline,0.15133742726373653
separacion:4288,2026-0003484,MT-A27,MT,2026-07-08,90,2026-08-07,0,cross_regime_pre2026_to_post2026,landmark_prevalence_baseline,0.06080347448425624
separacion:4290,2026-0003499,MT-A45,MT,2026-07-08,90,2026-08-07,0,cross_regime_pre2026_to_post2026,landmark_prevalence_baseline,0.06080347448425624
separacion:4363,2026-0003941,GY-33,GY,2026-07-08,75,2026-08-07,0,cross_regime_pre2026_to_post2026,landmark_prevalence_baseline,0.07893595489374006
separacion:4648,2026-0005877,FX-1201,FX,2026-07-08,21,2026-08-07,0,cross_regime_pre2026_to_post2026,landmark_prevalence_baseline,0.15251032840837475
separacion:4649,2026-0005898,FX-1303,FX,2026-07-08,21,2026-08-07,0,cross_regime_pre2026_to_post2026,landmark_prevalence_baseline,0.15251032840837475
separacion:4295,2026-0003502,SL-E7,SL,2026-07-09,90,2026-08-08,0,cross_regime_pre2026_to_post2026,landmark_prevalence_baseline,0.06080347448425624
separacion:4365,2026-0003981,TZ-19,TZ,2026-07-09,75,2026-08-08,0,cross_regime_pre2026_to_post2026,landmark_prevalence_baseline,0.07893595489374006
separacion:4798,2026-0006629,TZ-27,TZ,2026-07-10,0,2026-08-09,0,cross_regime_pre2026_to_post2026,landmark_prevalence_baseline,0.15133742726373653
separacion:4451,2026-0004523,NP-A-E154,NP,2026-07-11,60,2026-08-10,0,cross_regime_pre2026_to_post2026,landmark_prevalence_baseline,0.10475059382422801
separacion:4591,2026-0005535,NP-A-E163,NP,2026-07-11,30,2026-08-10,0,cross_regime_pre2026_to_post2026,landmark_prevalence_baseline,0.15141902938669424
separacion:4596,2026-0005566,NP-A1303,NP,2026-07-11,30,2026-08-10,0,cross_regime_pre2026_to_post2026,landmark_prevalence_baseline,0.15141902938669424
separacion:4743,2026-0006183,MD-E49,MD,2026-07-11,14,2026-08-10,0,cross_regime_pre2026_to_post2026,landmark_prevalence_baseline,0.16853246488906984
separacion:4762,2026-0006421,TZ-28,TZ,2026-07-11,7,2026-08-10,0,cross_regime_pre2026_to_post2026,landmark_prevalence_baseline,0.13317009483455364
separacion:4803,2026-0006693,SL-1606,SL,2026-07-11,0,2026-08-10,0,cross_regime_pre2026_to_post2026,landmark_prevalence_baseline,0.15133742726373653
separacion:4370,2026-0004112,NP-A-E06,NP,2026-07-12,75,2026-08-11,0,cross_regime_pre2026_to_post2026,landmark_prevalence_baseline,0.07893595489374006
separacion:4599,2026-0005574,CP-E2,CP,2026-07-12,30,2026-08-11,0,cross_regime_pre2026_to_post2026,landmark_prevalence_baseline,0.15141902938669424
separacion:4745,2026-0006261,NP-A-E77,NP,2026-07-12,14,2026-08-11,0,cross_regime_pre2026_to_post2026,landmark_prevalence_baseline,0.16853246488906984
separacion:4804,2026-0006713,CP-B908,CP,2026-07-12,0,2026-08-11,0,cross_regime_pre2026_to_post2026,landmark_prevalence_baseline,0.15133742726373653
separacion:4805,2026-0006709,MT-A1205,MT,2026-07-12,0,2026-08-11,0,cross_regime_pre2026_to_post2026,landmark_prevalence_baseline,0.15133742726373653
separacion:4301,2026-0003630,NP-A-E08,NP,2026-07-13,90,2026-08-12,0,cross_regime_pre2026_to_post2026,landmark_prevalence_baseline,0.06080347448425624
separacion:4457,2026-0004561,MT-B28,MT,2026-07-13,60,2026-08-12,0,cross_regime_pre2026_to_post2026,landmark_prevalence_baseline,0.10475059382422801
separacion:4601,2026-0005611,FX-E28,FX,2026-07-13,30,2026-08-12,0,cross_regime_pre2026_to_post2026,landmark_prevalence_baseline,0.15141902938669424
separacion:4679,2026-0006048,NP-A-E165,NP,2026-07-13,21,2026-08-12,0,cross_regime_pre2026_to_post2026,landmark_prevalence_baseline,0.15251032840837475
separacion:4684,2026-0006056,SL-E12,SL,2026-07-13,21,2026-08-12,0,cross_regime_pre2026_to_post2026,landmark_prevalence_baseline,0.15251032840837475
separacion:4809,2026-0006749,NP-A-E169,NP,2026-07-13,0,2026-08-12,1,cross_regime_pre2026_to_post2026,landmark_prevalence_baseline,0.15133742726373653
separacion:4810,2026-0006752,NP-A-E16,NP,2026-07-13,0,2026-08-12,0,cross_regime_pre2026_to_post2026,landmark_prevalence_baseline,0.15133742726373653
separacion:4811,2026-0006758,MT-A602,MT,2026-07-13,0,2026-08-12,1,cross_regime_pre2026_to_post2026,landmark_prevalence_baseline,0.15133742726373653
separacion:4463,2026-0004597,TZ-40,TZ,2026-07-14,60,2026-08-13,0,cross_regime_pre2026_to_post2026,landmark_prevalence_baseline,0.10475059382422801
separacion:4464,2026-0004616,TZ-43,TZ,2026-07-14,60,2026-08-13,0,cross_regime_pre2026_to_post2026,landmark_prevalence_baseline,0.10475059382422801
separacion:4606,2026-0005804,MD-E52,MD,2026-07-14,30,2026-08-13,1,cross_regime_pre2026_to_post2026,landmark_prevalence_baseline,0.15141902938669424
separacion:4775,2026-0006528,NP-A1306,NP,2026-07-14,7,2026-08-13,0,cross_regime_pre2026_to_post2026,landmark_prevalence_baseline,0.13317009483455364
separacion:4777,2026-0006546,GY-1602,GY,2026-07-14,7,2026-08-13,0,cross_regime_pre2026_to_post2026,landmark_prevalence_baseline,0.13317009483455364
separacion:4389,2026-0004188,SL-E1,SL,2026-07-15,75,2026-08-14,0,cross_regime_pre2026_to_post2026,landmark_prevalence_baseline,0.07893595489374006
separacion:4609,2026-0005817,NP-A-E106,NP,2026-07-15,30,2026-08-14,0,cross_regime_pre2026_to_post2026,landmark_prevalence_baseline,0.15141902938669424
separacion:4611,2026-0005815,MD-1401,MD,2026-07-15,30,2026-08-14,1,cross_regime_pre2026_to_post2026,landmark_prevalence_baseline,0.15141902938669424
separacion:4553,2026-0005356,NP-A-E161,NP,2026-07-16,75,2026-08-15,0,cross_regime_pre2026_to_post2026,landmark_prevalence_baseline,0.07893595489374006
separacion:4625,2026-0005859,FX-1301,FX,2026-07-16,30,2026-08-15,0,cross_regime_pre2026_to_post2026,landmark_prevalence_baseline,0.15141902938669424
separacion:4817,2026-0006802,CP-E78,CP,2026-07-16,0,2026-08-15,0,cross_regime_pre2026_to_post2026,landmark_prevalence_baseline,0.15133742726373653
separacion:4818,2026-0006805,MD-E29,MD,2026-07-16,0,2026-08-15,1,cross_regime_pre2026_to_post2026,landmark_prevalence_baseline,0.15133742726373653
separacion:4823,2026-0006814,GY-806,GY,2026-07-16,0,2026-08-15,0,cross_regime_pre2026_to_post2026,landmark_prevalence_baseline,0.15133742726373653
separacion:4824,2026-0006815,GY-42,GY,2026-07-16,0,2026-08-15,0,cross_regime_pre2026_to_post2026,landmark_prevalence_baseline,0.15133742726373653
separacion:4484,2026-0004638,CP-E18,CP,2026-07-17,60,2026-08-16,0,cross_regime_pre2026_to_post2026,landmark_prevalence_baseline,0.10475059382422801
separacion:4555,2026-0005288,MD-E66,MD,2026-07-17,45,2026-08-16,0,cross_regime_pre2026_to_post2026,landmark_prevalence_baseline,0.131366884597841
separacion:4798,2026-0006629,TZ-27,TZ,2026-07-17,7,2026-08-16,0,cross_regime_pre2026_to_post2026,landmark_prevalence_baseline,0.13317009483455364
separacion:4400,2026-0004310,NP-A-E134,NP,2026-07-18,75,2026-08-17,0,cross_regime_pre2026_to_post2026,landmark_prevalence_baseline,0.07893595489374006
separacion:4743,2026-0006183,MD-E49,MD,2026-07-18,21,2026-08-17,0,cross_regime_pre2026_to_post2026,landmark_prevalence_baseline,0.15251032840837475
separacion:4762,2026-0006421,TZ-28,TZ,2026-07-18,14,2026-08-17,0,cross_regime_pre2026_to_post2026,landmark_prevalence_baseline,0.16853246488906984
separacion:4803,2026-0006693,SL-1606,SL,2026-07-18,7,2026-08-17,0,cross_regime_pre2026_to_post2026,landmark_prevalence_baseline,0.13317009483455364
separacion:4858,2026-0006846,FX-204,FX,2026-07-18,0,2026-08-17,0,cross_regime_pre2026_to_post2026,landmark_prevalence_baseline,0.15133742726373653
separacion:4859,2026-0006847,MD-1302,MD,2026-07-18,0,2026-08-17,0,cross_regime_pre2026_to_post2026,landmark_prevalence_baseline,0.15133742726373653
separacion:4860,2026-0006852,MT-A501,MT,2026-07-18,0,2026-08-17,0,cross_regime_pre2026_to_post2026,landmark_prevalence_baseline,0.15133742726373653
separacion:4403,2026-0004320,MD-E97,MD,2026-07-19,75,2026-08-18,0,cross_regime_pre2026_to_post2026,landmark_prevalence_baseline,0.07893595489374006
separacion:4745,2026-0006261,NP-A-E77,NP,2026-07-19,21,2026-08-18,0,cross_regime_pre2026_to_post2026,landmark_prevalence_baseline,0.15251032840837475
separacion:4805,2026-0006709,MT-A1205,MT,2026-07-19,7,2026-08-18,0,cross_regime_pre2026_to_post2026,landmark_prevalence_baseline,0.13317009483455364
separacion:3832,2026-0000010,MT-A1109,MT,2026-01-02,0,2026-02-01,0,cross_regime_pre2026_to_post2026,logistic_regression,0.09987789826093395
separacion:3833,2026-0000035,NP-A2704,NP,2026-01-02,0,2026-02-01,0,cross_regime_pre2026_to_post2026,logistic_regression,0.11641360401517488
separacion:3834,2026-0000043,MT-A29,MT,2026-01-03,0,2026-02-02,0,cross_regime_pre2026_to_post2026,logistic_regression,0.034586423087450927
separacion:3835,2026-0000071,GY-35,GY,2026-01-03,0,2026-02-02,0,cross_regime_pre2026_to_post2026,logistic_regression,0.07513196216367136
separacion:3836,2026-0000078,EEUU-1701,EEUU,2026-01-03,0,2026-02-02,0,cross_regime_pre2026_to_post2026,logistic_regression,0.2416801363017117
separacion:3837,2026-0000095,NP-A-E27,NP,2026-01-04,0,2026-02-03,0,cross_regime_pre2026_to_post2026,logistic_regression,0.04044203677741977
separacion:3838,2026-0000102,EEUU-E40,EEUU,2026-01-04,0,2026-02-03,0,cross_regime_pre2026_to_post2026,logistic_regression,0.09329898230252379
separacion:3839,2026-0000029,GY-206,GY,2026-01-04,0,2026-02-03,0,cross_regime_pre2026_to_post2026,logistic_regression,0.1735935973772763
separacion:3855,2025-0009127,MD-1704,MD,2026-01-05,0,2026-02-04,1,cross_regime_pre2026_to_post2026,logistic_regression,0.1393450992824305
separacion:3857,2025-0009124,SL-1208,SL,2026-01-05,0,2026-02-04,0,cross_regime_pre2026_to_post2026,logistic_regression,0.11942296166244737
separacion:3862,2026-0000133,GY-501,GY,2026-01-05,0,2026-02-04,0,cross_regime_pre2026_to_post2026,logistic_regression,0.20703487732711254
separacion:3865,2026-0000164,MD-E38,MD,2026-01-06,0,2026-02-05,0,cross_regime_pre2026_to_post2026,logistic_regression,0.0685428407245043
separacion:3866,2026-0000134,NP-A-E62,NP,2026-01-07,0,2026-02-06,0,cross_regime_pre2026_to_post2026,logistic_regression,0.035861121596335456
separacion:3873,2026-0000225,SL-1408,SL,2026-01-09,0,2026-02-08,0,cross_regime_pre2026_to_post2026,logistic_regression,0.16383586175448042
separacion:3875,2026-0000132,SL-805,SL,2026-01-09,0,2026-02-08,0,cross_regime_pre2026_to_post2026,logistic_regression,0.12412693844997395
separacion:3834,2026-0000043,MT-A29,MT,2026-01-10,7,2026-02-09,0,cross_regime_pre2026_to_post2026,logistic_regression,0.034419217762580556
separacion:3835,2026-0000071,GY-35,GY,2026-01-10,7,2026-02-09,0,cross_regime_pre2026_to_post2026,logistic_regression,0.07478392650649097
separacion:3836,2026-0000078,EEUU-1701,EEUU,2026-01-10,7,2026-02-09,0,cross_regime_pre2026_to_post2026,logistic_regression,0.24076143346270995
separacion:3876,2026-0000218,GY-1504,GY,2026-01-10,0,2026-02-09,0,cross_regime_pre2026_to_post2026,logistic_regression,0.17492458851522769
separacion:3877,2026-0000222,EEUU-803,EEUU,2026-01-10,0,2026-02-09,0,cross_regime_pre2026_to_post2026,logistic_regression,0.22714913318904556
separacion:3837,2026-0000095,NP-A-E27,NP,2026-01-11,7,2026-02-10,0,cross_regime_pre2026_to_post2026,logistic_regression,0.04024770312164148
separacion:3838,2026-0000102,EEUU-E40,EEUU,2026-01-11,7,2026-02-10,0,cross_regime_pre2026_to_post2026,logistic_regression,0.09287524200473983
separacion:3839,2026-0000029,GY-206,GY,2026-01-11,7,2026-02-10,0,cross_regime_pre2026_to_post2026,logistic_regression,0.1728747100236662
separacion:3878,2026-0000335,NP-A1504,NP,2026-01-11,0,2026-02-10,0,cross_regime_pre2026_to_post2026,logistic_regression,0.11452414648663929
separacion:3879,2026-0000341,NP-A2301,NP,2026-01-11,0,2026-02-10,1,cross_regime_pre2026_to_post2026,logistic_regression,0.11452414648663929
separacion:3855,2025-0009127,MD-1704,MD,2026-01-12,7,2026-02-11,1,cross_regime_pre2026_to_post2026,logistic_regression,0.13874423044041748
separacion:3857,2025-0009124,SL-1208,SL,2026-01-12,7,2026-02-11,0,cross_regime_pre2026_to_post2026,logistic_regression,0.11889613131237418
separacion:3862,2026-0000133,GY-501,GY,2026-01-12,7,2026-02-11,0,cross_regime_pre2026_to_post2026,logistic_regression,0.20621205919994662
separacion:3880,2026-0000350,GY-903,GY,2026-01-12,0,2026-02-11,0,cross_regime_pre2026_to_post2026,logistic_regression,0.20703487732711254
separacion:3865,2026-0000164,MD-E38,MD,2026-01-13,7,2026-02-12,0,cross_regime_pre2026_to_post2026,logistic_regression,0.06822307648684713
separacion:3883,2026-0000369,MT-A308,MT,2026-01-13,0,2026-02-12,0,cross_regime_pre2026_to_post2026,logistic_regression,0.0951924699040673
separacion:3884,2026-0000402,MT-B1005,MT,2026-01-13,0,2026-02-12,0,cross_regime_pre2026_to_post2026,logistic_regression,0.10240051129136273
separacion:3866,2026-0000134,NP-A-E62,NP,2026-01-14,7,2026-02-13,0,cross_regime_pre2026_to_post2026,logistic_regression,0.03568798164598263
separacion:3888,2026-0000443,NP-A2103,NP,2026-01-15,0,2026-02-14,0,cross_regime_pre2026_to_post2026,logistic_regression,0.10923502066363415
separacion:3889,2026-0000493,FX-405,FX,2026-01-15,0,2026-02-14,0,cross_regime_pre2026_to_post2026,logistic_regression,0.15606186498498623
separacion:3873,2026-0000225,SL-1408,SL,2026-01-16,7,2026-02-15,0,cross_regime_pre2026_to_post2026,logistic_regression,0.16314940570065198
separacion:3890,2026-0000526,MD-E58,MD,2026-01-16,0,2026-02-15,0,cross_regime_pre2026_to_post2026,logistic_regression,0.06679223829878601
separacion:3891,2026-0000527,NP-A1806,NP,2026-01-16,0,2026-02-15,0,cross_regime_pre2026_to_post2026,logistic_regression,0.11641360401517488
separacion:3834,2026-0000043,MT-A29,MT,2026-01-17,14,2026-02-16,0,cross_regime_pre2026_to_post2026,logistic_regression,0.03425279209875172
separacion:3835,2026-0000071,GY-35,GY,2026-01-17,14,2026-02-16,0,cross_regime_pre2026_to_post2026,logistic_regression,0.07443737330557947
separacion:3836,2026-0000078,EEUU-1701,EEUU,2026-01-17,14,2026-02-16,0,cross_regime_pre2026_to_post2026,logistic_regression,0.23984511834886135
separacion:3876,2026-0000218,GY-1504,GY,2026-01-17,7,2026-02-16,0,cross_regime_pre2026_to_post2026,logistic_regression,0.17420135112623533
separacion:3877,2026-0000222,EEUU-803,EEUU,2026-01-17,7,2026-02-16,0,cross_regime_pre2026_to_post2026,logistic_regression,0.22626918557533893
separacion:3893,2026-0000574,MD-1607,MD,2026-01-17,0,2026-02-16,0,cross_regime_pre2026_to_post2026,logistic_regression,0.18815492094488565
separacion:3837,2026-0000095,NP-A-E27,NP,2026-01-18,14,2026-02-17,0,cross_regime_pre2026_to_post2026,logistic_regression,0.04005426430565514
separacion:3838,2026-0000102,EEUU-E40,EEUU,2026-01-18,14,2026-02-17,0,cross_regime_pre2026_to_post2026,logistic_regression,0.09245322999096812
separacion:3839,2026-0000029,GY-206,GY,2026-01-18,14,2026-02-17,0,cross_regime_pre2026_to_post2026,logistic_regression,0.17215817954675539
separacion:3879,2026-0000341,NP-A2301,NP,2026-01-18,7,2026-02-17,1,cross_regime_pre2026_to_post2026,logistic_regression,0.11401612893123193
separacion:3855,2025-0009127,MD-1704,MD,2026-01-19,14,2026-02-18,1,cross_regime_pre2026_to_post2026,logistic_regression,0.13814553671280316
separacion:3857,2025-0009124,SL-1208,SL,2026-01-19,14,2026-02-18,0,cross_regime_pre2026_to_post2026,logistic_regression,0.11837131264085088
separacion:3862,2026-0000133,GY-501,GY,2026-01-19,14,2026-02-18,0,cross_regime_pre2026_to_post2026,logistic_regression,0.2053916641779959
separacion:3904,2026-0000701,EEUU-E14,EEUU,2026-01-19,0,2026-02-18,0,cross_regime_pre2026_to_post2026,logistic_regression,0.09810108002966778
separacion:3905,2026-0000706,MT-A503,MT,2026-01-19,0,2026-02-18,0,cross_regime_pre2026_to_post2026,logistic_regression,0.10325384610473663
separacion:3865,2026-0000164,MD-E38,MD,2026-01-20,14,2026-02-19,0,cross_regime_pre2026_to_post2026,logistic_regression,0.06790469525347125
separacion:3883,2026-0000369,MT-A308,MT,2026-01-20,7,2026-02-19,0,cross_regime_pre2026_to_post2026,logistic_regression,0.09476102864118816
separacion:3909,2026-0000732,EEUU-D16,EEUU,2026-01-20,0,2026-02-19,0,cross_regime_pre2026_to_post2026,logistic_regression,0.09732335690963975
separacion:3911,2026-0000743,EEUU-1202,EEUU,2026-01-20,0,2026-02-19,1,cross_regime_pre2026_to_post2026,logistic_regression,0.24852574193534396
separacion:3866,2026-0000134,NP-A-E62,NP,2026-01-21,14,2026-02-20,0,cross_regime_pre2026_to_post2026,logistic_regression,0.03551564683424667
separacion:3913,2026-0000767,NP-A2801,NP,2026-01-21,0,2026-02-20,1,cross_regime_pre2026_to_post2026,logistic_regression,0.11833006867061123
separacion:3916,2026-0000782,EEUU-902,EEUU,2026-01-21,0,2026-02-20,0,cross_regime_pre2026_to_post2026,logistic_regression,0.2468022429713911
separacion:3888,2026-0000443,NP-A2103,NP,2026-01-22,7,2026-02-21,0,cross_regime_pre2026_to_post2026,logistic_regression,0.10874758370408256
separacion:3889,2026-0000493,FX-405,FX,2026-01-22,7,2026-02-21,0,cross_regime_pre2026_to_post2026,logistic_regression,0.15540192761880042
separacion:3917,2026-0000806,SL-1207,SL,2026-01-22,0,2026-02-21,0,cross_regime_pre2026_to_post2026,logistic_regression,0.16510698486142394
separacion:3918,2026-0000807,MD-1205,MD,2026-01-22,0,2026-02-21,0,cross_regime_pre2026_to_post2026,logistic_regression,0.19099713439881427
separacion:3921,2026-0000820,NP-A1510,NP,2026-01-22,0,2026-02-21,0,cross_regime_pre2026_to_post2026,logistic_regression,0.11736844488695258
separacion:3922,2026-0000826,MD-E43,MD,2026-01-22,0,2026-02-21,0,cross_regime_pre2026_to_post2026,logistic_regression,0.06737111047807398
separacion:3923,2026-0000825,MD-E36,MD,2026-01-22,0,2026-02-21,0,cross_regime_pre2026_to_post2026,logistic_regression,0.06737111047807398
separacion:3924,2026-0000828,NP-A1304,NP,2026-01-22,0,2026-02-21,0,cross_regime_pre2026_to_post2026,logistic_regression,0.11736844488695258
separacion:3925,2026-0000800,GY-1603,GY,2026-01-22,0,2026-02-21,0,cross_regime_pre2026_to_post2026,logistic_regression,0.2025161881026181
separacion:3873,2026-0000225,SL-1408,SL,2026-01-23,14,2026-02-22,0,cross_regime_pre2026_to_post2026,logistic_regression,0.1624652669923364
separacion:3890,2026-0000526,MD-E58,MD,2026-01-23,7,2026-02-22,0,cross_regime_pre2026_to_post2026,logistic_regression,0.06648005803874307
separacion:3891,2026-0000527,NP-A1806,NP,2026-01-23,7,2026-02-22,0,cross_regime_pre2026_to_post2026,logistic_regression,0.11589830204847525
separacion:3926,2026-0000832,NP-A207,NP,2026-01-23,0,2026-02-22,1,cross_regime_pre2026_to_post2026,logistic_regression,0.10833822670673574
separacion:3927,2026-0000822,GY-701,GY,2026-01-23,0,2026-02-22,1,cross_regime_pre2026_to_post2026,logistic_regression,0.1883326504691022
separacion:3931,2026-0000856,MT-A23,MT,2026-01-23,0,2026-02-22,0,cross_regime_pre2026_to_post2026,logistic_regression,0.03489661273958205
separacion:3932,2026-0000872,MD-1108,MD,2026-01-23,0,2026-02-22,0,cross_regime_pre2026_to_post2026,logistic_regression,0.1895719470886787
separacion:3834,2026-0000043,MT-A29,MT,2026-01-24,21,2026-02-23,0,cross_regime_pre2026_to_post2026,logistic_regression,0.03408714273723578
separacion:3835,2026-0000071,GY-35,GY,2026-01-24,21,2026-02-23,0,cross_regime_pre2026_to_post2026,logistic_regression,0.07409229744691977
separacion:3876,2026-0000218,GY-1504,GY,2026-01-24,14,2026-02-23,0,cross_regime_pre2026_to_post2026,logistic_regression,0.1734804752752209
separacion:3877,2026-0000222,EEUU-803,EEUU,2026-01-24,14,2026-02-23,0,cross_regime_pre2026_to_post2026,logistic_regression,0.22539165263628486
separacion:3893,2026-0000574,MD-1607,MD,2026-01-24,7,2026-02-23,0,cross_regime_pre2026_to_post2026,logistic_regression,0.18738940559750253
separacion:3933,2026-0000887,MD-604,MD,2026-01-24,0,2026-02-23,1,cross_regime_pre2026_to_post2026,logistic_regression,0.18815492094488565
separacion:3934,2026-0000785,MT-A405,MT,2026-01-24,0,2026-02-23,0,cross_regime_pre2026_to_post2026,logistic_regression,0.07938011364093706
separacion:3837,2026-0000095,NP-A-E27,NP,2026-01-25,21,2026-02-24,0,cross_regime_pre2026_to_post2026,logistic_regression,0.03986171658293384
separacion:3838,2026-0000102,EEUU-E40,EEUU,2026-01-25,21,2026-02-24,0,cross_regime_pre2026_to_post2026,logistic_regression,0.09203294099269366
separacion:3839,2026-0000029,GY-206,GY,2026-01-25,21,2026-02-24,0,cross_regime_pre2026_to_post2026,logistic_regression,0.17144400335659885
separacion:3879,2026-0000341,NP-A2301,NP,2026-01-25,14,2026-02-24,1,cross_regime_pre2026_to_post2026,logistic_regression,0.11351007601003382
separacion:3936,2026-0000854,GY-1102,GY,2026-01-25,0,2026-02-24,0,cross_regime_pre2026_to_post2026,logistic_regression,0.1735935973772763
separacion:3938,2026-0000956,GY-701,GY,2026-01-25,0,2026-02-24,0,cross_regime_pre2026_to_post2026,logistic_regression,0.19807148779501904
separacion:3939,2026-0000961,NP-A2806,NP,2026-01-25,0,2026-02-24,0,cross_regime_pre2026_to_post2026,logistic_regression,0.11452414648663929
separacion:3940,2026-0000944,MT-A1108,MT,2026-01-25,0,2026-02-24,0,cross_regime_pre2026_to_post2026,logistic_regression,0.09822698861431192
separacion:3941,2026-0000976,NP-A2702,NP,2026-01-25,0,2026-02-24,0,cross_regime_pre2026_to_post2026,logistic_regression,0.11452414648663929
separacion:3942,2026-0000938,MT-B1105,MT,2026-01-25,0,2026-02-24,0,cross_regime_pre2026_to_post2026,logistic_regression,0.09822698861431192
separacion:3855,2025-0009127,MD-1704,MD,2026-01-26,21,2026-02-25,1,cross_regime_pre2026_to_post2026,logistic_regression,0.13754901381094847
separacion:3857,2025-0009124,SL-1208,SL,2026-01-26,21,2026-02-25,0,cross_regime_pre2026_to_post2026,logistic_regression,0.1178485007208023
separacion:3904,2026-0000701,EEUU-E14,EEUU,2026-01-26,7,2026-02-25,0,cross_regime_pre2026_to_post2026,logistic_regression,0.09765787889865297
separacion:3905,2026-0000706,MT-A503,MT,2026-01-26,7,2026-02-25,0,cross_regime_pre2026_to_post2026,logistic_regression,0.10279001894588942
separacion:3949,2026-0001010,NP-A2303,NP,2026-01-26,0,2026-02-25,1,cross_regime_pre2026_to_post2026,logistic_regression,0.12027378864749794
separacion:3950,2026-0001016,MD-E21,MD,2026-01-26,0,2026-02-25,0,cross_regime_pre2026_to_post2026,logistic_regression,0.06913576094577595
separacion:3951,2026-0000933,EEUU-501,EEUU,2026-01-26,0,2026-02-25,1,cross_regime_pre2026_to_post2026,logistic_regression,0.2211083827082291
separacion:3865,2026-0000164,MD-E38,MD,2026-01-27,21,2026-02-26,0,cross_regime_pre2026_to_post2026,logistic_regression,0.06758769205596339
separacion:3909,2026-0000732,EEUU-D16,EEUU,2026-01-27,7,2026-02-26,0,cross_regime_pre2026_to_post2026,logistic_regression,0.09688329194089566
separacion:3952,2026-0001043,EEUU-603,EEUU,2026-01-27,0,2026-02-26,0,cross_regime_pre2026_to_post2026,logistic_regression,0.24852574193534396
separacion:3953,2026-0001041,GY-1604,GY,2026-01-27,0,2026-02-26,0,cross_regime_pre2026_to_post2026,logistic_regression,0.2055204205535345
separacion:3866,2026-0000134,NP-A-E62,NP,2026-01-28,21,2026-02-27,0,cross_regime_pre2026_to_post2026,logistic_regression,0.03534411371381207
separacion:3913,2026-0000767,NP-A2801,NP,2026-01-28,7,2026-02-27,1,cross_regime_pre2026_to_post2026,logistic_regression,0.117807414571827
separacion:3954,2026-0001053,MT-A58,MT,2026-01-28,0,2026-02-27,0,cross_regime_pre2026_to_post2026,logistic_regression,0.0355250548434345
separacion:3956,2026-0001082,EEUU-D13,EEUU,2026-01-28,0,2026-02-27,0,cross_regime_pre2026_to_post2026,logistic_regression,0.09651375923324108
separacion:3889,2026-0000493,FX-405,FX,2026-01-29,14,2026-02-28,1,cross_regime_pre2026_to_post2026,logistic_regression,0.15474426922696521
separacion:3921,2026-0000820,NP-A1510,NP,2026-01-29,7,2026-02-28,0,cross_regime_pre2026_to_post2026,logistic_regression,0.11684947528260871
separacion:3922,2026-0000826,MD-E43,MD,2026-01-29,7,2026-02-28,0,cross_regime_pre2026_to_post2026,logistic_regression,0.0670564190396779
separacion:3923,2026-0000825,MD-E36,MD,2026-01-29,7,2026-02-28,0,cross_regime_pre2026_to_post2026,logistic_regression,0.0670564190396779
separacion:3924,2026-0000828,NP-A1304,NP,2026-01-29,7,2026-02-28,1,cross_regime_pre2026_to_post2026,logistic_regression,0.11684947528260871
separacion:3925,2026-0000800,GY-1603,GY,2026-01-29,7,2026-02-28,0,cross_regime_pre2026_to_post2026,logistic_regression,0.20170676045162728
separacion:3957,2026-0001100,GY-1501,GY,2026-01-29,0,2026-02-28,0,cross_regime_pre2026_to_post2026,logistic_regression,0.3594800207534459
separacion:3959,2026-0001124,FX-1602,FX,2026-01-29,0,2026-02-28,0,cross_regime_pre2026_to_post2026,logistic_regression,0.15606186498498623
separacion:3962,2026-0001127,CP-B803,CP,2026-01-29,0,2026-02-28,0,cross_regime_pre2026_to_post2026,logistic_regression,0.1653445145944604
separacion:3963,2026-0001013,SL-604,SL,2026-01-29,0,2026-02-28,0,cross_regime_pre2026_to_post2026,logistic_regression,0.13427499956196873
separacion:3873,2026-0000225,SL-1408,SL,2026-01-30,21,2026-03-01,0,cross_regime_pre2026_to_post2026,logistic_regression,0.1617834424892883
separacion:3890,2026-0000526,MD-E58,MD,2026-01-30,14,2026-03-01,0,cross_regime_pre2026_to_post2026,logistic_regression,0.06616923342044193
separacion:3891,2026-0000527,NP-A1806,NP,2026-01-30,14,2026-03-01,1,cross_regime_pre2026_to_post2026,logistic_regression,0.1153849831878563
separacion:3931,2026-0000856,MT-A23,MT,2026-01-30,7,2026-03-01,0,cross_regime_pre2026_to_post2026,logistic_regression,0.03472796177070782
separacion:3964,2026-0001141,MD-1909,MD,2026-01-30,0,2026-03-01,0,cross_regime_pre2026_to_post2026,logistic_regression,0.1895719470886787
separacion:3933,2026-0000887,MD-604,MD,2026-01-31,7,2026-03-02,1,cross_regime_pre2026_to_post2026,logistic_regression,0.18738940559750253
separacion:3966,2026-0001164,GY-1106,GY,2026-01-31,0,2026-03-02,0,cross_regime_pre2026_to_post2026,logistic_regression,0.19954484071449105
separacion:3879,2026-0000341,NP-A2301,NP,2026-02-01,21,2026-03-03,1,cross_regime_pre2026_to_post2026,logistic_regression,0.11105597641751384
separacion:3968,2026-0001236,NP-A-E61,NP,2026-02-01,0,2026-03-03,0,cross_regime_pre2026_to_post2026,logistic_regression,0.03968815114946951
separacion:3969,2026-0001263,MD-1805,MD,2026-02-01,0,2026-03-03,0,cross_regime_pre2026_to_post2026,logistic_regression,0.1837872506873655
separacion:3970,2026-0001264,MD-E22,MD,2026-02-01,0,2026-03-03,0,cross_regime_pre2026_to_post2026,logistic_regression,0.0644561283358227
separacion:3834,2026-0000043,MT-A29,MT,2026-02-02,30,2026-03-04,0,cross_regime_pre2026_to_post2026,logistic_regression,0.0347583172869876
separacion:3835,2026-0000071,GY-35,GY,2026-02-02,30,2026-03-04,0,cross_regime_pre2026_to_post2026,logistic_regression,0.07548961035351484
separacion:3904,2026-0000701,EEUU-E14,EEUU,2026-02-02,14,2026-03-04,0,cross_regime_pre2026_to_post2026,logistic_regression,0.09550958046020823
separacion:3949,2026-0001010,NP-A2303,NP,2026-02-02,7,2026-03-04,1,cross_regime_pre2026_to_post2026,logistic_regression,0.11769287107743111
separacion:3950,2026-0001016,MD-E21,MD,2026-02-02,7,2026-03-04,0,cross_regime_pre2026_to_post2026,logistic_regression,0.06756791527662706
separacion:3951,2026-0000933,EEUU-501,EEUU,2026-02-02,7,2026-03-04,1,cross_regime_pre2026_to_post2026,logistic_regression,0.21689716826896013
separacion:3971,2026-0001284,NP-A303,NP,2026-02-02,0,2026-03-04,1,cross_regime_pre2026_to_post2026,logistic_regression,0.11821508509854911
separacion:3837,2026-0000095,NP-A-E27,NP,2026-02-03,30,2026-03-05,0,cross_regime_pre2026_to_post2026,logistic_regression,0.04064180817694452
separacion:3838,2026-0000102,EEUU-E40,EEUU,2026-02-03,30,2026-03-05,0,cross_regime_pre2026_to_post2026,logistic_regression,0.09373434571842389
separacion:3839,2026-0000029,GY-206,GY,2026-02-03,30,2026-03-05,0,cross_regime_pre2026_to_post2026,logistic_regression,0.17433160163929323
separacion:3909,2026-0000732,EEUU-D16,EEUU,2026-02-03,14,2026-03-05,0,cross_regime_pre2026_to_post2026,logistic_regression,0.09475024379648739
separacion:3952,2026-0001043,EEUU-603,EEUU,2026-02-03,7,2026-03-05,0,cross_regime_pre2026_to_post2026,logistic_regression,0.24395589276660354
separacion:3972,2026-0001306,MD-1508,MD,2026-02-03,0,2026-03-05,0,cross_regime_pre2026_to_post2026,logistic_regression,0.19082682196905457
separacion:3973,2026-0001308,MD-2206,MD,2026-02-03,0,2026-03-05,0,cross_regime_pre2026_to_post2026,logistic_regression,0.19082682196905457
separacion:3974,2026-0001297,GY-25,GY,2026-02-03,0,2026-03-05,0,cross_regime_pre2026_to_post2026,logistic_regression,0.07634981709304046
separacion:3975,2026-0001317,NP-A1401,NP,2026-02-03,0,2026-03-05,0,cross_regime_pre2026_to_post2026,logistic_regression,0.1172542714723245
separacion:3976,2026-0001320,GY-21,GY,2026-02-03,0,2026-03-05,0,cross_regime_pre2026_to_post2026,logistic_regression,0.07634981709304046
separacion:3954,2026-0001053,MT-A58,MT,2026-02-04,7,2026-03-06,0,cross_regime_pre2026_to_post2026,logistic_regression,0.034691019494072224
separacion:3956,2026-0001082,EEUU-D13,EEUU,2026-02-04,7,2026-03-06,0,cross_regime_pre2026_to_post2026,logistic_regression,0.09438799666058552
separacion:3978,2026-0001332,EEUU-D4,EEUU,2026-02-04,0,2026-03-06,0,cross_regime_pre2026_to_post2026,logistic_regression,0.09481791742687343
separacion:3980,2026-0001337,FX-1502,FX,2026-02-04,0,2026-03-06,1,cross_regime_pre2026_to_post2026,logistic_regression,0.15470322098793524
separacion:3981,2026-0001309,MT-A1209,MT,2026-02-04,0,2026-03-06,0,cross_regime_pre2026_to_post2026,logistic_regression,0.09273625115810057
separacion:3865,2026-0000164,MD-E38,MD,2026-02-05,30,2026-03-07,0,cross_regime_pre2026_to_post2026,logistic_regression,0.06483333396316236
separacion:3889,2026-0000493,FX-405,FX,2026-02-05,21,2026-03-07,1,cross_regime_pre2026_to_post2026,logistic_regression,0.151551087568332
separacion:3922,2026-0000826,MD-E43,MD,2026-02-05,14,2026-03-07,0,cross_regime_pre2026_to_post2026,logistic_regression,0.06553240855135584
separacion:3923,2026-0000825,MD-E36,MD,2026-02-05,14,2026-03-07,0,cross_regime_pre2026_to_post2026,logistic_regression,0.06553240855135584
separacion:3924,2026-0000828,NP-A1304,NP,2026-02-05,14,2026-03-07,1,cross_regime_pre2026_to_post2026,logistic_regression,0.11433248908199375
separacion:3866,2026-0000134,NP-A-E62,NP,2026-02-06,30,2026-03-08,0,cross_regime_pre2026_to_post2026,logistic_regression,0.033856045967203076
separacion:3890,2026-0000526,MD-E58,MD,2026-02-06,21,2026-03-08,0,cross_regime_pre2026_to_post2026,logistic_regression,0.06466398869846963
separacion:3891,2026-0000527,NP-A1806,NP,2026-02-06,21,2026-03-08,1,cross_regime_pre2026_to_post2026,logistic_regression,0.1128955101744211
separacion:3931,2026-0000856,MT-A23,MT,2026-02-06,14,2026-03-08,0,cross_regime_pre2026_to_post2026,logistic_regression,0.0339119820888648
separacion:3982,2026-0001398,SL-705,SL,2026-02-06,0,2026-03-08,0,cross_regime_pre2026_to_post2026,logistic_regression,0.16116811834912823
separacion:3983,2026-0001402,SL-E8,SL,2026-02-06,0,2026-03-08,0,cross_regime_pre2026_to_post2026,logistic_regression,0.0589212100478636
separacion:3985,2026-0001403,NP-A1803,NP,2026-02-06,0,2026-03-08,0,cross_regime_pre2026_to_post2026,logistic_regression,0.11441238128275244
separacion:3986,2026-0001396,EEUU-203,EEUU,2026-02-06,0,2026-03-08,1,cross_regime_pre2026_to_post2026,logistic_regression,0.23978789985741303
separacion:3987,2026-0001331,CP-B203,CP,2026-02-06,0,2026-03-08,1,cross_regime_pre2026_to_post2026,logistic_regression,0.14066007328513708
separacion:3933,2026-0000887,MD-604,MD,2026-02-07,14,2026-03-09,1,cross_regime_pre2026_to_post2026,logistic_regression,0.18366896223859777
separacion:3966,2026-0001164,GY-1106,GY,2026-02-07,7,2026-03-09,0,cross_regime_pre2026_to_post2026,logistic_regression,0.19564116534881873
separacion:3988,2026-0001431,FX-205,FX,2026-02-07,0,2026-03-09,0,cross_regime_pre2026_to_post2026,logistic_regression,0.15110905324624055
separacion:3989,2026-0001432,EEUU-D15,EEUU,2026-02-07,0,2026-03-09,0,cross_regime_pre2026_to_post2026,logistic_regression,0.0924628578154286
separacion:3873,2026-0000225,SL-1408,SL,2026-02-08,30,2026-03-10,0,cross_regime_pre2026_to_post2026,logistic_regression,0.15583193812126991
separacion:3968,2026-0001236,NP-A-E61,NP,2026-02-08,7,2026-03-10,0,cross_regime_pre2026_to_post2026,logistic_regression,0.03949729098101447
separacion:3970,2026-0001264,MD-E22,MD,2026-02-08,7,2026-03-10,0,cross_regime_pre2026_to_post2026,logistic_regression,0.06415411620286446
separacion:3990,2026-0001471,GY-603,GY,2026-02-08,0,2026-03-10,0,cross_regime_pre2026_to_post2026,logistic_regression,0.19497627293777517
separacion:3991,2026-0001475,MD-1309,MD,2026-02-08,0,2026-03-10,0,cross_regime_pre2026_to_post2026,logistic_regression,0.1837872506873655
separacion:3904,2026-0000701,EEUU-E14,EEUU,2026-02-09,21,2026-03-11,0,cross_regime_pre2026_to_post2026,logistic_regression,0.0950768529805545
separacion:3949,2026-0001010,NP-A2303,NP,2026-02-09,14,2026-03-11,1,cross_regime_pre2026_to_post2026,logistic_regression,0.11717265739137897
separacion:3950,2026-0001016,MD-E21,MD,2026-02-09,14,2026-03-11,0,cross_regime_pre2026_to_post2026,logistic_regression,0.06725237084978702
separacion:3951,2026-0000933,EEUU-501,EEUU,2026-02-09,14,2026-03-11,1,cross_regime_pre2026_to_post2026,logistic_regression,0.21604583345132886
separacion:3971,2026-0001284,NP-A303,NP,2026-02-09,7,2026-03-11,1,cross_regime_pre2026_to_post2026,logistic_regression,0.11769287107743111
separacion:3992,2026-0001474,MD-1902,MD,2026-02-09,0,2026-03-11,0,cross_regime_pre2026_to_post2026,logistic_regression,0.17999433566923975
separacion:3909,2026-0000732,EEUU-D16,EEUU,2026-02-10,21,2026-03-12,0,cross_regime_pre2026_to_post2026,logistic_regression,0.09432059790074815
separacion:3952,2026-0001043,EEUU-603,EEUU,2026-02-10,14,2026-03-12,0,cross_regime_pre2026_to_post2026,logistic_regression,0.24303131154365915
separacion:3974,2026-0001297,GY-25,GY,2026-02-10,7,2026-03-12,0,cross_regime_pre2026_to_post2026,logistic_regression,0.07599660349940711
separacion:3976,2026-0001320,GY-21,GY,2026-02-10,7,2026-03-12,0,cross_regime_pre2026_to_post2026,logistic_regression,0.07599660349940711
separacion:3954,2026-0001053,MT-A58,MT,2026-02-11,14,2026-03-13,0,cross_regime_pre2026_to_post2026,logistic_regression,0.03452332658873537
separacion:3956,2026-0001082,EEUU-D13,EEUU,2026-02-11,14,2026-03-13,0,cross_regime_pre2026_to_post2026,logistic_regression,0.09395982288399696
separacion:3978,2026-0001332,EEUU-D4,EEUU,2026-02-11,7,2026-03-13,0,cross_regime_pre2026_to_post2026,logistic_regression,0.09438799666058552
separacion:3980,2026-0001337,FX-1502,FX,2026-02-11,7,2026-03-13,1,cross_regime_pre2026_to_post2026,logistic_regression,0.15404798019322832
separacion:3981,2026-0001309,MT-A1209,MT,2026-02-11,7,2026-03-13,0,cross_regime_pre2026_to_post2026,logistic_regression,0.09231480642810184
separacion:3993,2026-0001537,MD-1609,MD,2026-02-11,0,2026-03-13,0,cross_regime_pre2026_to_post2026,logistic_regression,0.18940260797291816
separacion:3994,2026-0001538,MD-1603,MD,2026-02-11,0,2026-03-13,0,cross_regime_pre2026_to_post2026,logistic_regression,0.18940260797291816
separacion:3922,2026-0000826,MD-E43,MD,2026-02-12,21,2026-03-14,0,cross_regime_pre2026_to_post2026,logistic_regression,0.0652257050512436
separacion:3923,2026-0000825,MD-E36,MD,2026-02-12,21,2026-03-14,0,cross_regime_pre2026_to_post2026,logistic_regression,0.0652257050512436
separacion:3924,2026-0000828,NP-A1304,NP,2026-02-12,21,2026-03-14,1,cross_regime_pre2026_to_post2026,logistic_regression,0.11382521241236408
separacion:3997,2026-0001566,GY-1001,GY,2026-02-12,0,2026-03-14,1,cross_regime_pre2026_to_post2026,logistic_regression,0.19936878463081756
separacion:3931,2026-0000856,MT-A23,MT,2026-02-13,21,2026-03-15,0,cross_regime_pre2026_to_post2026,logistic_regression,0.0337479233173475
separacion:3982,2026-0001398,SL-705,SL,2026-02-13,7,2026-03-15,0,cross_regime_pre2026_to_post2026,logistic_regression,0.16049069448680614
separacion:3983,2026-0001402,SL-E8,SL,2026-02-13,7,2026-03-15,0,cross_regime_pre2026_to_post2026,logistic_regression,0.05864350637689862
separacion:3985,2026-0001403,NP-A1803,NP,2026-02-13,7,2026-03-15,0,cross_regime_pre2026_to_post2026,logistic_regression,0.11390479573105569
separacion:3986,2026-0001396,EEUU-203,EEUU,2026-02-13,7,2026-03-15,1,cross_regime_pre2026_to_post2026,logistic_regression,0.23887412418516063
separacion:4002,2026-0001591,MT-A09,MT,2026-02-13,0,2026-03-15,0,cross_regime_pre2026_to_post2026,logistic_regression,0.03424241120251264
separacion:4005,2026-0001573,NP-A906,NP,2026-02-13,0,2026-03-15,0,cross_regime_pre2026_to_post2026,logistic_regression,0.10645909891252331
separacion:3889,2026-0000493,FX-405,FX,2026-02-14,30,2026-03-16,1,cross_regime_pre2026_to_post2026,logistic_regression,0.14837033704812946
separacion:3988,2026-0001431,FX-205,FX,2026-02-14,7,2026-03-16,0,cross_regime_pre2026_to_post2026,logistic_regression,0.1504663256849251
separacion:3989,2026-0001432,EEUU-D15,EEUU,2026-02-14,7,2026-03-16,0,cross_regime_pre2026_to_post2026,logistic_regression,0.09204252948829891
separacion:4006,2026-0001533,SL-1305,SL,2026-02-14,0,2026-03-16,0,cross_regime_pre2026_to_post2026,logistic_regression,0.12102399435147007
separacion:3890,2026-0000526,MD-E58,MD,2026-02-15,30,2026-03-17,0,cross_regime_pre2026_to_post2026,logistic_regression,0.06317104797908055
separacion:3891,2026-0000527,NP-A1806,NP,2026-02-15,30,2026-03-17,1,cross_regime_pre2026_to_post2026,logistic_regression,0.1104204758958895
separacion:3968,2026-0001236,NP-A-E61,NP,2026-02-15,14,2026-03-17,0,cross_regime_pre2026_to_post2026,logistic_regression,0.039307311089286597
separacion:3970,2026-0001264,MD-E22,MD,2026-02-15,14,2026-03-17,0,cross_regime_pre2026_to_post2026,logistic_regression,0.06385342257768108
separacion:3991,2026-0001475,MD-1309,MD,2026-02-15,7,2026-03-17,1,cross_regime_pre2026_to_post2026,logistic_regression,0.18303549900681026
separacion:4007,2026-0001648,NP-A2502,NP,2026-02-15,0,2026-03-17,0,cross_regime_pre2026_to_post2026,logistic_regression,0.11255126728642005
separacion:3949,2026-0001010,NP-A2303,NP,2026-02-16,21,2026-03-18,1,cross_regime_pre2026_to_post2026,logistic_regression,0.11665443908440458
separacion:3950,2026-0001016,MD-E21,MD,2026-02-16,21,2026-03-18,0,cross_regime_pre2026_to_post2026,logistic_regression,0.06693819423777063
separacion:3951,2026-0000933,EEUU-501,EEUU,2026-02-16,21,2026-03-18,1,cross_regime_pre2026_to_post2026,logistic_regression,0.21519692191874448
separacion:3971,2026-0001284,NP-A303,NP,2026-02-16,14,2026-03-18,1,cross_regime_pre2026_to_post2026,logistic_regression,0.11717265739137897
separacion:4009,2026-0001667,GY-1103,GY,2026-02-16,0,2026-03-18,1,cross_regime_pre2026_to_post2026,logistic_regression,0.20383519660554555
separacion:4011,2026-0001676,NP-A406,NP,2026-02-16,0,2026-03-18,1,cross_regime_pre2026_to_post2026,logistic_regression,0.11821508509854911
separacion:4012,2026-0001672,NP-A2605,NP,2026-02-16,0,2026-03-18,0,cross_regime_pre2026_to_post2026,logistic_regression,0.11821508509854911
separacion:3834,2026-0000043,MT-A29,MT,2026-02-17,45,2026-03-19,0,cross_regime_pre2026_to_post2026,logistic_regression,0.0340933369820988
separacion:3835,2026-0000071,GY-35,GY,2026-02-17,45,2026-03-19,0,cross_regime_pre2026_to_post2026,logistic_regression,0.07410520361489203
separacion:3974,2026-0001297,GY-25,GY,2026-02-17,14,2026-03-19,0,cross_regime_pre2026_to_post2026,logistic_regression,0.0756448901358227
separacion:3976,2026-0001320,GY-21,GY,2026-02-17,14,2026-03-19,0,cross_regime_pre2026_to_post2026,logistic_regression,0.0756448901358227
separacion:4013,2026-0001693,EEUU-1402,EEUU,2026-02-17,0,2026-03-19,0,cross_regime_pre2026_to_post2026,logistic_regression,0.24488285352815276
separacion:4014,2026-0001698,EEUU-E48,EEUU,2026-02-17,0,2026-03-19,0,cross_regime_pre2026_to_post2026,logistic_regression,0.09557773917154733
separacion:4016,2026-0001707,NP-A402,NP,2026-02-17,0,2026-03-19,0,cross_regime_pre2026_to_post2026,logistic_regression,0.1172542714723245
separacion:3837,2026-0000095,NP-A-E27,NP,2026-02-18,45,2026-03-20,0,cross_regime_pre2026_to_post2026,logistic_regression,0.03986891685878198
separacion:3838,2026-0000102,EEUU-E40,EEUU,2026-02-18,45,2026-03-20,0,cross_regime_pre2026_to_post2026,logistic_regression,0.09204866156968562
separacion:3839,2026-0000029,GY-206,GY,2026-02-18,45,2026-03-20,0,cross_regime_pre2026_to_post2026,logistic_regression,0.17147072682136164
separacion:3904,2026-0000701,EEUU-E14,EEUU,2026-02-18,30,2026-03-20,0,cross_regime_pre2026_to_post2026,logistic_regression,0.09295152938733946
separacion:3954,2026-0001053,MT-A58,MT,2026-02-18,21,2026-03-20,0,cross_regime_pre2026_to_post2026,logistic_regression,0.03435641544353571
separacion:3956,2026-0001082,EEUU-D13,EEUU,2026-02-18,21,2026-03-20,0,cross_regime_pre2026_to_post2026,logistic_regression,0.09353339083112307
separacion:3978,2026-0001332,EEUU-D4,EEUU,2026-02-18,14,2026-03-20,0,cross_regime_pre2026_to_post2026,logistic_regression,0.09395982288399696
separacion:3980,2026-0001337,FX-1502,FX,2026-02-18,14,2026-03-20,1,cross_regime_pre2026_to_post2026,logistic_regression,0.1533950110292092
separacion:3993,2026-0001537,MD-1609,MD,2026-02-18,7,2026-03-20,0,cross_regime_pre2026_to_post2026,logistic_regression,0.1886331958396467
separacion:3994,2026-0001538,MD-1603,MD,2026-02-18,7,2026-03-20,0,cross_regime_pre2026_to_post2026,logistic_regression,0.1886331958396467
separacion:4017,2026-0001713,GY-1503,GY,2026-02-18,0,2026-03-20,1,cross_regime_pre2026_to_post2026,logistic_regression,0.20084937057894564
separacion:4018,2026-0001716,NP-A1704,NP,2026-02-18,0,2026-03-20,1,cross_regime_pre2026_to_post2026,logistic_regression,0.11630023705856596
separacion:4019,2026-0001717,NP-A1404,NP,2026-02-18,0,2026-03-20,0,cross_regime_pre2026_to_post2026,logistic_regression,0.11630023705856596
separacion:3909,2026-0000732,EEUU-D16,EEUU,2026-02-19,30,2026-03-21,0,cross_regime_pre2026_to_post2026,logistic_regression,0.09221045682935176
separacion:4025,2026-0001739,FX-705,FX,2026-02-19,0,2026-03-21,1,cross_regime_pre2026_to_post2026,logistic_regression,0.15349746827718602
separacion:4026,2026-0001742,CP-E27,CP,2026-02-19,0,2026-03-21,0,cross_regime_pre2026_to_post2026,logistic_regression,0.05610249827666167
separacion:3865,2026-0000164,MD-E38,MD,2026-02-20,45,2026-03-22,0,cross_regime_pre2026_to_post2026,logistic_regression,0.06363090257336636
separacion:3982,2026-0001398,SL-705,SL,2026-02-20,14,2026-03-22,0,cross_regime_pre2026_to_post2026,logistic_regression,0.15981557549812403
separacion:3983,2026-0001402,SL-E8,SL,2026-02-20,14,2026-03-22,0,cross_regime_pre2026_to_post2026,logistic_regression,0.058367030384040515
separacion:3985,2026-0001403,NP-A1803,NP,2026-02-20,14,2026-03-22,0,cross_regime_pre2026_to_post2026,logistic_regression,0.11339917370800115
separacion:3986,2026-0001396,EEUU-203,EEUU,2026-02-20,14,2026-03-22,1,cross_regime_pre2026_to_post2026,logistic_regression,0.23796274069952905
separacion:4002,2026-0001591,MT-A09,MT,2026-02-20,7,2026-03-22,0,cross_regime_pre2026_to_post2026,logistic_regression,0.034076810272446884
separacion:3866,2026-0000134,NP-A-E62,NP,2026-02-21,45,2026-03-23,0,cross_regime_pre2026_to_post2026,logistic_regression,0.033207733637907424
separacion:3922,2026-0000826,MD-E43,MD,2026-02-21,30,2026-03-23,0,cross_regime_pre2026_to_post2026,logistic_regression,0.06372067911781483
separacion:3923,2026-0000825,MD-E36,MD,2026-02-21,30,2026-03-23,0,cross_regime_pre2026_to_post2026,logistic_regression,0.06372067911781483
separacion:3924,2026-0000828,NP-A1304,NP,2026-02-21,30,2026-03-23,1,cross_regime_pre2026_to_post2026,logistic_regression,0.11133235402508099
separacion:3989,2026-0001432,EEUU-D15,EEUU,2026-02-21,14,2026-03-23,0,cross_regime_pre2026_to_post2026,logistic_regression,0.09162391902829878
separacion:4006,2026-0001533,SL-1305,SL,2026-02-21,7,2026-03-23,0,cross_regime_pre2026_to_post2026,logistic_regression,0.12049106753045749
separacion:4028,2026-0001802,MD-1208,MD,2026-02-21,0,2026-03-23,0,cross_regime_pre2026_to_post2026,logistic_regression,0.185178886098734
separacion:4029,2026-0001819,MD-908,MD,2026-02-21,0,2026-03-23,0,cross_regime_pre2026_to_post2026,logistic_regression,0.185178886098734
separacion:3931,2026-0000856,MT-A23,MT,2026-02-22,30,2026-03-24,0,cross_regime_pre2026_to_post2026,logistic_regression,0.032943622302370155
separacion:3968,2026-0001236,NP-A-E61,NP,2026-02-22,21,2026-03-24,0,cross_regime_pre2026_to_post2026,logistic_regression,0.03911820777496129
separacion:3970,2026-0001264,MD-E22,MD,2026-02-22,21,2026-03-24,0,cross_regime_pre2026_to_post2026,logistic_regression,0.06355404260770425
separacion:3991,2026-0001475,MD-1309,MD,2026-02-22,14,2026-03-24,1,cross_regime_pre2026_to_post2026,logistic_regression,0.18228613551718648
separacion:4007,2026-0001648,NP-A2502,NP,2026-02-22,7,2026-03-24,0,cross_regime_pre2026_to_post2026,logistic_regression,0.11205089378263582
separacion:4031,2026-0001823,MD-2101,MD,2026-02-22,0,2026-03-24,0,cross_regime_pre2026_to_post2026,logistic_regression,0.1837872506873655
separacion:3873,2026-0000225,SL-1408,SL,2026-02-23,45,2026-03-25,0,cross_regime_pre2026_to_post2026,logistic_regression,0.16180895420680952
separacion:4033,2026-0001854,TZ-6,TZ,2026-02-23,0,2026-03-25,0,cross_regime_pre2026_to_post2026,logistic_regression,0.07866904955800962
separacion:4034,2026-0001828,GY-703,GY,2026-02-23,0,2026-03-25,0,cross_regime_pre2026_to_post2026,logistic_regression,0.19100648154927097
separacion:4040,2026-0001859,TZ-17,TZ,2026-02-23,0,2026-03-25,0,cross_regime_pre2026_to_post2026,logistic_regression,0.07866904955800962
separacion:3974,2026-0001297,GY-25,GY,2026-02-24,21,2026-03-26,0,cross_regime_pre2026_to_post2026,logistic_regression,0.07529467186678038
separacion:3976,2026-0001320,GY-21,GY,2026-02-24,21,2026-03-26,0,cross_regime_pre2026_to_post2026,logistic_regression,0.07529467186678038
separacion:4014,2026-0001698,EEUU-E48,EEUU,2026-02-24,7,2026-03-26,0,cross_regime_pre2026_to_post2026,logistic_regression,0.09514473536764825
separacion:4044,2026-0001915,SL-1405,SL,2026-02-24,0,2026-03-26,0,cross_regime_pre2026_to_post2026,logistic_regression,0.1649550514411941
separacion:4045,2026-0001919,FX-E24,FX,2026-02-24,0,2026-03-26,0,cross_regime_pre2026_to_post2026,logistic_regression,0.05349559450030379
separacion:4046,2026-0001921,FX-1601,FX,2026-02-24,0,2026-03-26,1,cross_regime_pre2026_to_post2026,logistic_regression,0.15591670058779014
separacion:3950,2026-0001016,MD-E21,MD,2026-02-25,30,2026-03-27,0,cross_regime_pre2026_to_post2026,logistic_regression,0.06539641851432995
separacion:3978,2026-0001332,EEUU-D4,EEUU,2026-02-25,21,2026-03-27,0,cross_regime_pre2026_to_post2026,logistic_regression,0.09353339083112307
separacion:3993,2026-0001537,MD-1609,MD,2026-02-25,14,2026-03-27,0,cross_regime_pre2026_to_post2026,logistic_regression,0.1878661849019519
separacion:4047,2026-0001892,NP-A1302,NP,2026-02-25,0,2026-03-27,0,cross_regime_pre2026_to_post2026,logistic_regression,0.1082317605104446
separacion:4050,2026-0001938,FX-1301,FX,2026-02-25,0,2026-03-27,0,cross_regime_pre2026_to_post2026,logistic_regression,0.15470322098793524
separacion:4052,2026-0001943,GY-706,GY,2026-02-25,0,2026-03-27,0,cross_regime_pre2026_to_post2026,logistic_regression,0.20084937057894564
separacion:4026,2026-0001742,CP-E27,CP,2026-02-26,7,2026-03-28,0,cross_regime_pre2026_to_post2026,logistic_regression,0.05583729133642307
separacion:3954,2026-0001053,MT-A58,MT,2026-02-27,30,2026-03-29,0,cross_regime_pre2026_to_post2026,logistic_regression,0.033538115829881004
separacion:3956,2026-0001082,EEUU-D13,EEUU,2026-02-27,30,2026-03-29,0,cross_regime_pre2026_to_post2026,logistic_regression,0.09143908308173197
separacion:3983,2026-0001402,SL-E8,SL,2026-02-27,21,2026-03-29,0,cross_regime_pre2026_to_post2026,logistic_regression,0.058091777405897535
separacion:4002,2026-0001591,MT-A09,MT,2026-02-27,14,2026-03-29,0,cross_regime_pre2026_to_post2026,logistic_regression,0.0339119820888648
separacion:4058,2026-0001994,MD-102,MD,2026-02-27,0,2026-03-29,0,cross_regime_pre2026_to_post2026,logistic_regression,0.18657865019759107
separacion:3989,2026-0001432,EEUU-D15,EEUU,2026-02-28,21,2026-03-30,0,cross_regime_pre2026_to_post2026,logistic_regression,0.091207021166496
separacion:4006,2026-0001533,SL-1305,SL,2026-02-28,14,2026-03-30,0,cross_regime_pre2026_to_post2026,logistic_regression,0.1199601671669071
separacion:4061,2026-0002052,SL-505,SL,2026-02-28,0,2026-03-30,0,cross_regime_pre2026_to_post2026,logistic_regression,0.15992151115342754
separacion:4062,2026-0002065,FX-1502,FX,2026-02-28,0,2026-03-30,0,cross_regime_pre2026_to_post2026,logistic_regression,0.15110905324624055
separacion:4063,2026-0002080,NP-A1703,NP,2026-02-28,0,2026-03-30,0,cross_regime_pre2026_to_post2026,logistic_regression,0.11347849729672065
separacion:4064,2026-0002083,GY-1303,GY,2026-02-28,0,2026-03-30,0,cross_regime_pre2026_to_post2026,logistic_regression,0.19643224178800528
separacion:4065,2026-0002060,MT-A509,MT,2026-02-28,0,2026-03-30,0,cross_regime_pre2026_to_post2026,logistic_regression,0.0973137856605478
separacion:3991,2026-0001475,MD-1309,MD,2026-03-01,21,2026-03-31,1,cross_regime_pre2026_to_post2026,logistic_regression,0.1786447384689283
separacion:4066,2026-0002114,NP-A1910,NP,2026-03-01,0,2026-03-31,0,cross_regime_pre2026_to_post2026,logistic_regression,0.11060812903185524
separacion:4067,2026-0002061,NP-A2610,NP,2026-03-01,0,2026-03-31,0,cross_regime_pre2026_to_post2026,logistic_regression,0.10288857208330568
separacion:4068,2026-0002131,GY-1502,GY,2026-03-01,0,2026-03-31,0,cross_regime_pre2026_to_post2026,logistic_regression,0.19191785075936893
separacion:4069,2026-0002138,SL-1505,SL,2026-03-01,0,2026-03-31,0,cross_regime_pre2026_to_post2026,logistic_regression,0.1560832246160128
separacion:3890,2026-0000526,MD-E58,MD,2026-03-02,45,2026-04-01,0,cross_regime_pre2026_to_post2026,logistic_regression,0.06467536726282604
separacion:4033,2026-0001854,TZ-6,TZ,2026-03-02,7,2026-04-01,0,cross_regime_pre2026_to_post2026,logistic_regression,0.07690287079686317
separacion:4040,2026-0001859,TZ-17,TZ,2026-03-02,7,2026-04-01,0,cross_regime_pre2026_to_post2026,logistic_regression,0.07690287079686317
separacion:4070,2026-0002136,NP-A1202,NP,2026-03-02,0,2026-04-01,0,cross_regime_pre2026_to_post2026,logistic_regression,0.10812538625336508
separacion:4075,2026-0002152,NP-A802,NP,2026-03-02,0,2026-04-01,1,cross_regime_pre2026_to_post2026,logistic_regression,0.11618696598497441
separacion:4076,2026-0002177,EEUU-1002,EEUU,2026-03-02,0,2026-04-01,0,cross_regime_pre2026_to_post2026,logistic_regression,0.24297357590003638
separacion:3968,2026-0001236,NP-A-E61,NP,2026-03-03,30,2026-04-02,0,cross_regime_pre2026_to_post2026,logistic_regression,0.03988435337050469
separacion:3970,2026-0001264,MD-E22,MD,2026-03-03,30,2026-04-02,0,cross_regime_pre2026_to_post2026,logistic_regression,0.06476651550999343
separacion:4014,2026-0001698,EEUU-E48,EEUU,2026-03-03,14,2026-04-02,0,cross_regime_pre2026_to_post2026,logistic_regression,0.09304602084659284
separacion:4044,2026-0001915,SL-1405,SL,2026-03-03,7,2026-04-02,0,cross_regime_pre2026_to_post2026,logistic_regression,0.16159144889152025
separacion:4045,2026-0001919,FX-E24,FX,2026-03-03,7,2026-04-02,0,cross_regime_pre2026_to_post2026,logistic_regression,0.052262519682267194
separacion:3834,2026-0000043,MT-A29,MT,2026-03-04,60,2026-04-03,0,cross_regime_pre2026_to_post2026,logistic_regression,0.0328128034162804
separacion:3835,2026-0000071,GY-35,GY,2026-03-04,60,2026-04-03,0,cross_regime_pre2026_to_post2026,logistic_regression,0.0714329795128084
separacion:4050,2026-0001938,FX-1301,FX,2026-03-04,7,2026-04-03,0,cross_regime_pre2026_to_post2026,logistic_regression,0.1515107345382001
separacion:4052,2026-0001943,GY-706,GY,2026-03-04,7,2026-04-03,0,cross_regime_pre2026_to_post2026,logistic_regression,0.19692645330501338
separacion:4077,2026-0002207,FX-401,FX,2026-03-04,0,2026-04-03,0,cross_regime_pre2026_to_post2026,logistic_regression,0.15215712432342543
separacion:3837,2026-0000095,NP-A-E27,NP,2026-03-05,60,2026-04-04,0,cross_regime_pre2026_to_post2026,logistic_regression,0.03838007418628713
separacion:3838,2026-0000102,EEUU-E40,EEUU,2026-03-05,60,2026-04-04,0,cross_regime_pre2026_to_post2026,logistic_regression,0.08879144840154019
separacion:3904,2026-0000701,EEUU-E14,EEUU,2026-03-05,45,2026-04-04,0,cross_regime_pre2026_to_post2026,logistic_regression,0.0896655226616449
separacion:3974,2026-0001297,GY-25,GY,2026-03-05,30,2026-04-04,0,cross_regime_pre2026_to_post2026,logistic_regression,0.07225057332581417
separacion:3976,2026-0001320,GY-21,GY,2026-03-05,30,2026-04-04,0,cross_regime_pre2026_to_post2026,logistic_regression,0.07225057332581417
separacion:4026,2026-0001742,CP-E27,CP,2026-03-05,14,2026-04-04,0,cross_regime_pre2026_to_post2026,logistic_regression,0.05455335135276288
separacion:3909,2026-0000732,EEUU-D16,EEUU,2026-03-06,45,2026-04-05,0,cross_regime_pre2026_to_post2026,logistic_regression,0.08894807928877597
separacion:3978,2026-0001332,EEUU-D4,EEUU,2026-03-06,30,2026-04-05,0,cross_regime_pre2026_to_post2026,logistic_regression,0.0898235434489731
separacion:4002,2026-0001591,MT-A09,MT,2026-03-06,21,2026-04-05,0,cross_regime_pre2026_to_post2026,logistic_regression,0.03311451720497328
separacion:3865,2026-0000164,MD-E38,MD,2026-03-07,60,2026-04-06,0,cross_regime_pre2026_to_post2026,logistic_regression,0.061311369559965634
separacion:4006,2026-0001533,SL-1305,SL,2026-03-07,21,2026-04-06,0,cross_regime_pre2026_to_post2026,logistic_regression,0.11738508150616547
separacion:4061,2026-0002052,SL-505,SL,2026-03-07,7,2026-04-06,0,cross_regime_pre2026_to_post2026,logistic_regression,0.15664129417877196
separacion:4062,2026-0002065,FX-1502,FX,2026-03-07,7,2026-04-06,0,cross_regime_pre2026_to_post2026,logistic_regression,0.1479777525552099
separacion:4063,2026-0002080,NP-A1703,NP,2026-03-07,7,2026-04-06,0,cross_regime_pre2026_to_post2026,logistic_regression,0.11102499493274569
separacion:4080,2026-0002276,GY-1602,GY,2026-03-07,0,2026-04-06,0,cross_regime_pre2026_to_post2026,logistic_regression,0.1933564666199342
separacion:3866,2026-0000134,NP-A-E62,NP,2026-03-08,60,2026-04-07,0,cross_regime_pre2026_to_post2026,logistic_regression,0.031959362432389254
separacion:3922,2026-0000826,MD-E43,MD,2026-03-08,45,2026-04-07,0,cross_regime_pre2026_to_post2026,logistic_regression,0.06139808807294018
separacion:3923,2026-0000825,MD-E36,MD,2026-03-08,45,2026-04-07,0,cross_regime_pre2026_to_post2026,logistic_regression,0.06139808807294018
separacion:3983,2026-0001402,SL-E8,SL,2026-03-08,30,2026-04-07,0,cross_regime_pre2026_to_post2026,logistic_regression,0.055701282449319885
separacion:4067,2026-0002061,NP-A2610,NP,2026-03-08,7,2026-04-07,0,cross_regime_pre2026_to_post2026,logistic_regression,0.10242619835631071
separacion:4068,2026-0002131,GY-1502,GY,2026-03-08,7,2026-04-07,0,cross_regime_pre2026_to_post2026,logistic_regression,0.19114063028487116
separacion:4069,2026-0002138,SL-1505,SL,2026-03-08,7,2026-04-07,0,cross_regime_pre2026_to_post2026,logistic_regression,0.15542321356086858
separacion:3931,2026-0000856,MT-A23,MT,2026-03-09,45,2026-04-08,0,cross_regime_pre2026_to_post2026,logistic_regression,0.03375405807406455
separacion:3989,2026-0001432,EEUU-D15,EEUU,2026-03-09,30,2026-04-08,0,cross_regime_pre2026_to_post2026,logistic_regression,0.09289471933801119
separacion:4033,2026-0001854,TZ-6,TZ,2026-03-09,14,2026-04-08,0,cross_regime_pre2026_to_post2026,logistic_regression,0.07654731067735651
separacion:4040,2026-0001859,TZ-17,TZ,2026-03-09,14,2026-04-08,0,cross_regime_pre2026_to_post2026,logistic_regression,0.07654731067735651
separacion:4075,2026-0002152,NP-A802,NP,2026-03-09,7,2026-04-08,1,cross_regime_pre2026_to_post2026,logistic_regression,0.11567253589350135
separacion:4076,2026-0002177,EEUU-1002,EEUU,2026-03-09,7,2026-04-08,0,cross_regime_pre2026_to_post2026,logistic_regression,0.242051525694169
separacion:3873,2026-0000225,SL-1408,SL,2026-03-10,60,2026-04-09,1,cross_regime_pre2026_to_post2026,logistic_regression,0.1565087322260323
separacion:3991,2026-0001475,MD-1309,MD,2026-03-10,30,2026-04-09,1,cross_regime_pre2026_to_post2026,logistic_regression,0.18455891332860594
separacion:4014,2026-0001698,EEUU-E48,EEUU,2026-03-10,21,2026-04-09,0,cross_regime_pre2026_to_post2026,logistic_regression,0.09262331207194019
separacion:4044,2026-0001915,SL-1405,SL,2026-03-10,14,2026-04-09,0,cross_regime_pre2026_to_post2026,logistic_regression,0.16091258701218403
separacion:4045,2026-0001919,FX-E24,FX,2026-03-10,14,2026-04-09,0,cross_regime_pre2026_to_post2026,logistic_regression,0.05201446473360667
separacion:4085,2026-0002366,NP-A2405,NP,2026-03-10,0,2026-04-09,0,cross_regime_pre2026_to_post2026,logistic_regression,0.11524048196910504
separacion:4050,2026-0001938,FX-1301,FX,2026-03-11,14,2026-04-10,0,cross_regime_pre2026_to_post2026,logistic_regression,0.1508666021050299
separacion:4077,2026-0002207,FX-401,FX,2026-03-11,7,2026-04-10,0,cross_regime_pre2026_to_post2026,logistic_regression,0.1515107345382001
separacion:3950,2026-0001016,MD-E21,MD,2026-03-12,45,2026-04-11,0,cross_regime_pre2026_to_post2026,logistic_regression,0.06301685852244565
separacion:4026,2026-0001742,CP-E27,CP,2026-03-12,21,2026-04-11,0,cross_regime_pre2026_to_post2026,logistic_regression,0.05429504627703148
separacion:4088,2026-0002498,NP-A1601,NP,2026-03-12,0,2026-04-11,0,cross_regime_pre2026_to_post2026,logistic_regression,0.11336762190228872
separacion:4089,2026-0002499,NP-A1603,NP,2026-03-12,0,2026-04-11,0,cross_regime_pre2026_to_post2026,logistic_regression,0.11336762190228872
separacion:4090,2026-0002514,SL-704,SL,2026-03-13,0,2026-04-12,0,cross_regime_pre2026_to_post2026,logistic_regression,0.14802779463433696
separacion:4091,2026-0002513,SL-702,SL,2026-03-13,0,2026-04-12,0,cross_regime_pre2026_to_post2026,logistic_regression,0.14802779463433696
separacion:4093,2026-0002593,NP-A2403,NP,2026-03-13,0,2026-04-12,0,cross_regime_pre2026_to_post2026,logistic_regression,0.11244118294544578
separacion:4094,2026-0002550,MD-501,MD,2026-03-13,0,2026-04-12,0,cross_regime_pre2026_to_post2026,logistic_regression,0.18362190809691228
separacion:3954,2026-0001053,MT-A58,MT,2026-03-14,45,2026-04-13,0,cross_regime_pre2026_to_post2026,logistic_regression,0.03227773929649041
separacion:3956,2026-0001082,EEUU-D13,EEUU,2026-03-14,45,2026-04-13,0,cross_regime_pre2026_to_post2026,logistic_regression,0.08820134490096614
separacion:4061,2026-0002052,SL-505,SL,2026-03-14,14,2026-04-13,0,cross_regime_pre2026_to_post2026,logistic_regression,0.15597935944451832
separacion:4062,2026-0002065,FX-1502,FX,2026-03-14,14,2026-04-13,0,cross_regime_pre2026_to_post2026,logistic_regression,0.14734603188809378
separacion:4063,2026-0002080,NP-A1703,NP,2026-03-14,14,2026-04-13,0,cross_regime_pre2026_to_post2026,logistic_regression,0.11053056172321395
separacion:4080,2026-0002276,GY-1602,GY,2026-03-14,7,2026-04-13,0,cross_regime_pre2026_to_post2026,logistic_regression,0.19257480851196057
separacion:4095,2026-0002610,FX-501,FX,2026-03-14,0,2026-04-13,0,cross_regime_pre2026_to_post2026,logistic_regression,0.1386533004418736
separacion:4096,2026-0002615,MD-1709,MD,2026-03-14,0,2026-04-13,0,cross_regime_pre2026_to_post2026,logistic_regression,0.18223935655469437
separacion:4098,2026-0002641,GY-1403,GY,2026-03-14,0,2026-04-13,0,cross_regime_pre2026_to_post2026,logistic_regression,0.1933564666199342
separacion:4099,2026-0002659,MT-A904,MT,2026-03-14,0,2026-04-13,0,cross_regime_pre2026_to_post2026,logistic_regression,0.09560537411638129
separacion:4100,2026-0002696,GY-1003,GY,2026-03-14,0,2026-04-13,0,cross_regime_pre2026_to_post2026,logistic_regression,0.1933564666199342
separacion:4101,2026-0002726,NP-A902,NP,2026-03-14,0,2026-04-13,0,cross_regime_pre2026_to_post2026,logistic_regression,0.1115213625698318
separacion:4102,2026-0002668,GY-1103,GY,2026-03-14,0,2026-04-13,0,cross_regime_pre2026_to_post2026,logistic_regression,0.1933564666199342
separacion:4103,2026-0002746,CP-A301,CP,2026-03-14,0,2026-04-13,0,cross_regime_pre2026_to_post2026,logistic_regression,0.15753393839570623
separacion:4104,2026-0002599,NP-A2303,NP,2026-03-14,0,2026-04-13,0,cross_regime_pre2026_to_post2026,logistic_regression,0.10374550397001056
separacion:4105,2026-0002774,CP-A401,CP,2026-03-14,0,2026-04-13,0,cross_regime_pre2026_to_post2026,logistic_regression,0.15753393839570623
separacion:4106,2026-0002781,FX-E16,FX,2026-03-14,0,2026-04-13,0,cross_regime_pre2026_to_post2026,logistic_regression,0.050700989547433385
separacion:4002,2026-0001591,MT-A09,MT,2026-03-15,30,2026-04-14,0,cross_regime_pre2026_to_post2026,logistic_regression,0.03232480690012119
separacion:4068,2026-0002131,GY-1502,GY,2026-03-15,14,2026-04-14,0,cross_regime_pre2026_to_post2026,logistic_regression,0.190365815871552
separacion:4069,2026-0002138,SL-1505,SL,2026-03-15,14,2026-04-14,0,cross_regime_pre2026_to_post2026,logistic_regression,0.15476548159400078
separacion:4107,2026-0002813,GY-303,GY,2026-03-15,0,2026-04-14,0,cross_regime_pre2026_to_post2026,logistic_regression,0.19191785075936893
separacion:4108,2026-0002822,SL-403,SL,2026-03-15,0,2026-04-14,0,cross_regime_pre2026_to_post2026,logistic_regression,0.1560832246160128
separacion:4109,2026-0002890,MT-A57,MT,2026-03-15,0,2026-04-14,0,cross_regime_pre2026_to_post2026,logistic_regression,0.031052421860208713
separacion:4110,2026-0002888,MT-A409,MT,2026-03-15,0,2026-04-14,1,cross_regime_pre2026_to_post2026,logistic_regression,0.09480856669560497
separacion:4112,2026-0002901,SL-1101,SL,2026-03-15,0,2026-04-14,0,cross_regime_pre2026_to_post2026,logistic_regression,0.1560832246160128
separacion:4113,2026-0002937,NP-A306,NP,2026-03-15,0,2026-04-14,0,cross_regime_pre2026_to_post2026,logistic_regression,0.11060812903185524
separacion:4114,2026-0002949,FX-1102,FX,2026-03-15,0,2026-04-14,0,cross_regime_pre2026_to_post2026,logistic_regression,0.14744515249733645
separacion:4115,2026-0002954,NP-A1205,NP,2026-03-15,0,2026-04-14,0,cross_regime_pre2026_to_post2026,logistic_regression,0.11060812903185524
separacion:4116,2026-0002965,NP-A706,NP,2026-03-15,0,2026-04-14,0,cross_regime_pre2026_to_post2026,logistic_regression,0.11060812903185524
separacion:4117,2026-0002964,FX-901,FX,2026-03-15,0,2026-04-14,1,cross_regime_pre2026_to_post2026,logistic_regression,0.14744515249733645
separacion:4118,2026-0002963,SL-1306,SL,2026-03-15,0,2026-04-14,1,cross_regime_pre2026_to_post2026,logistic_regression,0.1560832246160128
separacion:4119,2026-0002952,MT-A801,MT,2026-03-15,0,2026-04-14,0,cross_regime_pre2026_to_post2026,logistic_regression,0.09480856669560497
separacion:4006,2026-0001533,SL-1305,SL,2026-03-16,30,2026-04-15,0,cross_regime_pre2026_to_post2026,logistic_regression,0.12157138511011101
separacion:4040,2026-0001859,TZ-17,TZ,2026-03-16,21,2026-04-15,0,cross_regime_pre2026_to_post2026,logistic_regression,0.07619325879714618
separacion:4075,2026-0002152,NP-A802,NP,2026-03-16,14,2026-04-15,1,cross_regime_pre2026_to_post2026,logistic_regression,0.1151600867141655
separacion:3890,2026-0000526,MD-E58,MD,2026-03-17,60,2026-04-16,0,cross_regime_pre2026_to_post2026,logistic_regression,0.06347566674311556
separacion:4044,2026-0001915,SL-1405,SL,2026-03-17,21,2026-04-16,0,cross_regime_pre2026_to_post2026,logistic_regression,0.16023603203384792
separacion:4045,2026-0001919,FX-E24,FX,2026-03-17,21,2026-04-16,0,cross_regime_pre2026_to_post2026,logistic_regression,0.051767522825116666
separacion:4085,2026-0002366,NP-A2405,NP,2026-03-17,7,2026-04-16,0,cross_regime_pre2026_to_post2026,logistic_regression,0.11472969853732495
separacion:4121,2026-0002874,MT-A1008,MT,2026-03-17,0,2026-04-16,0,cross_regime_pre2026_to_post2026,logistic_regression,0.08533170520786233
separacion:4122,2026-0002991,GY-D7,GY,2026-03-17,0,2026-04-16,0,cross_regime_pre2026_to_post2026,logistic_regression,0.07500860481966322
separacion:4123,2026-0002995,MT-A1001,MT,2026-03-17,0,2026-04-16,0,cross_regime_pre2026_to_post2026,logistic_regression,0.09885276726121163
separacion:3968,2026-0001236,NP-A-E61,NP,2026-03-18,45,2026-04-17,0,cross_regime_pre2026_to_post2026,logistic_regression,0.039125279222522666
separacion:3970,2026-0001264,MD-E22,MD,2026-03-18,45,2026-04-17,0,cross_regime_pre2026_to_post2026,logistic_regression,0.06356523913428708
separacion:4050,2026-0001938,FX-1301,FX,2026-03-18,21,2026-04-17,0,cross_regime_pre2026_to_post2026,logistic_regression,0.15022472329123362
separacion:4129,2026-0002981,MT-A1309,MT,2026-03-18,0,2026-04-17,0,cross_regime_pre2026_to_post2026,logistic_regression,0.07854700983519519
separacion:4130,2026-0003010,SL-1001,SL,2026-03-18,0,2026-04-17,0,cross_regime_pre2026_to_post2026,logistic_regression,0.16101911047497225
separacion:4131,2026-0003014,EEUU-E50,EEUU,2026-03-18,0,2026-04-17,0,cross_regime_pre2026_to_post2026,logistic_regression,0.09311260246724151
separacion:4132,2026-0003024,CP-A1001,CP,2026-03-18,0,2026-04-17,0,cross_regime_pre2026_to_post2026,logistic_regression,0.16125189508103702
separacion:4133,2026-0003028,MT-B705,MT,2026-03-18,0,2026-04-17,0,cross_regime_pre2026_to_post2026,logistic_regression,0.09803182866683026
separacion:3834,2026-0000043,MT-A29,MT,2026-03-19,75,2026-04-18,0,cross_regime_pre2026_to_post2026,logistic_regression,0.03218380275753748
separacion:3835,2026-0000071,GY-35,GY,2026-03-19,75,2026-04-18,0,cross_regime_pre2026_to_post2026,logistic_regression,0.07011732518432301
separacion:4014,2026-0001698,EEUU-E48,EEUU,2026-03-19,30,2026-04-18,0,cross_regime_pre2026_to_post2026,logistic_regression,0.09054734638528099
separacion:4088,2026-0002498,NP-A1601,NP,2026-03-19,7,2026-04-18,0,cross_regime_pre2026_to_post2026,logistic_regression,0.11286408066686997
separacion:4089,2026-0002499,NP-A1603,NP,2026-03-19,7,2026-04-18,0,cross_regime_pre2026_to_post2026,logistic_regression,0.11286408066686997
separacion:4134,2026-0003033,GY-8,GY,2026-03-19,0,2026-04-18,1,cross_regime_pre2026_to_post2026,logistic_regression,0.07370582556310805
separacion:4135,2026-0003039,NP-A1802,NP,2026-03-19,0,2026-04-18,0,cross_regime_pre2026_to_post2026,logistic_regression,0.11336762190228872
separacion:4136,2026-0003041,MT-A04,MT,2026-03-19,0,2026-04-18,0,cross_regime_pre2026_to_post2026,logistic_regression,0.03390170085510064
separacion:3837,2026-0000095,NP-A-E27,NP,2026-03-20,75,2026-04-19,0,cross_regime_pre2026_to_post2026,logistic_regression,0.03764850667229879
separacion:3838,2026-0000102,EEUU-E40,EEUU,2026-03-20,75,2026-04-19,0,cross_regime_pre2026_to_post2026,logistic_regression,0.08718610384096534
separacion:3904,2026-0000701,EEUU-E14,EEUU,2026-03-20,60,2026-04-19,0,cross_regime_pre2026_to_post2026,logistic_regression,0.08804590187813402
separacion:3974,2026-0001297,GY-25,GY,2026-03-20,45,2026-04-19,0,cross_regime_pre2026_to_post2026,logistic_regression,0.07092101065259805
separacion:3976,2026-0001320,GY-21,GY,2026-03-20,45,2026-04-19,0,cross_regime_pre2026_to_post2026,logistic_regression,0.07092101065259805
separacion:4090,2026-0002514,SL-704,SL,2026-03-20,7,2026-04-19,0,cross_regime_pre2026_to_post2026,logistic_regression,0.14739589729350286
separacion:4091,2026-0002513,SL-702,SL,2026-03-20,7,2026-04-19,0,cross_regime_pre2026_to_post2026,logistic_regression,0.14739589729350286
separacion:4093,2026-0002593,NP-A2403,NP,2026-03-20,7,2026-04-19,0,cross_regime_pre2026_to_post2026,logistic_regression,0.11194123711501125
separacion:4094,2026-0002550,MD-501,MD,2026-03-20,7,2026-04-19,0,cross_regime_pre2026_to_post2026,logistic_regression,0.18287068119810979
separacion:4139,2026-0002794,MD-802,MD,2026-03-20,0,2026-04-19,0,cross_regime_pre2026_to_post2026,logistic_regression,0.13045468396457696
separacion:4140,2026-0003067,GY-14,GY,2026-03-20,0,2026-04-19,0,cross_regime_pre2026_to_post2026,logistic_regression,0.07307678854740579
separacion:3909,2026-0000732,EEUU-D16,EEUU,2026-03-21,60,2026-04-20,0,cross_regime_pre2026_to_post2026,logistic_regression,0.08734017428836721
separacion:4026,2026-0001742,CP-E27,CP,2026-03-21,30,2026-04-20,0,cross_regime_pre2026_to_post2026,logistic_regression,0.05302792802020699
separacion:4062,2026-0002065,FX-1502,FX,2026-03-21,21,2026-04-20,0,cross_regime_pre2026_to_post2026,logistic_regression,0.14671654366308104
separacion:4063,2026-0002080,NP-A1703,NP,2026-03-21,21,2026-04-20,0,cross_regime_pre2026_to_post2026,logistic_regression,0.11003805784697407
separacion:4080,2026-0002276,GY-1602,GY,2026-03-21,14,2026-04-20,1,cross_regime_pre2026_to_post2026,logistic_regression,0.191795558983916
separacion:4095,2026-0002610,FX-501,FX,2026-03-21,7,2026-04-20,0,cross_regime_pre2026_to_post2026,logistic_regression,0.13805493619022038
separacion:4096,2026-0002615,MD-1709,MD,2026-03-21,7,2026-04-20,0,cross_regime_pre2026_to_post2026,logistic_regression,0.18149252843420605
separacion:4098,2026-0002641,GY-1403,GY,2026-03-21,7,2026-04-20,0,cross_regime_pre2026_to_post2026,logistic_regression,0.19257480851196057
separacion:4100,2026-0002696,GY-1003,GY,2026-03-21,7,2026-04-20,0,cross_regime_pre2026_to_post2026,logistic_regression,0.19257480851196057
separacion:4101,2026-0002726,NP-A902,NP,2026-03-21,7,2026-04-20,0,cross_regime_pre2026_to_post2026,logistic_regression,0.11102499493274569
separacion:4102,2026-0002668,GY-1103,GY,2026-03-21,7,2026-04-20,0,cross_regime_pre2026_to_post2026,logistic_regression,0.19257480851196057
separacion:4103,2026-0002746,CP-A301,CP,2026-03-21,7,2026-04-20,0,cross_regime_pre2026_to_post2026,logistic_regression,0.15686893316186823
separacion:4104,2026-0002599,NP-A2303,NP,2026-03-21,7,2026-04-20,0,cross_regime_pre2026_to_post2026,logistic_regression,0.10327972259786869
separacion:4106,2026-0002781,FX-E16,FX,2026-03-21,7,2026-04-20,0,cross_regime_pre2026_to_post2026,logistic_regression,0.05045995152089787
separacion:4141,2026-0002797,MT-A401,MT,2026-03-21,0,2026-04-20,0,cross_regime_pre2026_to_post2026,logistic_regression,0.06105558257421985
separacion:4142,2026-0003094,GY-203,GY,2026-03-21,0,2026-04-20,0,cross_regime_pre2026_to_post2026,logistic_regression,0.1933564666199342
separacion:4143,2026-0003097,NP-A1003,NP,2026-03-21,0,2026-04-20,0,cross_regime_pre2026_to_post2026,logistic_regression,0.1115213625698318
separacion:4144,2026-0003104,NP-A2304,NP,2026-03-21,0,2026-04-20,0,cross_regime_pre2026_to_post2026,logistic_regression,0.1115213625698318
separacion:3865,2026-0000164,MD-E38,MD,2026-03-22,75,2026-04-21,0,cross_regime_pre2026_to_post2026,logistic_regression,0.06017005548491955
separacion:4068,2026-0002131,GY-1502,GY,2026-03-22,21,2026-04-21,0,cross_regime_pre2026_to_post2026,logistic_regression,0.18959340607880523
separacion:4069,2026-0002138,SL-1505,SL,2026-03-22,21,2026-04-21,0,cross_regime_pre2026_to_post2026,logistic_regression,0.1541100251733027
separacion:4107,2026-0002813,GY-303,GY,2026-03-22,7,2026-04-21,0,cross_regime_pre2026_to_post2026,logistic_regression,0.19114063028487116
separacion:4108,2026-0002822,SL-403,SL,2026-03-22,7,2026-04-21,0,cross_regime_pre2026_to_post2026,logistic_regression,0.15542321356086858
separacion:4109,2026-0002890,MT-A57,MT,2026-03-22,7,2026-04-21,0,cross_regime_pre2026_to_post2026,logistic_regression,0.030901754518598498
separacion:4110,2026-0002888,MT-A409,MT,2026-03-22,7,2026-04-21,1,cross_regime_pre2026_to_post2026,logistic_regression,0.0943786839065395
separacion:4113,2026-0002937,NP-A306,NP,2026-03-22,7,2026-04-21,0,cross_regime_pre2026_to_post2026,logistic_regression,0.11011532231801126
separacion:4114,2026-0002949,FX-1102,FX,2026-03-22,7,2026-04-21,0,cross_regime_pre2026_to_post2026,logistic_regression,0.14681531372573137
separacion:4115,2026-0002954,NP-A1205,NP,2026-03-22,7,2026-04-21,0,cross_regime_pre2026_to_post2026,logistic_regression,0.11011532231801126
separacion:4116,2026-0002965,NP-A706,NP,2026-03-22,7,2026-04-21,0,cross_regime_pre2026_to_post2026,logistic_regression,0.11011532231801126
separacion:4117,2026-0002964,FX-901,FX,2026-03-22,7,2026-04-21,1,cross_regime_pre2026_to_post2026,logistic_regression,0.14681531372573137
separacion:4118,2026-0002963,SL-1306,SL,2026-03-22,7,2026-04-21,1,cross_regime_pre2026_to_post2026,logistic_regression,0.15542321356086858
separacion:4119,2026-0002952,MT-A801,MT,2026-03-22,7,2026-04-21,0,cross_regime_pre2026_to_post2026,logistic_regression,0.0943786839065395
separacion:4145,2026-0003084,MD-2301,MD,2026-03-22,0,2026-04-21,0,cross_regime_pre2026_to_post2026,logistic_regression,0.16917468062633687
separacion:4146,2026-0003116,MT-B905,MT,2026-03-22,0,2026-04-21,0,cross_regime_pre2026_to_post2026,logistic_regression,0.09480856669560497
separacion:4147,2026-0003115,CP-B1203,CP,2026-03-22,0,2026-04-21,0,cross_regime_pre2026_to_post2026,logistic_regression,0.15631020289991648
separacion:4148,2026-0003118,GY-43,GY,2026-03-22,0,2026-04-21,0,cross_regime_pre2026_to_post2026,logistic_regression,0.07183352841716481
separacion:4149,2026-0003123,CP-B501,CP,2026-03-22,0,2026-04-21,0,cross_regime_pre2026_to_post2026,logistic_regression,0.15631020289991648
separacion:4150,2026-0003125,NP-A1304,NP,2026-03-22,0,2026-04-21,0,cross_regime_pre2026_to_post2026,logistic_regression,0.11060812903185524
separacion:3866,2026-0000134,NP-A-E62,NP,2026-03-23,75,2026-04-22,0,cross_regime_pre2026_to_post2026,logistic_regression,0.033373012630477476
separacion:3922,2026-0000826,MD-E43,MD,2026-03-23,60,2026-04-22,0,cross_regime_pre2026_to_post2026,logistic_regression,0.06402776713105433
separacion:3923,2026-0000825,MD-E36,MD,2026-03-23,60,2026-04-22,0,cross_regime_pre2026_to_post2026,logistic_regression,0.06402776713105433
separacion:3983,2026-0001402,SL-E8,SL,2026-03-23,45,2026-04-22,0,cross_regime_pre2026_to_post2026,logistic_regression,0.058102071333621275
separacion:4075,2026-0002152,NP-A802,NP,2026-03-23,21,2026-04-22,1,cross_regime_pre2026_to_post2026,logistic_regression,0.11464961344512073
separacion:4153,2026-0003145,GY-27,GY,2026-03-23,0,2026-04-22,0,cross_regime_pre2026_to_post2026,logistic_regression,0.07562294695941854
separacion:4156,2026-0003166,FX-1001,FX,2026-03-23,0,2026-04-22,0,cross_regime_pre2026_to_post2026,logistic_regression,0.15455908891578388
separacion:4157,2026-0003167,FX-801,FX,2026-03-23,0,2026-04-22,0,cross_regime_pre2026_to_post2026,logistic_regression,0.15455908891578388
separacion:3931,2026-0000856,MT-A23,MT,2026-03-24,60,2026-04-23,0,cross_regime_pre2026_to_post2026,logistic_regression,0.033107631795523874
separacion:3989,2026-0001432,EEUU-D15,EEUU,2026-03-24,45,2026-04-23,0,cross_regime_pre2026_to_post2026,logistic_regression,0.09122261483836065
separacion:4085,2026-0002366,NP-A2405,NP,2026-03-24,14,2026-04-23,0,cross_regime_pre2026_to_post2026,logistic_regression,0.11422088679135589
separacion:4121,2026-0002874,MT-A1008,MT,2026-03-24,7,2026-04-23,0,cross_regime_pre2026_to_post2026,logistic_regression,0.08494076037660318
separacion:4122,2026-0002991,GY-D7,GY,2026-03-24,7,2026-04-23,0,cross_regime_pre2026_to_post2026,logistic_regression,0.07466109446429148
separacion:4158,2026-0003168,EEUU-501,EEUU,2026-03-24,0,2026-04-23,0,cross_regime_pre2026_to_post2026,logistic_regression,0.24127621821134626
separacion:4163,2026-0003190,MD-E18,MD,2026-03-24,0,2026-04-23,0,cross_regime_pre2026_to_post2026,logistic_regression,0.06608176285478237
separacion:3873,2026-0000225,SL-1408,SL,2026-03-25,75,2026-04-24,1,cross_regime_pre2026_to_post2026,logistic_regression,0.15388582807562284
separacion:4040,2026-0001859,TZ-17,TZ,2026-03-25,30,2026-04-24,0,cross_regime_pre2026_to_post2026,logistic_regression,0.07445532309119027
separacion:4130,2026-0003010,SL-1001,SL,2026-03-25,7,2026-04-24,0,cross_regime_pre2026_to_post2026,logistic_regression,0.1603421932053151
separacion:4131,2026-0003014,EEUU-E50,EEUU,2026-03-25,7,2026-04-24,0,cross_regime_pre2026_to_post2026,logistic_regression,0.09268962212496387
separacion:4132,2026-0003024,CP-A1001,CP,2026-03-25,7,2026-04-24,0,cross_regime_pre2026_to_post2026,logistic_regression,0.1605741864943905
separacion:4133,2026-0003028,MT-B705,MT,2026-03-25,7,2026-04-24,0,cross_regime_pre2026_to_post2026,logistic_regression,0.09758890654660918
separacion:4164,2026-0003197,NP-A-E19,NP,2026-03-25,0,2026-04-24,0,cross_regime_pre2026_to_post2026,logistic_regression,0.040356547514125866
separacion:4044,2026-0001915,SL-1405,SL,2026-03-26,30,2026-04-25,0,cross_regime_pre2026_to_post2026,logistic_regression,0.15690671169757708
separacion:4045,2026-0001919,FX-E24,FX,2026-03-26,30,2026-04-25,0,cross_regime_pre2026_to_post2026,logistic_regression,0.05055623765827882
separacion:4088,2026-0002498,NP-A1601,NP,2026-03-26,14,2026-04-25,0,cross_regime_pre2026_to_post2026,logistic_regression,0.11236249255549717
separacion:4089,2026-0002499,NP-A1603,NP,2026-03-26,14,2026-04-25,0,cross_regime_pre2026_to_post2026,logistic_regression,0.11236249255549717
separacion:4135,2026-0003039,NP-A1802,NP,2026-03-26,7,2026-04-25,0,cross_regime_pre2026_to_post2026,logistic_regression,0.11286408066686997
separacion:4136,2026-0003041,MT-A04,MT,2026-03-26,7,2026-04-25,0,cross_regime_pre2026_to_post2026,logistic_regression,0.03373769008498808
separacion:4165,2026-0003207,NP-A2201,NP,2026-03-26,0,2026-04-25,0,cross_regime_pre2026_to_post2026,logistic_regression,0.11336762190228872
separacion:4166,2026-0003221,CP-E52,CP,2026-03-26,0,2026-04-25,0,cross_regime_pre2026_to_post2026,logistic_regression,0.05507343894647858
separacion:4167,2026-0003226,SL-1004,SL,2026-03-26,0,2026-04-25,0,cross_regime_pre2026_to_post2026,logistic_regression,0.15977343630138954
separacion:3950,2026-0001016,MD-E21,MD,2026-03-27,60,2026-04-26,0,cross_regime_pre2026_to_post2026,logistic_regression,0.06184588840303541
separacion:4050,2026-0001938,FX-1301,FX,2026-03-27,30,2026-04-26,0,cross_regime_pre2026_to_post2026,logistic_regression,0.1470669851882815
separacion:4091,2026-0002513,SL-702,SL,2026-03-27,14,2026-04-26,0,cross_regime_pre2026_to_post2026,logistic_regression,0.146766232703922
separacion:4093,2026-0002593,NP-A2403,NP,2026-03-27,14,2026-04-26,0,cross_regime_pre2026_to_post2026,logistic_regression,0.11144323507642087
separacion:4140,2026-0003067,GY-14,GY,2026-03-27,7,2026-04-26,0,cross_regime_pre2026_to_post2026,logistic_regression,0.07273752439030334
separacion:4191,2026-0003242,NP-A2005,NP,2026-03-27,0,2026-04-26,0,cross_regime_pre2026_to_post2026,logistic_regression,0.11244118294544578
separacion:4080,2026-0002276,GY-1602,GY,2026-03-28,21,2026-04-27,1,cross_regime_pre2026_to_post2026,logistic_regression,0.19101871669103063
separacion:4100,2026-0002696,GY-1003,GY,2026-03-28,14,2026-04-27,0,cross_regime_pre2026_to_post2026,logistic_regression,0.191795558983916
separacion:4103,2026-0002746,CP-A301,CP,2026-03-28,14,2026-04-27,0,cross_regime_pre2026_to_post2026,logistic_regression,0.1562062146437152
separacion:4104,2026-0002599,NP-A2303,NP,2026-03-28,14,2026-04-27,0,cross_regime_pre2026_to_post2026,logistic_regression,0.10281579252649414
separacion:4106,2026-0002781,FX-E16,FX,2026-03-28,14,2026-04-27,0,cross_regime_pre2026_to_post2026,logistic_regression,0.050219998793659
separacion:4142,2026-0003094,GY-203,GY,2026-03-28,7,2026-04-27,0,cross_regime_pre2026_to_post2026,logistic_regression,0.19257480851196057
separacion:4143,2026-0003097,NP-A1003,NP,2026-03-28,7,2026-04-27,0,cross_regime_pre2026_to_post2026,logistic_regression,0.11102499493274569
separacion:4144,2026-0003104,NP-A2304,NP,2026-03-28,7,2026-04-27,0,cross_regime_pre2026_to_post2026,logistic_regression,0.11102499493274569
separacion:4192,2026-0003243,CP-B1306,CP,2026-03-28,0,2026-04-27,0,cross_regime_pre2026_to_post2026,logistic_regression,0.2924173326363136
separacion:4193,2026-0003246,NP-A-E138,NP,2026-03-28,0,2026-04-27,0,cross_regime_pre2026_to_post2026,logistic_regression,0.039295460664430924
separacion:3954,2026-0001053,MT-A58,MT,2026-03-29,60,2026-04-28,0,cross_regime_pre2026_to_post2026,logistic_regression,0.03165865974383197
separacion:3956,2026-0001082,EEUU-D13,EEUU,2026-03-29,60,2026-04-28,0,cross_regime_pre2026_to_post2026,logistic_regression,0.08660565534266304
separacion:4107,2026-0002813,GY-303,GY,2026-03-29,14,2026-04-28,0,cross_regime_pre2026_to_post2026,logistic_regression,0.190365815871552
separacion:4108,2026-0002822,SL-403,SL,2026-03-29,14,2026-04-28,0,cross_regime_pre2026_to_post2026,logistic_regression,0.15476548159400078
separacion:4109,2026-0002890,MT-A57,MT,2026-03-29,14,2026-04-28,0,cross_regime_pre2026_to_post2026,logistic_regression,0.030751795018402514
separacion:4116,2026-0002965,NP-A706,NP,2026-03-29,14,2026-04-28,0,cross_regime_pre2026_to_post2026,logistic_regression,0.10962444063691248
separacion:4117,2026-0002964,FX-901,FX,2026-03-29,14,2026-04-28,1,cross_regime_pre2026_to_post2026,logistic_regression,0.14618770408951026
separacion:4119,2026-0002952,MT-A801,MT,2026-03-29,14,2026-04-28,0,cross_regime_pre2026_to_post2026,logistic_regression,0.09395054799287784
separacion:4145,2026-0003084,MD-2301,MD,2026-03-29,7,2026-04-28,0,cross_regime_pre2026_to_post2026,logistic_regression,0.16847036238076787
separacion:4146,2026-0003116,MT-B905,MT,2026-03-29,7,2026-04-28,0,cross_regime_pre2026_to_post2026,logistic_regression,0.0943786839065395
separacion:4148,2026-0003118,GY-43,GY,2026-03-29,7,2026-04-28,0,cross_regime_pre2026_to_post2026,logistic_regression,0.07149959095730175
separacion:4150,2026-0003125,NP-A1304,NP,2026-03-29,7,2026-04-28,0,cross_regime_pre2026_to_post2026,logistic_regression,0.11011532231801126
separacion:4002,2026-0001591,MT-A09,MT,2026-03-30,45,2026-04-29,0,cross_regime_pre2026_to_post2026,logistic_regression,0.03375405807406455
separacion:4062,2026-0002065,FX-1502,FX,2026-03-30,30,2026-04-29,0,cross_regime_pre2026_to_post2026,logistic_regression,0.15176902312888044
separacion:4153,2026-0003145,GY-27,GY,2026-03-30,7,2026-04-29,0,cross_regime_pre2026_to_post2026,logistic_regression,0.0752728220092804
separacion:4156,2026-0003166,FX-1001,FX,2026-03-30,7,2026-04-29,0,cross_regime_pre2026_to_post2026,logistic_regression,0.15390434743952258
separacion:4201,2026-0003312,FX-705,FX,2026-03-30,0,2026-04-29,0,cross_regime_pre2026_to_post2026,logistic_regression,0.15455908891578388
separacion:4202,2026-0003313,NP-A2203,NP,2026-03-30,0,2026-04-29,0,cross_regime_pre2026_to_post2026,logistic_regression,0.11618696598497441
separacion:4203,2026-0003315,NP-A2204,NP,2026-03-30,0,2026-04-29,0,cross_regime_pre2026_to_post2026,logistic_regression,0.11618696598497441
separacion:4006,2026-0001533,SL-1305,SL,2026-03-31,45,2026-04-30,1,cross_regime_pre2026_to_post2026,logistic_regression,0.11945107329019759
separacion:4068,2026-0002131,GY-1502,GY,2026-03-31,30,2026-04-30,0,cross_regime_pre2026_to_post2026,logistic_regression,0.19578364583957764
separacion:4122,2026-0002991,GY-D7,GY,2026-03-31,14,2026-04-30,0,cross_regime_pre2026_to_post2026,logistic_regression,0.07431506475434742
separacion:4158,2026-0003168,EEUU-501,EEUU,2026-03-31,7,2026-04-30,0,cross_regime_pre2026_to_post2026,logistic_regression,0.24035856412309678
separacion:4163,2026-0003190,MD-E18,MD,2026-03-31,7,2026-04-30,0,cross_regime_pre2026_to_post2026,logistic_regression,0.065772669243113
separacion:4207,2026-0003353,FX-1203,FX,2026-03-31,0,2026-04-30,0,cross_regime_pre2026_to_post2026,logistic_regression,0.15335425576557804
separacion:3890,2026-0000526,MD-E58,MD,2026-04-01,75,2026-05-01,0,cross_regime_pre2026_to_post2026,logistic_regression,0.06116142291143297
separacion:4130,2026-0003010,SL-1001,SL,2026-04-01,14,2026-05-01,1,cross_regime_pre2026_to_post2026,logistic_regression,0.15705496062014676
separacion:4131,2026-0003014,EEUU-E50,EEUU,2026-04-01,14,2026-05-01,0,cross_regime_pre2026_to_post2026,logistic_regression,0.0906396380569954
separacion:4164,2026-0003197,NP-A-E19,NP,2026-04-01,7,2026-05-01,0,cross_regime_pre2026_to_post2026,logistic_regression,0.03941371675937107
separacion:3968,2026-0001236,NP-A-E61,NP,2026-04-02,60,2026-05-02,0,cross_regime_pre2026_to_post2026,logistic_regression,0.03766311720559378
separacion:3970,2026-0001264,MD-E22,MD,2026-04-02,60,2026-05-02,0,cross_regime_pre2026_to_post2026,logistic_regression,0.0612479431787061
separacion:4088,2026-0002498,NP-A1601,NP,2026-04-02,21,2026-05-02,0,cross_regime_pre2026_to_post2026,logistic_regression,0.10993012713730932
separacion:4089,2026-0002499,NP-A1603,NP,2026-04-02,21,2026-05-02,0,cross_regime_pre2026_to_post2026,logistic_regression,0.10993012713730932
separacion:4136,2026-0003041,MT-A04,MT,2026-04-02,14,2026-05-02,0,cross_regime_pre2026_to_post2026,logistic_regression,0.03294418403929407
separacion:4166,2026-0003221,CP-E52,CP,2026-04-02,7,2026-05-02,0,cross_regime_pre2026_to_post2026,logistic_regression,0.05380606226726596
separacion:3834,2026-0000043,MT-A29,MT,2026-04-03,90,2026-05-03,0,cross_regime_pre2026_to_post2026,logistic_regression,0.03097269080168538
separacion:3835,2026-0000071,GY-35,GY,2026-04-03,90,2026-05-03,0,cross_regime_pre2026_to_post2026,logistic_regression,0.06757840774123848
separacion:4014,2026-0001698,EEUU-E48,EEUU,2026-04-03,45,2026-05-03,0,cross_regime_pre2026_to_post2026,logistic_regression,0.08733814816936948
separacion:4091,2026-0002513,SL-702,SL,2026-04-03,21,2026-05-03,0,cross_regime_pre2026_to_post2026,logistic_regression,0.14370968955800165
separacion:4093,2026-0002593,NP-A2403,NP,2026-04-03,21,2026-05-03,0,cross_regime_pre2026_to_post2026,logistic_regression,0.10902832500591102
separacion:4140,2026-0003067,GY-14,GY,2026-04-03,14,2026-05-03,0,cross_regime_pre2026_to_post2026,logistic_regression,0.07109423698206625
separacion:4191,2026-0003242,NP-A2005,NP,2026-04-03,7,2026-05-03,0,cross_regime_pre2026_to_post2026,logistic_regression,0.11000732519125556
separacion:3837,2026-0000095,NP-A-E27,NP,2026-04-04,90,2026-05-04,0,cross_regime_pre2026_to_post2026,logistic_regression,0.03623945209280657
separacion:3838,2026-0000102,EEUU-E40,EEUU,2026-04-04,90,2026-05-04,0,cross_regime_pre2026_to_post2026,logistic_regression,0.08408502113620235
separacion:3904,2026-0000701,EEUU-E14,EEUU,2026-04-04,75,2026-05-04,0,cross_regime_pre2026_to_post2026,logistic_regression,0.08491708236436085
separacion:3974,2026-0001297,GY-25,GY,2026-04-04,60,2026-05-04,0,cross_regime_pre2026_to_post2026,logistic_regression,0.06835513131748808
separacion:3976,2026-0001320,GY-21,GY,2026-04-04,60,2026-05-04,0,cross_regime_pre2026_to_post2026,logistic_regression,0.06835513131748808
separacion:4106,2026-0002781,FX-E16,FX,2026-04-04,21,2026-05-04,0,cross_regime_pre2026_to_post2026,logistic_regression,0.0490585131473945
separacion:4192,2026-0003243,CP-B1306,CP,2026-04-04,7,2026-05-04,0,cross_regime_pre2026_to_post2026,logistic_regression,0.28734902051692573
separacion:4193,2026-0003246,NP-A-E138,NP,2026-04-04,7,2026-05-04,0,cross_regime_pre2026_to_post2026,logistic_regression,0.038376428229091805
separacion:4209,2026-0003385,NP-A2710,NP,2026-04-04,0,2026-05-04,0,cross_regime_pre2026_to_post2026,logistic_regression,0.1095938092752278
separacion:3909,2026-0000732,EEUU-D16,EEUU,2026-04-05,75,2026-05-05,0,cross_regime_pre2026_to_post2026,logistic_regression,0.08423411722020051
separacion:4026,2026-0001742,CP-E27,CP,2026-04-05,45,2026-05-05,0,cross_regime_pre2026_to_post2026,logistic_regression,0.0510738225410766
separacion:4107,2026-0002813,GY-303,GY,2026-04-05,21,2026-05-05,0,cross_regime_pre2026_to_post2026,logistic_regression,0.18659984837092833
separacion:4109,2026-0002890,MT-A57,MT,2026-04-05,21,2026-05-05,0,cross_regime_pre2026_to_post2026,logistic_regression,0.03002633452166671
separacion:4117,2026-0002964,FX-901,FX,2026-04-05,21,2026-05-05,1,cross_regime_pre2026_to_post2026,logistic_regression,0.1431411880625609
separacion:4145,2026-0003084,MD-2301,MD,2026-04-05,14,2026-05-05,0,cross_regime_pre2026_to_post2026,logistic_regression,0.16504924697140178
separacion:4148,2026-0003118,GY-43,GY,2026-04-05,14,2026-05-05,0,cross_regime_pre2026_to_post2026,logistic_regression,0.06988216322781454
separacion:4150,2026-0003125,NP-A1304,NP,2026-04-05,14,2026-05-05,0,cross_regime_pre2026_to_post2026,logistic_regression,0.10772569874636435
separacion:3865,2026-0000164,MD-E38,MD,2026-04-06,90,2026-05-06,0,cross_regime_pre2026_to_post2026,logistic_regression,0.06160761044629661
separacion:4080,2026-0002276,GY-1602,GY,2026-04-06,30,2026-05-06,1,cross_regime_pre2026_to_post2026,logistic_regression,0.194158749823448
separacion:4153,2026-0003145,GY-27,GY,2026-04-06,14,2026-05-06,0,cross_regime_pre2026_to_post2026,logistic_regression,0.07357680199091886
separacion:4156,2026-0003166,FX-1001,FX,2026-04-06,14,2026-05-06,0,cross_regime_pre2026_to_post2026,logistic_regression,0.15072540712520976
separacion:4202,2026-0003313,NP-A2203,NP,2026-04-06,7,2026-05-06,0,cross_regime_pre2026_to_post2026,logistic_regression,0.1136824135289058
separacion:4203,2026-0003315,NP-A2204,NP,2026-04-06,7,2026-05-06,0,cross_regime_pre2026_to_post2026,logistic_regression,0.1136824135289058
separacion:4210,2026-0003409,SL-E4,SL,2026-04-06,0,2026-05-06,0,cross_regime_pre2026_to_post2026,logistic_regression,0.05879905183697037
separacion:4213,2026-0003412,MT-A54,MT,2026-04-06,0,2026-05-06,0,cross_regime_pre2026_to_post2026,logistic_regression,0.03416956047768202
separacion:4214,2026-0003419,GY-8,GY,2026-04-06,0,2026-05-06,1,cross_regime_pre2026_to_post2026,logistic_regression,0.07426400501133021
separacion:4216,2026-0003420,CP-E87,CP,2026-04-06,0,2026-05-06,0,cross_regime_pre2026_to_post2026,logistic_regression,0.055498968285779354
separacion:3922,2026-0000826,MD-E43,MD,2026-04-07,75,2026-05-07,0,cross_regime_pre2026_to_post2026,logistic_regression,0.06169472042236399
separacion:3923,2026-0000825,MD-E36,MD,2026-04-07,75,2026-05-07,0,cross_regime_pre2026_to_post2026,logistic_regression,0.06169472042236399
separacion:3983,2026-0001402,SL-E8,SL,2026-04-07,60,2026-05-07,0,cross_regime_pre2026_to_post2026,logistic_regression,0.055972033131092884
separacion:4122,2026-0002991,GY-D7,GY,2026-04-07,21,2026-05-07,0,cross_regime_pre2026_to_post2026,logistic_regression,0.07263892944225801
separacion:4158,2026-0003168,EEUU-501,EEUU,2026-04-07,14,2026-05-07,0,cross_regime_pre2026_to_post2026,logistic_regression,0.23589175037874913
separacion:4163,2026-0003190,MD-E18,MD,2026-04-07,14,2026-05-07,0,cross_regime_pre2026_to_post2026,logistic_regression,0.06427582479296563
separacion:4207,2026-0003353,FX-1203,FX,2026-04-07,7,2026-05-07,0,cross_regime_pre2026_to_post2026,logistic_regression,0.15018466091357438
separacion:4217,2026-0003401,NP-A2110,NP,2026-04-07,0,2026-05-07,0,cross_regime_pre2026_to_post2026,logistic_regression,0.09797980671558659
separacion:4273,2026-0003451,CP-B1008,CP,2026-04-07,0,2026-05-07,0,cross_regime_pre2026_to_post2026,logistic_regression,0.15985662622194377
separacion:3931,2026-0000856,MT-A23,MT,2026-04-08,75,2026-05-08,0,cross_regime_pre2026_to_post2026,logistic_regression,0.03186289967509561
separacion:3989,2026-0001432,EEUU-D15,EEUU,2026-04-08,60,2026-05-08,0,cross_regime_pre2026_to_post2026,logistic_regression,0.08799179919281831
separacion:4130,2026-0003010,SL-1001,SL,2026-04-08,21,2026-05-08,1,cross_regime_pre2026_to_post2026,logistic_regression,0.1563916019750183
separacion:4131,2026-0003014,EEUU-E50,EEUU,2026-04-08,21,2026-05-08,0,cross_regime_pre2026_to_post2026,logistic_regression,0.09022677392467922
separacion:4164,2026-0003197,NP-A-E19,NP,2026-04-08,14,2026-05-08,0,cross_regime_pre2026_to_post2026,logistic_regression,0.039224122439253904
separacion:4287,2026-0003479,NP-A1704,NP,2026-04-08,0,2026-05-08,0,cross_regime_pre2026_to_post2026,logistic_regression,0.1123311926471511
separacion:4040,2026-0001859,TZ-17,TZ,2026-04-09,45,2026-05-09,0,cross_regime_pre2026_to_post2026,logistic_regression,0.07177145238292573
separacion:4136,2026-0003041,MT-A04,MT,2026-04-09,21,2026-05-09,0,cross_regime_pre2026_to_post2026,logistic_regression,0.03278464837790052
separacion:4166,2026-0003221,CP-E52,CP,2026-04-09,14,2026-05-09,0,cross_regime_pre2026_to_post2026,logistic_regression,0.053551095120697646
separacion:4288,2026-0003484,MT-A27,MT,2026-04-09,0,2026-05-09,0,cross_regime_pre2026_to_post2026,logistic_regression,0.03326550789621211
separacion:4290,2026-0003499,MT-A45,MT,2026-04-09,0,2026-05-09,0,cross_regime_pre2026_to_post2026,logistic_regression,0.03326550789621211
separacion:4044,2026-0001915,SL-1405,SL,2026-04-10,45,2026-05-10,0,cross_regime_pre2026_to_post2026,logistic_regression,0.15173799830630968
separacion:4045,2026-0001919,FX-E24,FX,2026-04-10,45,2026-05-10,1,cross_regime_pre2026_to_post2026,logistic_regression,0.04868853216655196
separacion:4140,2026-0003067,GY-14,GY,2026-04-10,21,2026-05-10,0,cross_regime_pre2026_to_post2026,logistic_regression,0.07076347429562631
separacion:4191,2026-0003242,NP-A2005,NP,2026-04-10,14,2026-05-10,0,cross_regime_pre2026_to_post2026,logistic_regression,0.10951686569913456
separacion:4295,2026-0003502,SL-E7,SL,2026-04-10,0,2026-05-10,0,cross_regime_pre2026_to_post2026,logistic_regression,0.0567845424400288
separacion:3950,2026-0001016,MD-E21,MD,2026-04-11,75,2026-05-11,0,cross_regime_pre2026_to_post2026,logistic_regression,0.059587283625464296
separacion:4050,2026-0001938,FX-1301,FX,2026-04-11,45,2026-05-11,1,cross_regime_pre2026_to_post2026,logistic_regression,0.14216774787052586
separacion:4088,2026-0002498,NP-A1601,NP,2026-04-11,30,2026-05-11,0,cross_regime_pre2026_to_post2026,logistic_regression,0.10751222468293667
separacion:4089,2026-0002499,NP-A1603,NP,2026-04-11,30,2026-05-11,0,cross_regime_pre2026_to_post2026,logistic_regression,0.10751222468293667
separacion:4192,2026-0003243,CP-B1306,CP,2026-04-11,14,2026-05-11,0,cross_regime_pre2026_to_post2026,logistic_regression,0.2863222634260791
separacion:4193,2026-0003246,NP-A-E138,NP,2026-04-11,14,2026-05-11,0,cross_regime_pre2026_to_post2026,logistic_regression,0.038191625259072125
separacion:4209,2026-0003385,NP-A2710,NP,2026-04-11,7,2026-05-11,0,cross_regime_pre2026_to_post2026,logistic_regression,0.10910496740092929
separacion:4297,2026-0003545,SL-1403,SL,2026-04-11,0,2026-05-11,0,cross_regime_pre2026_to_post2026,logistic_regression,0.15472442875807843
separacion:4091,2026-0002513,SL-702,SL,2026-04-12,30,2026-05-12,1,cross_regime_pre2026_to_post2026,logistic_regression,0.14066622884132332
separacion:4093,2026-0002593,NP-A2403,NP,2026-04-12,30,2026-05-12,0,cross_regime_pre2026_to_post2026,logistic_regression,0.10662788141817192
separacion:4145,2026-0003084,MD-2301,MD,2026-04-12,21,2026-05-12,0,cross_regime_pre2026_to_post2026,logistic_regression,0.16435870627139648
separacion:4148,2026-0003118,GY-43,GY,2026-04-12,21,2026-05-12,0,cross_regime_pre2026_to_post2026,logistic_regression,0.06955661740101997
separacion:4150,2026-0003125,NP-A1304,NP,2026-04-12,21,2026-05-12,0,cross_regime_pre2026_to_post2026,logistic_regression,0.10724418593388511
separacion:3954,2026-0001053,MT-A58,MT,2026-04-13,75,2026-05-13,0,cross_regime_pre2026_to_post2026,logistic_regression,0.032438544897869334
separacion:3956,2026-0001082,EEUU-D13,EEUU,2026-04-13,75,2026-05-13,0,cross_regime_pre2026_to_post2026,logistic_regression,0.08861524589622853
separacion:4106,2026-0002781,FX-E16,FX,2026-04-13,30,2026-05-13,0,cross_regime_pre2026_to_post2026,logistic_regression,0.050948746361035274
separacion:4153,2026-0003145,GY-27,GY,2026-04-13,21,2026-05-13,0,cross_regime_pre2026_to_post2026,logistic_regression,0.07323539989373117
separacion:4156,2026-0003166,FX-1001,FX,2026-04-13,21,2026-05-13,0,cross_regime_pre2026_to_post2026,logistic_regression,0.15008402286245065
separacion:4202,2026-0003313,NP-A2203,NP,2026-04-13,14,2026-05-13,0,cross_regime_pre2026_to_post2026,logistic_regression,0.1131776525725281
separacion:4203,2026-0003315,NP-A2204,NP,2026-04-13,14,2026-05-13,0,cross_regime_pre2026_to_post2026,logistic_regression,0.1131776525725281
separacion:4210,2026-0003409,SL-E4,SL,2026-04-13,7,2026-05-13,0,cross_regime_pre2026_to_post2026,logistic_regression,0.05852188811079818
separacion:4213,2026-0003412,MT-A54,MT,2026-04-13,7,2026-05-13,0,cross_regime_pre2026_to_post2026,logistic_regression,0.03400429945853523
separacion:4216,2026-0003420,CP-E87,CP,2026-04-13,7,2026-05-13,0,cross_regime_pre2026_to_post2026,logistic_regression,0.05523644738786134
separacion:4298,2026-0003517,NP-A2310,NP,2026-04-13,0,2026-05-13,0,cross_regime_pre2026_to_post2026,logistic_regression,0.09181980998971084
separacion:4299,2026-0003613,NP-A701,NP,2026-04-13,0,2026-05-13,1,cross_regime_pre2026_to_post2026,logistic_regression,0.11418913580128215
separacion:4002,2026-0001591,MT-A09,MT,2026-04-14,60,2026-05-14,0,cross_regime_pre2026_to_post2026,logistic_regression,0.032485839117636375
separacion:4107,2026-0002813,GY-303,GY,2026-04-14,30,2026-05-14,0,cross_regime_pre2026_to_post2026,logistic_regression,0.19271559089122817
separacion:4109,2026-0002890,MT-A57,MT,2026-04-14,30,2026-05-14,0,cross_regime_pre2026_to_post2026,logistic_regression,0.031207319867385
separacion:4158,2026-0003168,EEUU-501,EEUU,2026-04-14,21,2026-05-14,0,cross_regime_pre2026_to_post2026,logistic_regression,0.23498823258647947
separacion:4163,2026-0003190,MD-E18,MD,2026-04-14,21,2026-05-14,0,cross_regime_pre2026_to_post2026,logistic_regression,0.06397459970976181
separacion:4273,2026-0003451,CP-B1008,CP,2026-04-14,7,2026-05-14,0,cross_regime_pre2026_to_post2026,logistic_regression,0.1591836687460365
separacion:4300,2026-0003625,FX-1601,FX,2026-04-14,0,2026-05-14,0,cross_regime_pre2026_to_post2026,logistic_regression,0.15082639893158045
separacion:4301,2026-0003630,NP-A-E08,NP,2026-04-14,0,2026-05-14,0,cross_regime_pre2026_to_post2026,logistic_regression,0.03761020133620962
separacion:4304,2026-0003643,NP-A1701,NP,2026-04-14,0,2026-05-14,0,cross_regime_pre2026_to_post2026,logistic_regression,0.11325684099999334
separacion:4006,2026-0001533,SL-1305,SL,2026-04-15,60,2026-05-15,1,cross_regime_pre2026_to_post2026,logistic_regression,0.11534739094422183
separacion:4164,2026-0003197,NP-A-E19,NP,2026-04-15,21,2026-05-15,0,cross_regime_pre2026_to_post2026,logistic_regression,0.03903540307509168
separacion:4287,2026-0003479,NP-A1704,NP,2026-04-15,7,2026-05-15,0,cross_regime_pre2026_to_post2026,logistic_regression,0.11183167424550501
separacion:3890,2026-0000526,MD-E58,MD,2026-04-16,90,2026-05-16,0,cross_regime_pre2026_to_post2026,logistic_regression,0.06002272161816145
separacion:4122,2026-0002991,GY-D7,GY,2026-04-16,30,2026-05-16,0,cross_regime_pre2026_to_post2026,logistic_regression,0.07097583767384003
separacion:4166,2026-0003221,CP-E52,CP,2026-04-16,21,2026-05-16,0,cross_regime_pre2026_to_post2026,logistic_regression,0.05329726811438356
separacion:4288,2026-0003484,MT-A27,MT,2026-04-16,7,2026-05-16,0,cross_regime_pre2026_to_post2026,logistic_regression,0.033104469457248244
separacion:4290,2026-0003499,MT-A45,MT,2026-04-16,7,2026-05-16,0,cross_regime_pre2026_to_post2026,logistic_regression,0.033104469457248244
separacion:3968,2026-0001236,NP-A-E61,NP,2026-04-17,75,2026-05-17,0,cross_regime_pre2026_to_post2026,logistic_regression,0.03694469066307262
separacion:3970,2026-0001264,MD-E22,MD,2026-04-17,75,2026-05-17,0,cross_regime_pre2026_to_post2026,logistic_regression,0.06010773418510698
separacion:4130,2026-0003010,SL-1001,SL,2026-04-17,30,2026-05-17,1,cross_regime_pre2026_to_post2026,logistic_regression,0.1531275942331591
separacion:4131,2026-0003014,EEUU-E50,EEUU,2026-04-17,30,2026-05-17,0,cross_regime_pre2026_to_post2026,logistic_regression,0.08819930073513421
separacion:4191,2026-0003242,NP-A2005,NP,2026-04-17,21,2026-05-17,0,cross_regime_pre2026_to_post2026,logistic_regression,0.10902832500591102
separacion:4295,2026-0003502,SL-E7,SL,2026-04-17,7,2026-05-17,0,cross_regime_pre2026_to_post2026,logistic_regression,0.05651630439768404
separacion:4014,2026-0001698,EEUU-E48,EEUU,2026-04-18,60,2026-05-18,0,cross_regime_pre2026_to_post2026,logistic_regression,0.08575660632243214
separacion:4136,2026-0003041,MT-A04,MT,2026-04-18,30,2026-05-18,0,cross_regime_pre2026_to_post2026,logistic_regression,0.032002544362499885
separacion:4192,2026-0003243,CP-B1306,CP,2026-04-18,21,2026-05-18,0,cross_regime_pre2026_to_post2026,logistic_regression,0.2852977064019376
separacion:4193,2026-0003246,NP-A-E138,NP,2026-04-18,21,2026-05-18,0,cross_regime_pre2026_to_post2026,logistic_regression,0.038007677040095326
separacion:4209,2026-0003385,NP-A2710,NP,2026-04-18,14,2026-05-18,0,cross_regime_pre2026_to_post2026,logistic_regression,0.10861804001041214
separacion:4297,2026-0003545,SL-1403,SL,2026-04-18,7,2026-05-18,0,cross_regime_pre2026_to_post2026,logistic_regression,0.15406911451055094
separacion:4332,2026-0003701,TZ-201,TZ,2026-04-18,0,2026-05-18,0,cross_regime_pre2026_to_post2026,logistic_regression,0.20395166231373552
separacion:4333,2026-0003716,GY-1301,GY,2026-04-18,0,2026-05-18,0,cross_regime_pre2026_to_post2026,logistic_regression,0.19031744604965076
separacion:4334,2026-0003726,SL-307,SL,2026-04-18,0,2026-05-18,0,cross_regime_pre2026_to_post2026,logistic_regression,0.15472442875807843
separacion:3904,2026-0000701,EEUU-E14,EEUU,2026-04-19,90,2026-05-19,0,cross_regime_pre2026_to_post2026,logistic_regression,0.08337537672499959
separacion:3974,2026-0001297,GY-25,GY,2026-04-19,75,2026-05-19,0,cross_regime_pre2026_to_post2026,logistic_regression,0.06709206898200204
separacion:3976,2026-0001320,GY-21,GY,2026-04-19,75,2026-05-19,0,cross_regime_pre2026_to_post2026,logistic_regression,0.06709206898200204
separacion:4140,2026-0003067,GY-14,GY,2026-04-19,30,2026-05-19,0,cross_regime_pre2026_to_post2026,logistic_regression,0.06914012031738782
separacion:3909,2026-0000732,EEUU-D16,EEUU,2026-04-20,90,2026-05-20,0,cross_regime_pre2026_to_post2026,logistic_regression,0.08775042300292228
separacion:4026,2026-0001742,CP-E27,CP,2026-04-20,60,2026-05-20,0,cross_regime_pre2026_to_post2026,logistic_regression,0.05328641743907392
separacion:4202,2026-0003313,NP-A2203,NP,2026-04-20,21,2026-05-20,0,cross_regime_pre2026_to_post2026,logistic_regression,0.1126748478884735
separacion:4203,2026-0003315,NP-A2204,NP,2026-04-20,21,2026-05-20,0,cross_regime_pre2026_to_post2026,logistic_regression,0.1126748478884735
separacion:4210,2026-0003409,SL-E4,SL,2026-04-20,14,2026-05-20,0,cross_regime_pre2026_to_post2026,logistic_regression,0.05824595001262312
separacion:4213,2026-0003412,MT-A54,MT,2026-04-20,14,2026-05-20,0,cross_regime_pre2026_to_post2026,logistic_regression,0.03383980971947421
separacion:4216,2026-0003420,CP-E87,CP,2026-04-20,14,2026-05-20,0,cross_regime_pre2026_to_post2026,logistic_regression,0.05497509598672468
separacion:4299,2026-0003613,NP-A701,NP,2026-04-20,7,2026-05-20,1,cross_regime_pre2026_to_post2026,logistic_regression,0.1136824135289058
separacion:4335,2026-0003784,NP-A1001,NP,2026-04-20,0,2026-05-20,0,cross_regime_pre2026_to_post2026,logistic_regression,0.11418913580128215
separacion:4145,2026-0003084,MD-2301,MD,2026-04-21,30,2026-05-21,0,cross_regime_pre2026_to_post2026,logistic_regression,0.16989776080174862
separacion:4148,2026-0003118,GY-43,GY,2026-04-21,30,2026-05-21,0,cross_regime_pre2026_to_post2026,logistic_regression,0.07217670052132164
separacion:4150,2026-0003125,NP-A1304,NP,2026-04-21,30,2026-05-21,1,cross_regime_pre2026_to_post2026,logistic_regression,0.11111436434688339
separacion:4300,2026-0003625,FX-1601,FX,2026-04-21,7,2026-05-21,0,cross_regime_pre2026_to_post2026,logistic_regression,0.15018466091357438
separacion:4301,2026-0003630,NP-A-E08,NP,2026-04-21,7,2026-05-21,0,cross_regime_pre2026_to_post2026,logistic_regression,0.03742894454087089
separacion:4304,2026-0003643,NP-A1701,NP,2026-04-21,7,2026-05-21,0,cross_regime_pre2026_to_post2026,logistic_regression,0.11275372924184128
separacion:4336,2026-0003787,FX-603,FX,2026-04-21,0,2026-05-21,1,cross_regime_pre2026_to_post2026,logistic_regression,0.140744117489185
separacion:4337,2026-0003807,CP-E60,CP,2026-04-21,0,2026-05-21,0,cross_regime_pre2026_to_post2026,logistic_regression,0.05501608746698256
separacion:3922,2026-0000826,MD-E43,MD,2026-04-22,90,2026-05-22,0,cross_regime_pre2026_to_post2026,logistic_regression,0.060546730540781996
separacion:3923,2026-0000825,MD-E36,MD,2026-04-22,90,2026-05-22,0,cross_regime_pre2026_to_post2026,logistic_regression,0.060546730540781996
separacion:3983,2026-0001402,SL-E8,SL,2026-04-22,75,2026-05-22,0,cross_regime_pre2026_to_post2026,logistic_regression,0.05492429546088148
separacion:4153,2026-0003145,GY-27,GY,2026-04-22,30,2026-05-22,0,cross_regime_pre2026_to_post2026,logistic_regression,0.07155970553474447
separacion:4287,2026-0003479,NP-A1704,NP,2026-04-22,14,2026-05-22,0,cross_regime_pre2026_to_post2026,logistic_regression,0.11133409852112433
separacion:4338,2026-0003832,NP-A1201,NP,2026-04-22,0,2026-05-22,0,cross_regime_pre2026_to_post2026,logistic_regression,0.1123311926471511
separacion:4341,2026-0003845,FX-502,FX,2026-04-22,0,2026-05-22,0,cross_regime_pre2026_to_post2026,logistic_regression,0.14964551286182728
separacion:4342,2026-0003842,FX-702,FX,2026-04-22,0,2026-05-22,0,cross_regime_pre2026_to_post2026,logistic_regression,0.14964551286182728
separacion:4343,2026-0003846,FX-E43,FX,2026-04-22,0,2026-05-22,0,cross_regime_pre2026_to_post2026,logistic_regression,0.051094561596489785
separacion:4345,2026-0003857,GY-801,GY,2026-04-22,0,2026-05-22,0,cross_regime_pre2026_to_post2026,logistic_regression,0.19463037684239412
separacion:4346,2026-0003858,NP-A2401,NP,2026-04-22,0,2026-05-22,0,cross_regime_pre2026_to_post2026,logistic_regression,0.1123311926471511
separacion:3931,2026-0000856,MT-A23,MT,2026-04-23,90,2026-05-23,0,cross_regime_pre2026_to_post2026,logistic_regression,0.03125151970289129
separacion:3989,2026-0001432,EEUU-D15,EEUU,2026-04-23,75,2026-05-23,0,cross_regime_pre2026_to_post2026,logistic_regression,0.0863995413953769
separacion:4163,2026-0003190,MD-E18,MD,2026-04-23,30,2026-05-23,0,cross_regime_pre2026_to_post2026,logistic_regression,0.062496511886779356
separacion:4288,2026-0003484,MT-A27,MT,2026-04-23,14,2026-05-23,0,cross_regime_pre2026_to_post2026,logistic_regression,0.03294418403929407
separacion:4290,2026-0003499,MT-A45,MT,2026-04-23,14,2026-05-23,0,cross_regime_pre2026_to_post2026,logistic_regression,0.03294418403929407
separacion:4352,2026-0003901,EEUU-503,EEUU,2026-04-23,0,2026-05-23,0,cross_regime_pre2026_to_post2026,logistic_regression,0.23437005955319692
separacion:4040,2026-0001859,TZ-17,TZ,2026-04-24,60,2026-05-24,0,cross_regime_pre2026_to_post2026,logistic_regression,0.07045003702439458
separacion:4164,2026-0003197,NP-A-E19,NP,2026-04-24,30,2026-05-24,0,cross_regime_pre2026_to_post2026,logistic_regression,0.038110057779108815
separacion:4295,2026-0003502,SL-E7,SL,2026-04-24,14,2026-05-24,0,cross_regime_pre2026_to_post2026,logistic_regression,0.05624925789025145
separacion:4355,2026-0003914,NP-A2407,NP,2026-04-24,0,2026-05-24,0,cross_regime_pre2026_to_post2026,logistic_regression,0.1104997085942889
separacion:4363,2026-0003941,GY-33,GY,2026-04-24,0,2026-05-24,0,cross_regime_pre2026_to_post2026,logistic_regression,0.07176004903933907
separacion:4045,2026-0001919,FX-E24,FX,2026-04-25,60,2026-05-25,1,cross_regime_pre2026_to_post2026,logistic_regression,0.04777023485664926
separacion:4166,2026-0003221,CP-E52,CP,2026-04-25,30,2026-05-25,0,cross_regime_pre2026_to_post2026,logistic_regression,0.052052153981973305
separacion:4209,2026-0003385,NP-A2710,NP,2026-04-25,21,2026-05-25,0,cross_regime_pre2026_to_post2026,logistic_regression,0.10813302197668041
separacion:4297,2026-0003545,SL-1403,SL,2026-04-25,14,2026-05-25,0,cross_regime_pre2026_to_post2026,logistic_regression,0.15341607200981255
separacion:4332,2026-0003701,TZ-201,TZ,2026-04-25,7,2026-05-25,0,cross_regime_pre2026_to_post2026,logistic_regression,0.20313795872820903
separacion:4334,2026-0003726,SL-307,SL,2026-04-25,7,2026-05-25,0,cross_regime_pre2026_to_post2026,logistic_regression,0.15406911451055094
separacion:4364,2026-0003960,SL-1306,SL,2026-04-25,0,2026-05-25,0,cross_regime_pre2026_to_post2026,logistic_regression,0.15472442875807843
separacion:4365,2026-0003981,TZ-19,TZ,2026-04-25,0,2026-05-25,0,cross_regime_pre2026_to_post2026,logistic_regression,0.07705569939183407
separacion:3950,2026-0001016,MD-E21,MD,2026-04-26,90,2026-05-26,0,cross_regime_pre2026_to_post2026,logistic_regression,0.05847606418478928
separacion:4050,2026-0001938,FX-1301,FX,2026-04-26,60,2026-05-26,1,cross_regime_pre2026_to_post2026,logistic_regression,0.13974536390574438
separacion:4088,2026-0002498,NP-A1601,NP,2026-04-26,45,2026-05-26,0,cross_regime_pre2026_to_post2026,logistic_regression,0.10560763771694652
separacion:4089,2026-0002499,NP-A1603,NP,2026-04-26,45,2026-05-26,0,cross_regime_pre2026_to_post2026,logistic_regression,0.10560763771694652
separacion:4191,2026-0003242,NP-A2005,NP,2026-04-26,30,2026-05-26,0,cross_regime_pre2026_to_post2026,logistic_regression,0.10662788141817192
separacion:4366,2026-0004062,NP-A2306,NP,2026-04-26,0,2026-05-26,0,cross_regime_pre2026_to_post2026,logistic_regression,0.10869442917717509
separacion:4091,2026-0002513,SL-702,SL,2026-04-27,45,2026-05-27,1,cross_regime_pre2026_to_post2026,logistic_regression,0.14616227182758829
separacion:4192,2026-0003243,CP-B1306,CP,2026-04-27,30,2026-05-27,0,cross_regime_pre2026_to_post2026,logistic_regression,0.2934810993576269
separacion:4193,2026-0003246,NP-A-E138,NP,2026-04-27,30,2026-05-27,0,cross_regime_pre2026_to_post2026,logistic_regression,0.0394898014119943
separacion:4210,2026-0003409,SL-E4,SL,2026-04-27,21,2026-05-27,0,cross_regime_pre2026_to_post2026,logistic_regression,0.05797123288365627
separacion:4213,2026-0003412,MT-A54,MT,2026-04-27,21,2026-05-27,0,cross_regime_pre2026_to_post2026,logistic_regression,0.03367608793125008
separacion:4216,2026-0003420,CP-E87,CP,2026-04-27,21,2026-05-27,0,cross_regime_pre2026_to_post2026,logistic_regression,0.05471490955504382
separacion:4367,2026-0004067,TZ-50,TZ,2026-04-27,0,2026-05-27,0,cross_regime_pre2026_to_post2026,logistic_regression,0.07587400013403271
separacion:4368,2026-0004009,MT-A901,MT,2026-04-27,0,2026-05-27,0,cross_regime_pre2026_to_post2026,logistic_regression,0.09100883626697145
separacion:3954,2026-0001053,MT-A58,MT,2026-04-28,90,2026-05-28,0,cross_regime_pre2026_to_post2026,logistic_regression,0.03181648253294462
separacion:3956,2026-0001082,EEUU-D13,EEUU,2026-04-28,90,2026-05-28,0,cross_regime_pre2026_to_post2026,logistic_regression,0.08701278285668176
separacion:4106,2026-0002781,FX-E16,FX,2026-04-28,45,2026-05-28,0,cross_regime_pre2026_to_post2026,logistic_regression,0.0499900600435089
separacion:4300,2026-0003625,FX-1601,FX,2026-04-28,14,2026-05-28,0,cross_regime_pre2026_to_post2026,logistic_regression,0.14954517251543611
separacion:4301,2026-0003630,NP-A-E08,NP,2026-04-28,14,2026-05-28,0,cross_regime_pre2026_to_post2026,logistic_regression,0.03724852747613552
separacion:4336,2026-0003787,FX-603,FX,2026-04-28,7,2026-05-28,1,cross_regime_pre2026_to_post2026,logistic_regression,0.1401381982404065
separacion:4337,2026-0003807,CP-E60,CP,2026-04-28,7,2026-05-28,0,cross_regime_pre2026_to_post2026,logistic_regression,0.05475571827143471
separacion:4370,2026-0004112,NP-A-E06,NP,2026-04-28,0,2026-05-28,0,cross_regime_pre2026_to_post2026,logistic_regression,0.03995751882291634
separacion:4002,2026-0001591,MT-A09,MT,2026-04-29,75,2026-05-29,0,cross_regime_pre2026_to_post2026,logistic_regression,0.03186289967509561
separacion:4107,2026-0002813,GY-303,GY,2026-04-29,45,2026-05-29,0,cross_regime_pre2026_to_post2026,logistic_regression,0.1896223111013653
separacion:4109,2026-0002890,MT-A57,MT,2026-04-29,45,2026-05-29,1,cross_regime_pre2026_to_post2026,logistic_regression,0.03060812135445836
separacion:4202,2026-0003313,NP-A2203,NP,2026-04-29,30,2026-05-29,0,cross_regime_pre2026_to_post2026,logistic_regression,0.11020405026641077
separacion:4203,2026-0003315,NP-A2204,NP,2026-04-29,30,2026-05-29,0,cross_regime_pre2026_to_post2026,logistic_regression,0.11020405026641077
separacion:4343,2026-0003846,FX-E43,FX,2026-04-29,7,2026-05-29,0,cross_regime_pre2026_to_post2026,logistic_regression,0.0508517527152299
separacion:4345,2026-0003857,GY-801,GY,2026-04-29,7,2026-05-29,0,cross_regime_pre2026_to_post2026,logistic_regression,0.19384480642535148
separacion:4371,2026-0004020,NP-A1801,NP,2026-04-29,0,2026-05-29,0,cross_regime_pre2026_to_post2026,logistic_regression,0.09028873437512398
separacion:4377,2026-0004146,CP-B1108,CP,2026-04-29,0,2026-05-29,0,cross_regime_pre2026_to_post2026,logistic_regression,0.1586182449861343
separacion:4288,2026-0003484,MT-A27,MT,2026-04-30,21,2026-05-30,0,cross_regime_pre2026_to_post2026,logistic_regression,0.03278464837790052
separacion:4290,2026-0003499,MT-A45,MT,2026-04-30,21,2026-05-30,0,cross_regime_pre2026_to_post2026,logistic_regression,0.03278464837790052
separacion:4352,2026-0003901,EEUU-503,EEUU,2026-04-30,7,2026-05-30,0,cross_regime_pre2026_to_post2026,logistic_regression,0.23347058932338727
separacion:4384,2026-0004153,CP-B705,CP,2026-04-30,0,2026-05-30,0,cross_regime_pre2026_to_post2026,logistic_regression,0.1573876600768447
separacion:4385,2026-0004150,GY-201,GY,2026-04-30,0,2026-05-30,0,cross_regime_pre2026_to_post2026,logistic_regression,0.19318455274847832
separacion:4122,2026-0002991,GY-D7,GY,2026-05-01,45,2026-05-31,0,cross_regime_pre2026_to_post2026,logistic_regression,0.06840812078338182
separacion:4295,2026-0003502,SL-E7,SL,2026-05-01,21,2026-05-31,0,cross_regime_pre2026_to_post2026,logistic_regression,0.054956396403436365
separacion:4363,2026-0003941,GY-33,GY,2026-05-01,7,2026-05-31,0,cross_regime_pre2026_to_post2026,logistic_regression,0.07013717442525894
separacion:4389,2026-0004188,SL-E1,SL,2026-05-01,0,2026-05-31,0,cross_regime_pre2026_to_post2026,logistic_regression,0.05574371154912383
separacion:4131,2026-0003014,EEUU-E50,EEUU,2026-05-02,45,2026-06-01,0,cross_regime_pre2026_to_post2026,logistic_regression,0.08506553848447199
separacion:4365,2026-0003981,TZ-19,TZ,2026-05-02,7,2026-06-01,0,cross_regime_pre2026_to_post2026,logistic_regression,0.07532278032774907
separacion:4393,2026-0004251,CP-B507,CP,2026-05-02,0,2026-06-01,0,cross_regime_pre2026_to_post2026,logistic_regression,0.15240037076210258
separacion:4394,2026-0004235,FX-304,FX,2026-05-02,0,2026-06-01,0,cross_regime_pre2026_to_post2026,logistic_regression,0.14371929117700089
separacion:4395,2026-0004267,GY-605,GY,2026-05-02,0,2026-06-01,0,cross_regime_pre2026_to_post2026,logistic_regression,0.1873150986062941
separacion:4553,2026-0005356,NP-A-E161,NP,2026-05-02,0,2026-06-01,0,cross_regime_pre2026_to_post2026,logistic_regression,0.03784186627032068
separacion:4014,2026-0001698,EEUU-E48,EEUU,2026-05-03,75,2026-06-02,0,cross_regime_pre2026_to_post2026,logistic_regression,0.08270176214604957
separacion:4136,2026-0003041,MT-A04,MT,2026-05-03,45,2026-06-02,0,cross_regime_pre2026_to_post2026,logistic_regression,0.03079803630204846
separacion:4366,2026-0004062,NP-A2306,NP,2026-05-03,7,2026-06-02,0,cross_regime_pre2026_to_post2026,logistic_regression,0.10633195609424341
separacion:4140,2026-0003067,GY-14,GY,2026-05-04,45,2026-06-03,0,cross_regime_pre2026_to_post2026,logistic_regression,0.07077584493784131
separacion:4367,2026-0004067,TZ-50,TZ,2026-05-04,7,2026-06-03,0,cross_regime_pre2026_to_post2026,logistic_regression,0.0741655209739956
separacion:4400,2026-0004310,NP-A-E134,NP,2026-05-04,0,2026-06-03,0,cross_regime_pre2026_to_post2026,logistic_regression,0.03956227290648507
separacion:4401,2026-0004311,MD-1901,MD,2026-05-04,0,2026-06-03,0,cross_regime_pre2026_to_post2026,logistic_regression,0.18329156884172507
separacion:4026,2026-0001742,CP-E27,CP,2026-05-05,75,2026-06-04,0,cross_regime_pre2026_to_post2026,logistic_regression,0.05132330275063348
separacion:4301,2026-0003630,NP-A-E08,NP,2026-05-05,21,2026-06-04,0,cross_regime_pre2026_to_post2026,logistic_regression,0.036375555562300606
separacion:4336,2026-0003787,FX-603,FX,2026-05-05,14,2026-06-04,1,cross_regime_pre2026_to_post2026,logistic_regression,0.13719749444947332
separacion:4337,2026-0003807,CP-E60,CP,2026-05-05,14,2026-06-04,0,cross_regime_pre2026_to_post2026,logistic_regression,0.053495239205237216
separacion:4370,2026-0004112,NP-A-E06,NP,2026-05-05,7,2026-06-04,0,cross_regime_pre2026_to_post2026,logistic_regression,0.03902363129559784
separacion:4402,2026-0004319,MD-1803,MD,2026-05-05,0,2026-06-04,0,cross_regime_pre2026_to_post2026,logistic_regression,0.1819109503126816
separacion:4403,2026-0004320,MD-E97,MD,2026-05-05,0,2026-06-04,0,cross_regime_pre2026_to_post2026,logistic_regression,0.06370300821956007
separacion:4405,2026-0004331,NP-A1501,NP,2026-05-05,0,2026-06-04,0,cross_regime_pre2026_to_post2026,logistic_regression,0.11130304916281328
separacion:4407,2026-0004338,NP-A2210,NP,2026-05-05,0,2026-06-04,0,cross_regime_pre2026_to_post2026,logistic_regression,0.11130304916281328
separacion:4148,2026-0003118,GY-43,GY,2026-05-06,45,2026-06-05,0,cross_regime_pre2026_to_post2026,logistic_regression,0.06956879285967789
separacion:4150,2026-0003125,NP-A1304,NP,2026-05-06,45,2026-06-05,1,cross_regime_pre2026_to_post2026,logistic_regression,0.10726219786552825
separacion:4210,2026-0003409,SL-E4,SL,2026-05-06,30,2026-06-05,0,cross_regime_pre2026_to_post2026,logistic_regression,0.05558540563839813
separacion:4213,2026-0003412,MT-A54,MT,2026-05-06,30,2026-06-05,0,cross_regime_pre2026_to_post2026,logistic_regression,0.03225589961779379
separacion:4216,2026-0003420,CP-E87,CP,2026-05-06,30,2026-06-05,0,cross_regime_pre2026_to_post2026,logistic_regression,0.05245563502567553
separacion:4343,2026-0003846,FX-E43,FX,2026-05-06,14,2026-06-05,0,cross_regime_pre2026_to_post2026,logistic_regression,0.04967642010492216
separacion:4345,2026-0003857,GY-801,GY,2026-05-06,14,2026-06-05,0,cross_regime_pre2026_to_post2026,logistic_regression,0.19002616823033414
separacion:4408,2026-0004330,SL-1308,SL,2026-05-06,0,2026-06-05,0,cross_regime_pre2026_to_post2026,logistic_regression,0.14543555258145346
separacion:4409,2026-0004351,SL-E47,SL,2026-05-06,0,2026-06-05,0,cross_regime_pre2026_to_post2026,logistic_regression,0.05672551604877643
separacion:4413,2026-0004374,MT-B24,MT,2026-05-06,0,2026-06-05,0,cross_regime_pre2026_to_post2026,logistic_regression,0.032934186214342256
separacion:4153,2026-0003145,GY-27,GY,2026-05-07,45,2026-06-06,0,cross_regime_pre2026_to_post2026,logistic_regression,0.068972434052932
separacion:4352,2026-0003901,EEUU-503,EEUU,2026-05-07,14,2026-06-06,0,cross_regime_pre2026_to_post2026,logistic_regression,0.2290931773331066
separacion:4384,2026-0004153,CP-B705,CP,2026-05-07,7,2026-06-06,0,cross_regime_pre2026_to_post2026,logistic_regression,0.15414987923756063
separacion:4385,2026-0004150,GY-201,GY,2026-05-07,7,2026-06-06,0,cross_regime_pre2026_to_post2026,logistic_regression,0.1893758657733768
separacion:4415,2026-0004385,EEUU-1404,EEUU,2026-05-07,0,2026-06-06,0,cross_regime_pre2026_to_post2026,logistic_regression,0.2308709179309989
separacion:4416,2026-0004370,TZ-106,TZ,2026-05-07,0,2026-06-06,0,cross_regime_pre2026_to_post2026,logistic_regression,0.19094698248717015
separacion:4417,2026-0004387,FX-405,FX,2026-05-07,0,2026-06-06,0,cross_regime_pre2026_to_post2026,logistic_regression,0.1460109945071346
separacion:4163,2026-0003190,MD-E18,MD,2026-05-08,45,2026-06-07,0,cross_regime_pre2026_to_post2026,logistic_regression,0.060215671500480863
separacion:4363,2026-0003941,GY-33,GY,2026-05-08,14,2026-06-07,0,cross_regime_pre2026_to_post2026,logistic_regression,0.06981052979332653
separacion:4389,2026-0004188,SL-E1,SL,2026-05-08,7,2026-06-07,0,cross_regime_pre2026_to_post2026,logistic_regression,0.05548010097048532
separacion:4040,2026-0001859,TZ-17,TZ,2026-05-09,75,2026-06-08,0,cross_regime_pre2026_to_post2026,logistic_regression,0.06789995192859438
separacion:4164,2026-0003197,NP-A-E19,NP,2026-05-09,45,2026-06-08,0,cross_regime_pre2026_to_post2026,logistic_regression,0.03668438741077313
separacion:4288,2026-0003484,MT-A27,MT,2026-05-09,30,2026-06-08,0,cross_regime_pre2026_to_post2026,logistic_regression,0.031400832246334553
separacion:4290,2026-0003499,MT-A45,MT,2026-05-09,30,2026-06-08,0,cross_regime_pre2026_to_post2026,logistic_regression,0.031400832246334553
separacion:4365,2026-0003981,TZ-19,TZ,2026-05-09,14,2026-06-08,0,cross_regime_pre2026_to_post2026,logistic_regression,0.07497393239429312
separacion:4393,2026-0004251,CP-B507,CP,2026-05-09,7,2026-06-08,0,cross_regime_pre2026_to_post2026,logistic_regression,0.1517531325810129
separacion:4394,2026-0004235,FX-304,FX,2026-05-09,7,2026-06-08,0,cross_regime_pre2026_to_post2026,logistic_regression,0.1431026966246006
separacion:4395,2026-0004267,GY-605,GY,2026-05-09,7,2026-06-08,0,cross_regime_pre2026_to_post2026,logistic_regression,0.18655221495692717
separacion:4422,2026-0004435,NP-A1810,NP,2026-05-09,0,2026-06-08,0,cross_regime_pre2026_to_post2026,logistic_regression,0.10015636119290847
separacion:4423,2026-0004300,MT-B1303,MT,2026-05-09,0,2026-06-08,0,cross_regime_pre2026_to_post2026,logistic_regression,0.1214087843462533
separacion:4553,2026-0005356,NP-A-E161,NP,2026-05-09,7,2026-06-08,0,cross_regime_pre2026_to_post2026,logistic_regression,0.03765953668922148
separacion:4166,2026-0003221,CP-E52,CP,2026-05-10,45,2026-06-09,0,cross_regime_pre2026_to_post2026,logistic_regression,0.05013210267972045
separacion:4295,2026-0003502,SL-E7,SL,2026-05-10,30,2026-06-09,0,cross_regime_pre2026_to_post2026,logistic_regression,0.05367471979205665
separacion:4366,2026-0004062,NP-A2306,NP,2026-05-10,14,2026-06-09,0,cross_regime_pre2026_to_post2026,logistic_regression,0.1058559339649054
separacion:4424,2026-0004451,SL-903,SL,2026-05-10,0,2026-06-09,0,cross_regime_pre2026_to_post2026,logistic_regression,0.1408971416717847
separacion:4088,2026-0002498,NP-A1601,NP,2026-05-11,60,2026-06-10,0,cross_regime_pre2026_to_post2026,logistic_regression,0.10800601126020143
separacion:4089,2026-0002499,NP-A1603,NP,2026-05-11,60,2026-06-10,0,cross_regime_pre2026_to_post2026,logistic_regression,0.10800601126020143
separacion:4191,2026-0003242,NP-A2005,NP,2026-05-11,45,2026-06-10,0,cross_regime_pre2026_to_post2026,logistic_regression,0.10904659998706762
separacion:4367,2026-0004067,TZ-50,TZ,2026-05-11,14,2026-06-10,0,cross_regime_pre2026_to_post2026,logistic_regression,0.07382160484924166
separacion:4400,2026-0004310,NP-A-E134,NP,2026-05-11,7,2026-06-10,0,cross_regime_pre2026_to_post2026,logistic_regression,0.0393719932672553
separacion:4401,2026-0004311,MD-1901,MD,2026-05-11,7,2026-06-10,0,cross_regime_pre2026_to_post2026,logistic_regression,0.18254139122646218
separacion:4427,2026-0004436,SL-808,SL,2026-05-11,0,2026-06-10,0,cross_regime_pre2026_to_post2026,logistic_regression,0.12849435865871792
separacion:4192,2026-0003243,CP-B1306,CP,2026-05-12,45,2026-06-11,0,cross_regime_pre2026_to_post2026,logistic_regression,0.2853360650025301
separacion:4193,2026-0003246,NP-A-E138,NP,2026-05-12,45,2026-06-11,0,cross_regime_pre2026_to_post2026,logistic_regression,0.038014555677804096
separacion:4337,2026-0003807,CP-E60,CP,2026-05-12,21,2026-06-11,0,cross_regime_pre2026_to_post2026,logistic_regression,0.053241662057181366
separacion:4370,2026-0004112,NP-A-E06,NP,2026-05-12,14,2026-06-11,0,cross_regime_pre2026_to_post2026,logistic_regression,0.038835837564816754
separacion:4402,2026-0004319,MD-1803,MD,2026-05-12,7,2026-06-11,0,cross_regime_pre2026_to_post2026,logistic_regression,0.18116516986876668
separacion:4403,2026-0004320,MD-E97,MD,2026-05-12,7,2026-06-11,0,cross_regime_pre2026_to_post2026,logistic_regression,0.06340428571062334
separacion:4407,2026-0004338,NP-A2210,NP,2026-05-12,7,2026-06-11,0,cross_regime_pre2026_to_post2026,logistic_regression,0.11080753202661464
separacion:4451,2026-0004523,NP-A-E154,NP,2026-05-12,0,2026-06-11,0,cross_regime_pre2026_to_post2026,logistic_regression,0.03921229607055663
separacion:4106,2026-0002781,FX-E16,FX,2026-05-13,60,2026-06-12,0,cross_regime_pre2026_to_post2026,logistic_regression,0.04814221034387671
separacion:4343,2026-0003846,FX-E43,FX,2026-05-13,21,2026-06-12,0,cross_regime_pre2026_to_post2026,logistic_regression,0.04943999931327046
separacion:4345,2026-0003857,GY-801,GY,2026-05-13,21,2026-06-12,0,cross_regime_pre2026_to_post2026,logistic_regression,0.18925481441814035
separacion:4408,2026-0004330,SL-1308,SL,2026-05-13,7,2026-06-12,0,cross_regime_pre2026_to_post2026,logistic_regression,0.1448128400612889
separacion:4409,2026-0004351,SL-E47,SL,2026-05-13,7,2026-06-12,0,cross_regime_pre2026_to_post2026,logistic_regression,0.05645754014482769
separacion:4413,2026-0004374,MT-B24,MT,2026-05-13,7,2026-06-12,0,cross_regime_pre2026_to_post2026,logistic_regression,0.03277469732760245
separacion:4452,2026-0004527,SL-207,SL,2026-05-13,0,2026-06-12,0,cross_regime_pre2026_to_post2026,logistic_regression,0.1557929735378739
separacion:4107,2026-0002813,GY-303,GY,2026-05-14,60,2026-06-13,0,cross_regime_pre2026_to_post2026,logistic_regression,0.18361060547234898
separacion:4109,2026-0002890,MT-A57,MT,2026-05-14,60,2026-06-13,1,cross_regime_pre2026_to_post2026,logistic_regression,0.0294544994542521
separacion:4202,2026-0003313,NP-A2203,NP,2026-05-14,45,2026-06-13,0,cross_regime_pre2026_to_post2026,logistic_regression,0.10637966606438579
separacion:4203,2026-0003315,NP-A2204,NP,2026-05-14,45,2026-06-13,0,cross_regime_pre2026_to_post2026,logistic_regression,0.10637966606438579
separacion:4301,2026-0003630,NP-A-E08,NP,2026-05-14,30,2026-06-13,0,cross_regime_pre2026_to_post2026,logistic_regression,0.035510932702086974
separacion:4352,2026-0003901,EEUU-503,EEUU,2026-05-14,21,2026-06-13,0,cross_regime_pre2026_to_post2026,logistic_regression,0.2282079224878017
separacion:4384,2026-0004153,CP-B705,CP,2026-05-14,14,2026-06-13,1,cross_regime_pre2026_to_post2026,logistic_regression,0.15349655652187436
separacion:4385,2026-0004150,GY-201,GY,2026-05-14,14,2026-06-13,0,cross_regime_pre2026_to_post2026,logistic_regression,0.188606536998434
separacion:4415,2026-0004385,EEUU-1404,EEUU,2026-05-14,7,2026-06-13,0,cross_regime_pre2026_to_post2026,logistic_regression,0.2299808429363046
separacion:4455,2026-0004548,NP-A1901,NP,2026-05-14,0,2026-06-13,0,cross_regime_pre2026_to_post2026,logistic_regression,0.1094862606999295
separacion:4457,2026-0004561,MT-B28,MT,2026-05-14,0,2026-06-13,0,cross_regime_pre2026_to_post2026,logistic_regression,0.030709603869051756
separacion:4363,2026-0003941,GY-33,GY,2026-05-15,21,2026-06-14,0,cross_regime_pre2026_to_post2026,logistic_regression,0.06948529274098271
separacion:4389,2026-0004188,SL-E1,SL,2026-05-15,14,2026-06-14,0,cross_regime_pre2026_to_post2026,logistic_regression,0.055217664101106075
separacion:4463,2026-0004597,TZ-40,TZ,2026-05-15,0,2026-06-14,0,cross_regime_pre2026_to_post2026,logistic_regression,0.07199927701888044
separacion:4464,2026-0004616,TZ-43,TZ,2026-05-15,0,2026-06-14,0,cross_regime_pre2026_to_post2026,logistic_regression,0.07199927701888044
separacion:4122,2026-0002991,GY-D7,GY,2026-05-16,60,2026-06-15,0,cross_regime_pre2026_to_post2026,logistic_regression,0.06714414987836773
separacion:4365,2026-0003981,TZ-19,TZ,2026-05-16,21,2026-06-15,0,cross_regime_pre2026_to_post2026,logistic_regression,0.07462656971443157
separacion:4393,2026-0004251,CP-B507,CP,2026-05-16,14,2026-06-15,0,cross_regime_pre2026_to_post2026,logistic_regression,0.15110815314532555
separacion:4394,2026-0004235,FX-304,FX,2026-05-16,14,2026-06-15,0,cross_regime_pre2026_to_post2026,logistic_regression,0.14248830723197067
separacion:4422,2026-0004435,NP-A1810,NP,2026-05-16,7,2026-06-15,0,cross_regime_pre2026_to_post2026,logistic_regression,0.0997049012064263
separacion:4423,2026-0004300,MT-B1303,MT,2026-05-16,7,2026-06-15,0,cross_regime_pre2026_to_post2026,logistic_regression,0.12087439612132976
separacion:4466,2026-0004655,NP-A1506,NP,2026-05-16,0,2026-06-15,0,cross_regime_pre2026_to_post2026,logistic_regression,0.10769553376032749
separacion:4468,2026-0004668,EEUU-203,EEUU,2026-05-16,0,2026-06-15,1,cross_regime_pre2026_to_post2026,logistic_regression,0.22760227944416025
separacion:4471,2026-0004712,FX-402,FX,2026-05-16,0,2026-06-15,1,cross_regime_pre2026_to_post2026,logistic_regression,0.14371929117700089
separacion:4553,2026-0005356,NP-A-E161,NP,2026-05-16,14,2026-06-15,0,cross_regime_pre2026_to_post2026,logistic_regression,0.03747805138864269
separacion:4131,2026-0003014,EEUU-E50,EEUU,2026-05-17,60,2026-06-16,0,cross_regime_pre2026_to_post2026,logistic_regression,0.08352138356505154
separacion:4366,2026-0004062,NP-A2306,NP,2026-05-17,21,2026-06-16,0,cross_regime_pre2026_to_post2026,logistic_regression,0.10538179157739819
separacion:4424,2026-0004451,SL-903,SL,2026-05-17,7,2026-06-16,0,cross_regime_pre2026_to_post2026,logistic_regression,0.1402906711967091
separacion:4472,2026-0004699,SL-908,SL,2026-05-17,0,2026-06-16,0,cross_regime_pre2026_to_post2026,logistic_regression,0.1408971416717847
separacion:4473,2026-0004716,NP-A2707,NP,2026-05-17,0,2026-06-16,0,cross_regime_pre2026_to_post2026,logistic_regression,0.0993257899417746
separacion:4474,2026-0004773,SL-1006,SL,2026-05-17,0,2026-06-16,0,cross_regime_pre2026_to_post2026,logistic_regression,0.15098845884710352
separacion:4475,2026-0004774,SL-406,SL,2026-05-17,0,2026-06-16,0,cross_regime_pre2026_to_post2026,logistic_regression,0.15098845884710352
separacion:4477,2026-0004791,SL-1302,SL,2026-05-17,0,2026-06-16,0,cross_regime_pre2026_to_post2026,logistic_regression,0.15098845884710352
separacion:4478,2026-0004831,SL-1506,SL,2026-05-17,0,2026-06-16,0,cross_regime_pre2026_to_post2026,logistic_regression,0.15098845884710352
separacion:4479,2026-0004836,GY-1603,GY,2026-05-17,0,2026-06-16,0,cross_regime_pre2026_to_post2026,logistic_regression,0.18591107224184755
separacion:4480,2026-0004850,MD-1403,MD,2026-05-17,0,2026-06-16,0,cross_regime_pre2026_to_post2026,logistic_regression,0.17512909929878534
separacion:4481,2026-0004572,FX-901,FX,2026-05-17,0,2026-06-16,1,cross_regime_pre2026_to_post2026,logistic_regression,0.11537730227348815
separacion:4482,2026-0004857,NP-A1008,NP,2026-05-17,0,2026-06-16,1,cross_regime_pre2026_to_post2026,logistic_regression,0.10680986313392042
separacion:4483,2026-0004861,NP-A2608,NP,2026-05-17,0,2026-06-16,0,cross_regime_pre2026_to_post2026,logistic_regression,0.10680986313392042
separacion:4136,2026-0003041,MT-A04,MT,2026-05-18,60,2026-06-17,0,cross_regime_pre2026_to_post2026,logistic_regression,0.03216202452556202
separacion:4367,2026-0004067,TZ-50,TZ,2026-05-18,21,2026-06-17,0,cross_regime_pre2026_to_post2026,logistic_regression,0.07347915694183875
separacion:4400,2026-0004310,NP-A-E134,NP,2026-05-18,14,2026-06-17,0,cross_regime_pre2026_to_post2026,logistic_regression,0.039182591465496075
separacion:4427,2026-0004436,SL-808,SL,2026-05-18,7,2026-06-17,0,cross_regime_pre2026_to_post2026,logistic_regression,0.12793332412696184
separacion:4484,2026-0004638,CP-E18,CP,2026-05-18,0,2026-06-17,0,cross_regime_pre2026_to_post2026,logistic_regression,0.049600123145327794
separacion:4486,2026-0004887,MT-A701,MT,2026-05-18,0,2026-06-17,0,cross_regime_pre2026_to_post2026,logistic_regression,0.09621623314667974
separacion:4495,2026-0004886,NP-A904,NP,2026-05-18,0,2026-06-17,0,cross_regime_pre2026_to_post2026,logistic_regression,0.1122212963378529
separacion:4498,2026-0004746,NP-A2706,NP,2026-05-18,0,2026-06-17,0,cross_regime_pre2026_to_post2026,logistic_regression,0.10440236935637676
separacion:4140,2026-0003067,GY-14,GY,2026-05-19,60,2026-06-18,0,cross_regime_pre2026_to_post2026,logistic_regression,0.06947138822632855
separacion:4370,2026-0004112,NP-A-E06,NP,2026-05-19,21,2026-06-18,0,cross_regime_pre2026_to_post2026,logistic_regression,0.03864891120909396
separacion:4403,2026-0004320,MD-E97,MD,2026-05-19,14,2026-06-18,0,cross_regime_pre2026_to_post2026,logistic_regression,0.06310686958655448
separacion:4407,2026-0004338,NP-A2210,NP,2026-05-19,14,2026-06-18,0,cross_regime_pre2026_to_post2026,logistic_regression,0.11031394708094214
separacion:4451,2026-0004523,NP-A-E154,NP,2026-05-19,7,2026-06-18,0,cross_regime_pre2026_to_post2026,logistic_regression,0.03902363129559784
separacion:4502,2026-0004895,NP-A802,NP,2026-05-19,0,2026-06-18,0,cross_regime_pre2026_to_post2026,logistic_regression,0.11130304916281328
separacion:4409,2026-0004351,SL-E47,SL,2026-05-20,14,2026-06-19,0,cross_regime_pre2026_to_post2026,logistic_regression,0.0561907547687322
separacion:4413,2026-0004374,MT-B24,MT,2026-05-20,14,2026-06-19,0,cross_regime_pre2026_to_post2026,logistic_regression,0.03261595474163018
separacion:4452,2026-0004527,SL-207,SL,2026-05-20,7,2026-06-19,0,cross_regime_pre2026_to_post2026,logistic_regression,0.15513396421462847
separacion:4505,2026-0004947,MT-A1002,MT,2026-05-20,0,2026-06-19,0,cross_regime_pre2026_to_post2026,logistic_regression,0.09461948592027077
separacion:4148,2026-0003118,GY-43,GY,2026-05-21,60,2026-06-20,0,cross_regime_pre2026_to_post2026,logistic_regression,0.06828494826578628
separacion:4210,2026-0003409,SL-E4,SL,2026-05-21,45,2026-06-20,0,cross_regime_pre2026_to_post2026,logistic_regression,0.054544487070948965
separacion:4213,2026-0003412,MT-A54,MT,2026-05-21,45,2026-06-20,0,cross_regime_pre2026_to_post2026,logistic_regression,0.03163722525088845
separacion:4216,2026-0003420,CP-E87,CP,2026-05-21,45,2026-06-20,0,cross_regime_pre2026_to_post2026,logistic_regression,0.051470131828964254
separacion:4337,2026-0003807,CP-E60,CP,2026-05-21,30,2026-06-20,0,cross_regime_pre2026_to_post2026,logistic_regression,0.05199777562554243
separacion:4384,2026-0004153,CP-B705,CP,2026-05-21,21,2026-06-20,1,cross_regime_pre2026_to_post2026,logistic_regression,0.1528455023911124
separacion:4385,2026-0004150,GY-201,GY,2026-05-21,21,2026-06-20,0,cross_regime_pre2026_to_post2026,logistic_regression,0.1878396093641659
separacion:4415,2026-0004385,EEUU-1404,EEUU,2026-05-21,14,2026-06-20,0,cross_regime_pre2026_to_post2026,logistic_regression,0.2290931773331066
separacion:4455,2026-0004548,NP-A1901,NP,2026-05-21,7,2026-06-20,0,cross_regime_pre2026_to_post2026,logistic_regression,0.10899783982061083
separacion:4457,2026-0004561,MT-B28,MT,2026-05-21,7,2026-06-20,0,cross_regime_pre2026_to_post2026,logistic_regression,0.030560547428878804
separacion:4508,2026-0004899,FX-605,FX,2026-05-21,0,2026-06-20,0,cross_regime_pre2026_to_post2026,logistic_regression,0.12694831873378715
separacion:4153,2026-0003145,GY-27,GY,2026-05-22,60,2026-06-21,0,cross_regime_pre2026_to_post2026,logistic_regression,0.06769879409397264
separacion:4343,2026-0003846,FX-E43,FX,2026-05-22,30,2026-06-21,0,cross_regime_pre2026_to_post2026,logistic_regression,0.048280401898987295
separacion:4345,2026-0003857,GY-801,GY,2026-05-22,30,2026-06-21,0,cross_regime_pre2026_to_post2026,logistic_regression,0.18545570842441367
separacion:4389,2026-0004188,SL-E1,SL,2026-05-22,21,2026-06-21,0,cross_regime_pre2026_to_post2026,logistic_regression,0.054956396403436365
separacion:4463,2026-0004597,TZ-40,TZ,2026-05-22,7,2026-06-21,0,cross_regime_pre2026_to_post2026,logistic_regression,0.07166462852522884
separacion:4464,2026-0004616,TZ-43,TZ,2026-05-22,7,2026-06-21,0,cross_regime_pre2026_to_post2026,logistic_regression,0.07166462852522884
separacion:4511,2026-0004992,CP-B1207,CP,2026-05-22,0,2026-06-21,0,cross_regime_pre2026_to_post2026,logistic_regression,0.1535990692896934
separacion:4163,2026-0003190,MD-E18,MD,2026-05-23,60,2026-06-22,0,cross_regime_pre2026_to_post2026,logistic_regression,0.05909346987365633
separacion:4352,2026-0003901,EEUU-503,EEUU,2026-05-23,30,2026-06-22,1,cross_regime_pre2026_to_post2026,logistic_regression,0.22384276216741655
separacion:4394,2026-0004235,FX-304,FX,2026-05-23,21,2026-06-22,0,cross_regime_pre2026_to_post2026,logistic_regression,0.1418761188884547
separacion:4468,2026-0004668,EEUU-203,EEUU,2026-05-23,7,2026-06-22,1,cross_regime_pre2026_to_post2026,logistic_regression,0.22672109136610738
separacion:4512,2026-0004858,SL-1008,SL,2026-05-23,0,2026-06-22,0,cross_regime_pre2026_to_post2026,logistic_regression,0.09943176162443099
separacion:4553,2026-0005356,NP-A-E161,NP,2026-05-23,21,2026-06-22,0,cross_regime_pre2026_to_post2026,logistic_regression,0.03729740678823956
separacion:4164,2026-0003197,NP-A-E19,NP,2026-05-24,60,2026-06-23,0,cross_regime_pre2026_to_post2026,logistic_regression,0.03598393211780765
separacion:4288,2026-0003484,MT-A27,MT,2026-05-24,45,2026-06-23,0,cross_regime_pre2026_to_post2026,logistic_regression,0.03079803630204846
separacion:4290,2026-0003499,MT-A45,MT,2026-05-24,45,2026-06-23,0,cross_regime_pre2026_to_post2026,logistic_regression,0.03079803630204846
separacion:4363,2026-0003941,GY-33,GY,2026-05-24,30,2026-06-23,0,cross_regime_pre2026_to_post2026,logistic_regression,0.06788911871606
separacion:4424,2026-0004451,SL-903,SL,2026-05-24,14,2026-06-23,0,cross_regime_pre2026_to_post2026,logistic_regression,0.13968638673269929
separacion:4472,2026-0004699,SL-908,SL,2026-05-24,7,2026-06-23,0,cross_regime_pre2026_to_post2026,logistic_regression,0.1402906711967091
separacion:4474,2026-0004773,SL-1006,SL,2026-05-24,7,2026-06-23,0,cross_regime_pre2026_to_post2026,logistic_regression,0.1503461533766355
separacion:4475,2026-0004774,SL-406,SL,2026-05-24,7,2026-06-23,0,cross_regime_pre2026_to_post2026,logistic_regression,0.1503461533766355
separacion:4477,2026-0004791,SL-1302,SL,2026-05-24,7,2026-06-23,0,cross_regime_pre2026_to_post2026,logistic_regression,0.1503461533766355
separacion:4479,2026-0004836,GY-1603,GY,2026-05-24,7,2026-06-23,0,cross_regime_pre2026_to_post2026,logistic_regression,0.1851526040394794
separacion:4480,2026-0004850,MD-1403,MD,2026-05-24,7,2026-06-23,1,cross_regime_pre2026_to_post2026,logistic_regression,0.17440519508228877
separacion:4483,2026-0004861,NP-A2608,NP,2026-05-24,7,2026-06-23,0,cross_regime_pre2026_to_post2026,logistic_regression,0.10633195609424341
separacion:4166,2026-0003221,CP-E52,CP,2026-05-25,60,2026-06-24,0,cross_regime_pre2026_to_post2026,logistic_regression,0.05230614962820311
separacion:4295,2026-0003502,SL-E7,SL,2026-05-25,45,2026-06-24,0,cross_regime_pre2026_to_post2026,logistic_regression,0.05599334086786777
separacion:4365,2026-0003981,TZ-19,TZ,2026-05-25,30,2026-06-24,0,cross_regime_pre2026_to_post2026,logistic_regression,0.07742173849946848
separacion:4400,2026-0004310,NP-A-E134,NP,2026-05-25,21,2026-06-24,0,cross_regime_pre2026_to_post2026,logistic_regression,0.038994063809841994
separacion:4427,2026-0004436,SL-808,SL,2026-05-25,14,2026-06-24,0,cross_regime_pre2026_to_post2026,logistic_regression,0.12737438117516223
separacion:4484,2026-0004638,CP-E18,CP,2026-05-25,7,2026-06-24,0,cross_regime_pre2026_to_post2026,logistic_regression,0.049364046605609134
separacion:4486,2026-0004887,MT-A701,MT,2026-05-25,7,2026-06-24,0,cross_regime_pre2026_to_post2026,logistic_regression,0.09578064305643054
separacion:4495,2026-0004886,NP-A904,NP,2026-05-25,7,2026-06-24,0,cross_regime_pre2026_to_post2026,logistic_regression,0.11172220512033273
separacion:4498,2026-0004746,NP-A2706,NP,2026-05-25,7,2026-06-24,0,cross_regime_pre2026_to_post2026,logistic_regression,0.10393398087779625
separacion:4513,2026-0004955,MT-A1206,MT,2026-05-25,0,2026-06-24,0,cross_regime_pre2026_to_post2026,logistic_regression,0.07149497433210271
separacion:4191,2026-0003242,NP-A2005,NP,2026-05-26,60,2026-06-25,1,cross_regime_pre2026_to_post2026,logistic_regression,0.10711809383404072
separacion:4403,2026-0004320,MD-E97,MD,2026-05-26,21,2026-06-25,0,cross_regime_pre2026_to_post2026,logistic_regression,0.0628107550183206
separacion:4451,2026-0004523,NP-A-E154,NP,2026-05-26,14,2026-06-25,0,cross_regime_pre2026_to_post2026,logistic_regression,0.038835837564816754
separacion:4528,2026-0005078,SL-1206,SL,2026-05-26,0,2026-06-25,0,cross_regime_pre2026_to_post2026,logistic_regression,0.15701341329538832
separacion:4192,2026-0003243,CP-B1306,CP,2026-05-27,60,2026-06-26,0,cross_regime_pre2026_to_post2026,logistic_regression,0.2812741125729239
separacion:4193,2026-0003246,NP-A-E138,NP,2026-05-27,60,2026-06-26,0,cross_regime_pre2026_to_post2026,logistic_regression,0.03728968518515733
separacion:4367,2026-0004067,TZ-50,TZ,2026-05-27,30,2026-06-26,0,cross_regime_pre2026_to_post2026,logistic_regression,0.07179831728543554
separacion:4409,2026-0004351,SL-E47,SL,2026-05-27,21,2026-06-26,0,cross_regime_pre2026_to_post2026,logistic_regression,0.055925155342692566
separacion:4413,2026-0004374,MT-B24,MT,2026-05-27,21,2026-06-26,0,cross_regime_pre2026_to_post2026,logistic_regression,0.03245795521602257
separacion:4532,2026-0005086,NP-A2807,NP,2026-05-27,0,2026-06-26,0,cross_regime_pre2026_to_post2026,logistic_regression,0.11039138124175199
separacion:4106,2026-0002781,FX-E16,FX,2026-05-28,75,2026-06-27,0,cross_regime_pre2026_to_post2026,logistic_regression,0.04723370541342278
separacion:4370,2026-0004112,NP-A-E06,NP,2026-05-28,30,2026-06-27,0,cross_regime_pre2026_to_post2026,logistic_regression,0.03773236806949825
separacion:4455,2026-0004548,NP-A1901,NP,2026-05-28,14,2026-06-27,0,cross_regime_pre2026_to_post2026,logistic_regression,0.10851133229950237
separacion:4457,2026-0004561,MT-B28,MT,2026-05-28,14,2026-06-27,0,cross_regime_pre2026_to_post2026,logistic_regression,0.03041219177019749
separacion:4107,2026-0002813,GY-303,GY,2026-05-29,75,2026-06-28,1,cross_regime_pre2026_to_post2026,logistic_regression,0.18063076996395006
separacion:4202,2026-0003313,NP-A2203,NP,2026-05-29,60,2026-06-28,0,cross_regime_pre2026_to_post2026,logistic_regression,0.10449279343220864
separacion:4203,2026-0003315,NP-A2204,NP,2026-05-29,60,2026-06-28,0,cross_regime_pre2026_to_post2026,logistic_regression,0.10449279343220864
separacion:4301,2026-0003630,NP-A-E08,NP,2026-05-29,45,2026-06-28,0,cross_regime_pre2026_to_post2026,logistic_regression,0.03483207329838176
separacion:4463,2026-0004597,TZ-40,TZ,2026-05-29,14,2026-06-28,0,cross_regime_pre2026_to_post2026,logistic_regression,0.07133141589954159
separacion:4464,2026-0004616,TZ-43,TZ,2026-05-29,14,2026-06-28,0,cross_regime_pre2026_to_post2026,logistic_regression,0.07133141589954159
separacion:4542,2026-0005156,NP-A2601,NP,2026-05-29,0,2026-06-28,1,cross_regime_pre2026_to_post2026,logistic_regression,0.10858765556262094
separacion:4384,2026-0004153,CP-B705,CP,2026-05-30,30,2026-06-29,1,cross_regime_pre2026_to_post2026,logistic_regression,0.14964237624007282
separacion:4468,2026-0004668,EEUU-203,EEUU,2026-05-30,14,2026-06-29,1,cross_regime_pre2026_to_post2026,logistic_regression,0.22584231738011046
separacion:4544,2026-0005233,NP-A2104,NP,2026-05-30,0,2026-06-29,0,cross_regime_pre2026_to_post2026,logistic_regression,0.10769553376032749
separacion:4122,2026-0002991,GY-D7,GY,2026-05-31,75,2026-06-30,0,cross_regime_pre2026_to_post2026,logistic_regression,0.06590188114528811
separacion:4389,2026-0004188,SL-E1,SL,2026-05-31,30,2026-06-30,0,cross_regime_pre2026_to_post2026,logistic_regression,0.05367471979205665
separacion:4479,2026-0004836,GY-1603,GY,2026-05-31,14,2026-06-30,0,cross_regime_pre2026_to_post2026,logistic_regression,0.1843965292967242
separacion:4480,2026-0004850,MD-1403,MD,2026-05-31,14,2026-06-30,1,cross_regime_pre2026_to_post2026,logistic_regression,0.17368365310461292
separacion:4546,2026-0005276,NP-A-E158,NP,2026-05-31,0,2026-06-30,1,cross_regime_pre2026_to_post2026,logistic_regression,0.03750651421290524
separacion:4547,2026-0005274,NP-A2102,NP,2026-05-31,0,2026-06-30,0,cross_regime_pre2026_to_post2026,logistic_regression,0.10680986313392042
separacion:4131,2026-0003014,EEUU-E50,EEUU,2026-06-01,75,2026-07-01,0,cross_regime_pre2026_to_post2026,logistic_regression,0.08546610345409655
separacion:4484,2026-0004638,CP-E18,CP,2026-06-01,14,2026-07-01,0,cross_regime_pre2026_to_post2026,logistic_regression,0.048221352293651994
separacion:4553,2026-0005356,NP-A-E161,NP,2026-06-01,30,2026-07-01,0,cross_regime_pre2026_to_post2026,logistic_regression,0.03802930265282359
separacion:4136,2026-0003041,MT-A04,MT,2026-06-02,75,2026-07-02,0,cross_regime_pre2026_to_post2026,logistic_regression,0.030951705898920875
separacion:4451,2026-0004523,NP-A-E154,NP,2026-06-02,21,2026-07-02,0,cross_regime_pre2026_to_post2026,logistic_regression,0.03792713030428371
separacion:4528,2026-0005078,SL-1206,SL,2026-06-02,7,2026-07-02,0,cross_regime_pre2026_to_post2026,logistic_regression,0.15378192634892643
separacion:4551,2026-0005345,MD-1202,MD,2026-06-02,0,2026-07-02,0,cross_regime_pre2026_to_post2026,logistic_regression,0.1790118992695165
separacion:4554,2026-0005178,MT-B1202,MT,2026-06-02,0,2026-07-02,0,cross_regime_pre2026_to_post2026,logistic_regression,0.06960317694501743
separacion:4555,2026-0005288,MD-E66,MD,2026-06-02,0,2026-07-02,0,cross_regime_pre2026_to_post2026,logistic_regression,0.05698478616117603
separacion:4140,2026-0003067,GY-14,GY,2026-06-03,75,2026-07-03,0,cross_regime_pre2026_to_post2026,logistic_regression,0.06695417579517192
separacion:4400,2026-0004310,NP-A-E134,NP,2026-06-03,30,2026-07-03,0,cross_regime_pre2026_to_post2026,logistic_regression,0.03735827607776843
separacion:4403,2026-0004320,MD-E97,MD,2026-06-04,30,2026-07-04,0,cross_regime_pre2026_to_post2026,logistic_regression,0.060238491643887185
separacion:4455,2026-0004548,NP-A1901,NP,2026-06-04,21,2026-07-04,0,cross_regime_pre2026_to_post2026,logistic_regression,0.1061523648645868
separacion:4457,2026-0004561,MT-B28,MT,2026-06-04,21,2026-07-04,0,cross_regime_pre2026_to_post2026,logistic_regression,0.02969449735129074
separacion:4563,2026-0005384,CP-B808,CP,2026-06-04,0,2026-07-04,0,cross_regime_pre2026_to_post2026,logistic_regression,0.15225799772823267
separacion:4564,2026-0005299,NP-A2507,NP,2026-06-04,0,2026-07-04,0,cross_regime_pre2026_to_post2026,logistic_regression,0.08020547853984789
separacion:4577,2026-0005381,NP-A1710,NP,2026-06-04,0,2026-07-04,0,cross_regime_pre2026_to_post2026,logistic_regression,0.10005703322748678
separacion:4148,2026-0003118,GY-43,GY,2026-06-05,75,2026-07-05,0,cross_regime_pre2026_to_post2026,logistic_regression,0.06580768483295178
separacion:4210,2026-0003409,SL-E4,SL,2026-06-05,60,2026-07-05,0,cross_regime_pre2026_to_post2026,logistic_regression,0.05253759616601238
separacion:4213,2026-0003412,MT-A54,MT,2026-06-05,60,2026-07-05,0,cross_regime_pre2026_to_post2026,logistic_regression,0.03044603456073751
separacion:4216,2026-0003420,CP-E87,CP,2026-06-05,60,2026-07-05,0,cross_regime_pre2026_to_post2026,logistic_regression,0.04957042694765814
separacion:4337,2026-0003807,CP-E60,CP,2026-06-05,45,2026-07-05,0,cross_regime_pre2026_to_post2026,logistic_regression,0.050079624212869496
separacion:4409,2026-0004351,SL-E47,SL,2026-06-05,30,2026-07-05,0,cross_regime_pre2026_to_post2026,logistic_regression,0.05361874223624978
separacion:4413,2026-0004374,MT-B24,MT,2026-06-05,30,2026-07-05,0,cross_regime_pre2026_to_post2026,logistic_regression,0.031087485354113986
separacion:4463,2026-0004597,TZ-40,TZ,2026-06-05,21,2026-07-05,0,cross_regime_pre2026_to_post2026,logistic_regression,0.06971750688594784
separacion:4464,2026-0004616,TZ-43,TZ,2026-06-05,21,2026-07-05,0,cross_regime_pre2026_to_post2026,logistic_regression,0.06971750688594784
separacion:4153,2026-0003145,GY-27,GY,2026-06-06,75,2026-07-06,0,cross_regime_pre2026_to_post2026,logistic_regression,0.06524130633831898
separacion:4343,2026-0003846,FX-E43,FX,2026-06-06,45,2026-07-06,0,cross_regime_pre2026_to_post2026,logistic_regression,0.046492655812489445
separacion:4468,2026-0004668,EEUU-203,EEUU,2026-06-06,21,2026-07-06,1,cross_regime_pre2026_to_post2026,logistic_regression,0.2215665886502147
separacion:4544,2026-0005233,NP-A2104,NP,2026-06-06,7,2026-07-06,0,cross_regime_pre2026_to_post2026,logistic_regression,0.10535220543007706
separacion:4581,2026-0005412,FX-402,FX,2026-06-06,0,2026-07-06,0,cross_regime_pre2026_to_post2026,logistic_regression,0.1317781096567674
separacion:4163,2026-0003190,MD-E18,MD,2026-06-07,75,2026-07-07,0,cross_regime_pre2026_to_post2026,logistic_regression,0.05692928344926953
separacion:4352,2026-0003901,EEUU-503,EEUU,2026-06-07,45,2026-07-07,1,cross_regime_pre2026_to_post2026,logistic_regression,0.21703670842159953
separacion:4479,2026-0004836,GY-1603,GY,2026-06-07,21,2026-07-07,0,cross_regime_pre2026_to_post2026,logistic_regression,0.18072229171362664
separacion:4480,2026-0004850,MD-1403,MD,2026-06-07,21,2026-07-07,1,cross_regime_pre2026_to_post2026,logistic_regression,0.17017833797709683
separacion:4546,2026-0005276,NP-A-E158,NP,2026-06-07,7,2026-07-07,1,cross_regime_pre2026_to_post2026,logistic_regression,0.036627726044989005
separacion:4547,2026-0005274,NP-A2102,NP,2026-06-07,7,2026-07-07,0,cross_regime_pre2026_to_post2026,logistic_regression,0.10448354941888072
separacion:4550,2026-0005313,MT-A1202,MT,2026-06-07,7,2026-07-07,0,cross_regime_pre2026_to_post2026,logistic_regression,0.08821369560055473
separacion:4164,2026-0003197,NP-A-E19,NP,2026-06-08,75,2026-07-08,0,cross_regime_pre2026_to_post2026,logistic_regression,0.03686631030210079
separacion:4288,2026-0003484,MT-A27,MT,2026-06-08,60,2026-07-08,0,cross_regime_pre2026_to_post2026,logistic_regression,0.03155741161678709
separacion:4290,2026-0003499,MT-A45,MT,2026-06-08,60,2026-07-08,0,cross_regime_pre2026_to_post2026,logistic_regression,0.03155741161678709
separacion:4363,2026-0003941,GY-33,GY,2026-06-08,45,2026-07-08,0,cross_regime_pre2026_to_post2026,logistic_regression,0.06949745664723284
separacion:4484,2026-0004638,CP-E18,CP,2026-06-08,21,2026-07-08,0,cross_regime_pre2026_to_post2026,logistic_regression,0.04799150677060335
separacion:4582,2026-0005474,SL-1104,SL,2026-06-08,0,2026-07-08,0,cross_regime_pre2026_to_post2026,logistic_regression,0.14529857073046648
separacion:4166,2026-0003221,CP-E52,CP,2026-06-09,75,2026-07-09,0,cross_regime_pre2026_to_post2026,logistic_regression,0.05037722708074981
separacion:4295,2026-0003502,SL-E7,SL,2026-06-09,60,2026-07-09,0,cross_regime_pre2026_to_post2026,logistic_regression,0.05393618248086409
separacion:4365,2026-0003981,TZ-19,TZ,2026-06-09,45,2026-07-09,0,cross_regime_pre2026_to_post2026,logistic_regression,0.0746395614453178
separacion:4554,2026-0005178,MT-B1202,MT,2026-06-09,7,2026-07-09,0,cross_regime_pre2026_to_post2026,logistic_regression,0.06927883397136067
separacion:4555,2026-0005288,MD-E66,MD,2026-06-09,7,2026-07-09,0,cross_regime_pre2026_to_post2026,logistic_regression,0.05671565908788375
separacion:4191,2026-0003242,NP-A2005,NP,2026-06-10,75,2026-07-10,1,cross_regime_pre2026_to_post2026,logistic_regression,0.10338835754080115
separacion:4589,2026-0005520,NP-A2207,NP,2026-06-10,0,2026-07-10,0,cross_regime_pre2026_to_post2026,logistic_regression,0.1084809740690248
separacion:4192,2026-0003243,CP-B1306,CP,2026-06-11,75,2026-07-11,0,cross_regime_pre2026_to_post2026,logistic_regression,0.2733367932766221
separacion:4193,2026-0003246,NP-A-E138,NP,2026-06-11,75,2026-07-11,0,cross_regime_pre2026_to_post2026,logistic_regression,0.035893559175431605
separacion:4367,2026-0004067,TZ-50,TZ,2026-06-11,45,2026-07-11,0,cross_regime_pre2026_to_post2026,logistic_regression,0.06920306173261129
separacion:4451,2026-0004523,NP-A-E154,NP,2026-06-11,30,2026-07-11,0,cross_regime_pre2026_to_post2026,logistic_regression,0.03702704464193827
separacion:4563,2026-0005384,CP-B808,CP,2026-06-11,7,2026-07-11,0,cross_regime_pre2026_to_post2026,logistic_regression,0.15161125604464898
separacion:4564,2026-0005299,NP-A2507,NP,2026-06-11,7,2026-07-11,0,cross_regime_pre2026_to_post2026,logistic_regression,0.07983596944897031
separacion:4577,2026-0005381,NP-A1710,NP,2026-06-11,7,2026-07-11,0,cross_regime_pre2026_to_post2026,logistic_regression,0.09960597140703495
separacion:4591,2026-0005535,NP-A-E163,NP,2026-06-11,0,2026-07-11,0,cross_regime_pre2026_to_post2026,logistic_regression,0.03780174126268332
separacion:4592,2026-0005534,MD-1701,MD,2026-06-11,0,2026-07-11,0,cross_regime_pre2026_to_post2026,logistic_regression,0.17630916835522517
separacion:4596,2026-0005566,NP-A1303,NP,2026-06-11,0,2026-07-11,0,cross_regime_pre2026_to_post2026,logistic_regression,0.10758962294300442
separacion:4106,2026-0002781,FX-E16,FX,2026-06-12,90,2026-07-12,0,cross_regime_pre2026_to_post2026,logistic_regression,0.0454828645958866
separacion:4370,2026-0004112,NP-A-E06,NP,2026-06-12,45,2026-07-12,0,cross_regime_pre2026_to_post2026,logistic_regression,0.03632029330150514
separacion:4599,2026-0005574,CP-E2,CP,2026-06-12,0,2026-07-12,0,cross_regime_pre2026_to_post2026,logistic_regression,0.051637098763144366
separacion:4107,2026-0002813,GY-303,GY,2026-06-13,90,2026-07-13,1,cross_regime_pre2026_to_post2026,logistic_regression,0.17484262451360935
separacion:4202,2026-0003313,NP-A2203,NP,2026-06-13,75,2026-07-13,0,cross_regime_pre2026_to_post2026,logistic_regression,0.10084414319217684
separacion:4203,2026-0003315,NP-A2204,NP,2026-06-13,75,2026-07-13,0,cross_regime_pre2026_to_post2026,logistic_regression,0.10084414319217684
separacion:4301,2026-0003630,NP-A-E08,NP,2026-06-13,60,2026-07-13,0,cross_regime_pre2026_to_post2026,logistic_regression,0.03352475609369611
separacion:4455,2026-0004548,NP-A1901,NP,2026-06-13,30,2026-07-13,1,cross_regime_pre2026_to_post2026,logistic_regression,0.10380786305278836
separacion:4457,2026-0004561,MT-B28,MT,2026-06-13,30,2026-07-13,0,cross_regime_pre2026_to_post2026,logistic_regression,0.028983902301546495
separacion:4544,2026-0005233,NP-A2104,NP,2026-06-13,14,2026-07-13,0,cross_regime_pre2026_to_post2026,logistic_regression,0.10488005465546159
separacion:4600,2026-0005594,TZ-39,TZ,2026-06-13,0,2026-07-13,0,cross_regime_pre2026_to_post2026,logistic_regression,0.07009514287966771
separacion:4601,2026-0005611,FX-E28,FX,2026-06-13,0,2026-07-13,0,cross_regime_pre2026_to_post2026,logistic_regression,0.04794420613452663
separacion:4602,2026-0005677,MD-1204,MD,2026-06-13,0,2026-07-13,0,cross_regime_pre2026_to_post2026,logistic_regression,0.1736386129675837
separacion:4463,2026-0004597,TZ-40,TZ,2026-06-14,30,2026-07-14,0,cross_regime_pre2026_to_post2026,logistic_regression,0.06811638906348262
separacion:4464,2026-0004616,TZ-43,TZ,2026-06-14,30,2026-07-14,0,cross_regime_pre2026_to_post2026,logistic_regression,0.06811638906348262
separacion:4550,2026-0005313,MT-A1202,MT,2026-06-14,14,2026-07-14,1,cross_regime_pre2026_to_post2026,logistic_regression,0.087810814609776
separacion:4603,2026-0005740,MD-405,MD,2026-06-14,0,2026-07-14,0,cross_regime_pre2026_to_post2026,logistic_regression,0.17231536318376245
separacion:4604,2026-0005781,SL-1001,SL,2026-06-14,0,2026-07-14,0,cross_regime_pre2026_to_post2026,logistic_regression,0.14849275956449381
separacion:4605,2026-0005789,NP-A2606,NP,2026-06-14,0,2026-07-14,0,cross_regime_pre2026_to_post2026,logistic_regression,0.10495412449277201
separacion:4606,2026-0005804,MD-E52,MD,2026-06-14,0,2026-07-14,0,cross_regime_pre2026_to_post2026,logistic_regression,0.06353213492663504
separacion:4122,2026-0002991,GY-D7,GY,2026-06-15,90,2026-07-15,0,cross_regime_pre2026_to_post2026,logistic_regression,0.06746654770360579
separacion:4389,2026-0004188,SL-E1,SL,2026-06-15,45,2026-07-15,0,cross_regime_pre2026_to_post2026,logistic_regression,0.054966167160437264
separacion:4582,2026-0005474,SL-1104,SL,2026-06-15,7,2026-07-15,0,cross_regime_pre2026_to_post2026,logistic_regression,0.14467634543031507
separacion:4609,2026-0005817,NP-A-E106,NP,2026-06-15,0,2026-07-15,0,cross_regime_pre2026_to_post2026,logistic_regression,0.03654085351349459
separacion:4611,2026-0005815,MD-1401,MD,2026-06-15,0,2026-07-15,0,cross_regime_pre2026_to_post2026,logistic_regression,0.18037536654478198
separacion:4131,2026-0003014,EEUU-E50,EEUU,2026-06-16,90,2026-07-16,0,cross_regime_pre2026_to_post2026,logistic_regression,0.08391534416751628
separacion:4479,2026-0004836,GY-1603,GY,2026-06-16,30,2026-07-16,0,cross_regime_pre2026_to_post2026,logistic_regression,0.18668961250726207
separacion:4480,2026-0004850,MD-1403,MD,2026-06-16,30,2026-07-16,1,cross_regime_pre2026_to_post2026,logistic_regression,0.17587224224542686
separacion:4553,2026-0005356,NP-A-E161,NP,2026-06-16,45,2026-07-16,0,cross_regime_pre2026_to_post2026,logistic_regression,0.03730416186579865
separacion:4555,2026-0005288,MD-E66,MD,2026-06-16,14,2026-07-16,0,cross_regime_pre2026_to_post2026,logistic_regression,0.05644772696244981
separacion:4625,2026-0005859,FX-1301,FX,2026-06-16,0,2026-07-16,0,cross_regime_pre2026_to_post2026,logistic_regression,0.14587356318070233
separacion:4136,2026-0003041,MT-A04,MT,2026-06-17,90,2026-07-17,0,cross_regime_pre2026_to_post2026,logistic_regression,0.030357261530510545
separacion:4484,2026-0004638,CP-E18,CP,2026-06-17,30,2026-07-17,0,cross_regime_pre2026_to_post2026,logistic_regression,0.04686420825921279
separacion:4648,2026-0005877,FX-1201,FX,2026-06-17,0,2026-07-17,0,cross_regime_pre2026_to_post2026,logistic_regression,0.13498559923784792
separacion:4649,2026-0005898,FX-1303,FX,2026-06-17,0,2026-07-17,0,cross_regime_pre2026_to_post2026,logistic_regression,0.1447248461053181
separacion:4650,2026-0005846,FX-505,FX,2026-06-17,0,2026-07-17,0,cross_regime_pre2026_to_post2026,logistic_regression,0.1258053489059057
separacion:4651,2026-0005821,CP-B1107,CP,2026-06-17,0,2026-07-17,0,cross_regime_pre2026_to_post2026,logistic_regression,0.13357316463551913
separacion:4652,2026-0005915,SL-303,SL,2026-06-17,0,2026-07-17,0,cross_regime_pre2026_to_post2026,logistic_regression,0.15323219299297947
separacion:4140,2026-0003067,GY-14,GY,2026-06-18,90,2026-07-18,0,cross_regime_pre2026_to_post2026,logistic_regression,0.06571517426984891
separacion:4400,2026-0004310,NP-A-E134,NP,2026-06-18,45,2026-07-18,0,cross_regime_pre2026_to_post2026,logistic_regression,0.03664544297267054
separacion:4563,2026-0005384,CP-B808,CP,2026-06-18,14,2026-07-18,0,cross_regime_pre2026_to_post2026,logistic_regression,0.1509667722916871
separacion:4591,2026-0005535,NP-A-E163,NP,2026-06-18,7,2026-07-18,0,cross_regime_pre2026_to_post2026,logistic_regression,0.03761959745273774
separacion:4592,2026-0005534,MD-1701,MD,2026-06-18,7,2026-07-18,0,cross_regime_pre2026_to_post2026,logistic_regression,0.17558142456867856
separacion:4596,2026-0005566,NP-A1303,NP,2026-06-18,7,2026-07-18,0,cross_regime_pre2026_to_post2026,logistic_regression,0.10710864535053885
separacion:4655,2026-0005954,EEUU-E1,EEUU,2026-06-18,0,2026-07-18,0,cross_regime_pre2026_to_post2026,logistic_regression,0.08752262615396253
separacion:4403,2026-0004320,MD-E97,MD,2026-06-19,45,2026-07-19,0,cross_regime_pre2026_to_post2026,logistic_regression,0.059115891484361804
separacion:4599,2026-0005574,CP-E2,CP,2026-06-19,7,2026-07-19,0,cross_regime_pre2026_to_post2026,logistic_regression,0.05139185129922067
separacion:4664,2026-0005875,NP-A2609,NP,2026-06-19,0,2026-07-19,0,cross_regime_pre2026_to_post2026,logistic_regression,0.08565978689173673
separacion:4148,2026-0003118,GY-43,GY,2026-06-20,90,2026-07-20,0,cross_regime_pre2026_to_post2026,logistic_regression,0.06458843072710485
separacion:4210,2026-0003409,SL-E4,SL,2026-06-20,75,2026-07-20,0,cross_regime_pre2026_to_post2026,logistic_regression,0.05155063690921518
separacion:4213,2026-0003412,MT-A54,MT,2026-06-20,75,2026-07-20,0,cross_regime_pre2026_to_post2026,logistic_regression,0.029861002622147807
separacion:4216,2026-0003420,CP-E87,CP,2026-06-20,75,2026-07-20,0,cross_regime_pre2026_to_post2026,logistic_regression,0.04863634690715651
separacion:4337,2026-0003807,CP-E60,CP,2026-06-20,60,2026-07-20,0,cross_regime_pre2026_to_post2026,logistic_regression,0.04913644517344273
separacion:4409,2026-0004351,SL-E47,SL,2026-06-20,45,2026-07-20,0,cross_regime_pre2026_to_post2026,logistic_regression,0.05261260064044605
separacion:4413,2026-0004374,MT-B24,MT,2026-06-20,45,2026-07-20,0,cross_regime_pre2026_to_post2026,logistic_regression,0.03049051531759302
separacion:4544,2026-0005233,NP-A2104,NP,2026-06-20,21,2026-07-20,0,cross_regime_pre2026_to_post2026,logistic_regression,0.10440977294241371
separacion:4600,2026-0005594,TZ-39,TZ,2026-06-20,7,2026-07-20,0,cross_regime_pre2026_to_post2026,logistic_regression,0.06976867931074127
separacion:4601,2026-0005611,FX-E28,FX,2026-06-20,7,2026-07-20,0,cross_regime_pre2026_to_post2026,logistic_regression,0.04771561539348159
separacion:4673,2026-0005998,GY-506,GY,2026-06-20,0,2026-07-20,0,cross_regime_pre2026_to_post2026,logistic_regression,0.18434933085271998
separacion:4153,2026-0003145,GY-27,GY,2026-06-21,90,2026-07-21,0,cross_regime_pre2026_to_post2026,logistic_regression,0.06403182657239322
separacion:4343,2026-0003846,FX-E43,FX,2026-06-21,60,2026-07-21,0,cross_regime_pre2026_to_post2026,logistic_regression,0.045613788344443705
separacion:4550,2026-0005313,MT-A1202,MT,2026-06-21,21,2026-07-21,1,cross_regime_pre2026_to_post2026,logistic_regression,0.08740959722387082
separacion:4603,2026-0005740,MD-405,MD,2026-06-21,7,2026-07-21,0,cross_regime_pre2026_to_post2026,logistic_regression,0.17160067010002744
separacion:4604,2026-0005781,SL-1001,SL,2026-06-21,7,2026-07-21,0,cross_regime_pre2026_to_post2026,logistic_regression,0.14785922185908248
separacion:4605,2026-0005789,NP-A2606,NP,2026-06-21,7,2026-07-21,0,cross_regime_pre2026_to_post2026,logistic_regression,0.10448354941888072
separacion:4606,2026-0005804,MD-E52,MD,2026-06-21,7,2026-07-21,1,cross_regime_pre2026_to_post2026,logistic_regression,0.06323415957847975
separacion:4163,2026-0003190,MD-E18,MD,2026-06-22,90,2026-07-22,0,cross_regime_pre2026_to_post2026,logistic_regression,0.059379672329396296
separacion:4582,2026-0005474,SL-1104,SL,2026-06-22,14,2026-07-22,0,cross_regime_pre2026_to_post2026,logistic_regression,0.14405633563305553
separacion:4609,2026-0005817,NP-A-E106,NP,2026-06-22,7,2026-07-22,0,cross_regime_pre2026_to_post2026,logistic_regression,0.03636455555070531
separacion:4611,2026-0005815,MD-1401,MD,2026-06-22,7,2026-07-22,0,cross_regime_pre2026_to_post2026,logistic_regression,0.1796344991948079
separacion:4678,2026-0006039,MT-A601,MT,2026-06-22,0,2026-07-22,0,cross_regime_pre2026_to_post2026,logistic_regression,0.09452507221794201
separacion:4679,2026-0006048,NP-A-E165,NP,2026-06-22,0,2026-07-22,0,cross_regime_pre2026_to_post2026,logistic_regression,0.03882412353620646
separacion:4684,2026-0006056,SL-E12,SL,2026-06-22,0,2026-07-22,0,cross_regime_pre2026_to_post2026,logistic_regression,0.05666654732807821
separacion:4687,2026-0006060,MT-A1006,MT,2026-06-22,0,2026-07-22,0,cross_regime_pre2026_to_post2026,logistic_regression,0.09452507221794201
separacion:4164,2026-0003197,NP-A-E19,NP,2026-06-23,90,2026-07-23,0,cross_regime_pre2026_to_post2026,logistic_regression,0.03616251175526558
separacion:4288,2026-0003484,MT-A27,MT,2026-06-23,75,2026-07-23,0,cross_regime_pre2026_to_post2026,logistic_regression,0.030951705898920875
separacion:4290,2026-0003499,MT-A45,MT,2026-06-23,75,2026-07-23,0,cross_regime_pre2026_to_post2026,logistic_regression,0.030951705898920875
separacion:4363,2026-0003941,GY-33,GY,2026-06-23,60,2026-07-23,0,cross_regime_pre2026_to_post2026,logistic_regression,0.06821483199773137
separacion:4555,2026-0005288,MD-E66,MD,2026-06-23,21,2026-07-23,0,cross_regime_pre2026_to_post2026,logistic_regression,0.05618098519665283
separacion:4625,2026-0005859,FX-1301,FX,2026-06-23,7,2026-07-23,0,cross_regime_pre2026_to_post2026,logistic_regression,0.1452492939923529
separacion:4708,2026-0006085,GY-1401,GY,2026-06-23,0,2026-07-23,0,cross_regime_pre2026_to_post2026,logistic_regression,0.1899778644589426
separacion:4166,2026-0003221,CP-E52,CP,2026-06-24,90,2026-07-24,0,cross_regime_pre2026_to_post2026,logistic_regression,0.04942873476168118
separacion:4295,2026-0003502,SL-E7,SL,2026-06-24,75,2026-07-24,0,cross_regime_pre2026_to_post2026,logistic_regression,0.052924417317538
separacion:4365,2026-0003981,TZ-19,TZ,2026-06-24,60,2026-07-24,0,cross_regime_pre2026_to_post2026,logistic_regression,0.07326950831568353
separacion:4648,2026-0005877,FX-1201,FX,2026-06-24,7,2026-07-24,0,cross_regime_pre2026_to_post2026,logistic_regression,0.13440059336012383
separacion:4649,2026-0005898,FX-1303,FX,2026-06-24,7,2026-07-24,0,cross_regime_pre2026_to_post2026,logistic_regression,0.1441046634770489
separacion:4650,2026-0005846,FX-505,FX,2026-06-24,7,2026-07-24,0,cross_regime_pre2026_to_post2026,logistic_regression,0.12525436777020257
separacion:4651,2026-0005821,CP-B1107,CP,2026-06-24,7,2026-07-24,0,cross_regime_pre2026_to_post2026,logistic_regression,0.132993338896378
separacion:4652,2026-0005915,SL-303,SL,2026-06-24,7,2026-07-24,0,cross_regime_pre2026_to_post2026,logistic_regression,0.15258205804428882
separacion:4591,2026-0005535,NP-A-E163,NP,2026-06-25,14,2026-07-25,0,cross_regime_pre2026_to_post2026,logistic_regression,0.037438297135785885
separacion:4592,2026-0005534,MD-1701,MD,2026-06-25,14,2026-07-25,0,cross_regime_pre2026_to_post2026,logistic_regression,0.17485604698517312
separacion:4596,2026-0005566,NP-A1303,NP,2026-06-25,14,2026-07-25,0,cross_regime_pre2026_to_post2026,logistic_regression,0.1066295610435913
separacion:4192,2026-0003243,CP-B1306,CP,2026-06-26,90,2026-07-26,0,cross_regime_pre2026_to_post2026,logistic_regression,0.26938127156056507
separacion:4193,2026-0003246,NP-A-E138,NP,2026-06-26,90,2026-07-26,0,cross_regime_pre2026_to_post2026,logistic_regression,0.0352076521478785
separacion:4367,2026-0004067,TZ-50,TZ,2026-06-26,60,2026-07-26,0,cross_regime_pre2026_to_post2026,logistic_regression,0.067925473727847
separacion:4451,2026-0004523,NP-A-E154,NP,2026-06-26,45,2026-07-26,0,cross_regime_pre2026_to_post2026,logistic_regression,0.03632029330150514
separacion:4599,2026-0005574,CP-E2,CP,2026-06-26,14,2026-07-26,0,cross_regime_pre2026_to_post2026,logistic_regression,0.051147705804051154
separacion:4370,2026-0004112,NP-A-E06,NP,2026-06-27,60,2026-07-27,0,cross_regime_pre2026_to_post2026,logistic_regression,0.035626532947902655
separacion:4600,2026-0005594,TZ-39,TZ,2026-06-27,14,2026-07-27,0,cross_regime_pre2026_to_post2026,logistic_regression,0.0694436226777292
separacion:4601,2026-0005611,FX-E28,FX,2026-06-27,14,2026-07-27,0,cross_regime_pre2026_to_post2026,logistic_regression,0.04748806017563105
separacion:4742,2026-0006180,MT-A702,MT,2026-06-27,0,2026-07-27,0,cross_regime_pre2026_to_post2026,logistic_regression,0.09064011510451399
separacion:4743,2026-0006183,MD-E49,MD,2026-06-27,0,2026-07-27,0,cross_regime_pre2026_to_post2026,logistic_regression,0.06040920178019597
separacion:4202,2026-0003313,NP-A2203,NP,2026-06-28,90,2026-07-28,0,cross_regime_pre2026_to_post2026,logistic_regression,0.09904457269858823
separacion:4203,2026-0003315,NP-A2204,NP,2026-06-28,90,2026-07-28,0,cross_regime_pre2026_to_post2026,logistic_regression,0.09904457269858823
separacion:4301,2026-0003630,NP-A-E08,NP,2026-06-28,75,2026-07-28,0,cross_regime_pre2026_to_post2026,logistic_regression,0.03288257174894368
separacion:4455,2026-0004548,NP-A1901,NP,2026-06-28,45,2026-07-28,1,cross_regime_pre2026_to_post2026,logistic_regression,0.10196140208493137
separacion:4457,2026-0004561,MT-B28,MT,2026-06-28,45,2026-07-28,0,cross_regime_pre2026_to_post2026,logistic_regression,0.028426142057585004
separacion:4604,2026-0005781,SL-1001,SL,2026-06-28,14,2026-07-28,0,cross_regime_pre2026_to_post2026,logistic_regression,0.14722791976472316
separacion:4606,2026-0005804,MD-E52,MD,2026-06-28,14,2026-07-28,1,cross_regime_pre2026_to_post2026,logistic_regression,0.0629374878543485
separacion:4745,2026-0006261,NP-A-E77,NP,2026-06-28,0,2026-07-28,0,cross_regime_pre2026_to_post2026,logistic_regression,0.03680525114636796
separacion:4746,2026-0006279,NP-A2607,NP,2026-06-28,0,2026-07-28,0,cross_regime_pre2026_to_post2026,logistic_regression,0.10495412449277201
separacion:4463,2026-0004597,TZ-40,TZ,2026-06-29,45,2026-07-29,0,cross_regime_pre2026_to_post2026,logistic_regression,0.07101204286273362
separacion:4464,2026-0004616,TZ-43,TZ,2026-06-29,45,2026-07-29,0,cross_regime_pre2026_to_post2026,logistic_regression,0.07101204286273362
separacion:4544,2026-0005233,NP-A2104,NP,2026-06-29,30,2026-07-29,0,cross_regime_pre2026_to_post2026,logistic_regression,0.1081900601882716
separacion:4609,2026-0005817,NP-A-E106,NP,2026-06-29,14,2026-07-29,0,cross_regime_pre2026_to_post2026,logistic_regression,0.03618907622014503
separacion:4611,2026-0005815,MD-1401,MD,2026-06-29,14,2026-07-29,0,cross_regime_pre2026_to_post2026,logistic_regression,0.1788960106715532
separacion:4679,2026-0006048,NP-A-E165,NP,2026-06-29,7,2026-07-29,0,cross_regime_pre2026_to_post2026,logistic_regression,0.038637251296474925
separacion:4684,2026-0006056,SL-E12,SL,2026-06-29,7,2026-07-29,0,cross_regime_pre2026_to_post2026,logistic_regression,0.0563988333411006
separacion:4389,2026-0004188,SL-E1,SL,2026-06-30,60,2026-07-30,0,cross_regime_pre2026_to_post2026,logistic_regression,0.05393618248086409
separacion:4550,2026-0005313,MT-A1202,MT,2026-06-30,30,2026-07-30,1,cross_regime_pre2026_to_post2026,logistic_regression,0.0906366636171476
separacion:4625,2026-0005859,FX-1301,FX,2026-06-30,14,2026-07-30,0,cross_regime_pre2026_to_post2026,logistic_regression,0.14462724400659327
separacion:4708,2026-0006085,GY-1401,GY,2026-06-30,7,2026-07-30,0,cross_regime_pre2026_to_post2026,logistic_regression,0.18920666091907618
separacion:4752,2026-0006331,NP-A2107,NP,2026-06-30,0,2026-07-30,0,cross_regime_pre2026_to_post2026,logistic_regression,0.10937880470126654
separacion:4553,2026-0005356,NP-A-E161,NP,2026-07-01,60,2026-07-31,0,cross_regime_pre2026_to_post2026,logistic_regression,0.035907514065044645
separacion:4648,2026-0005877,FX-1201,FX,2026-07-01,14,2026-07-31,0,cross_regime_pre2026_to_post2026,logistic_regression,0.1315618676896883
separacion:4649,2026-0005898,FX-1303,FX,2026-07-01,14,2026-07-31,0,cross_regime_pre2026_to_post2026,logistic_regression,0.14109438389872564
separacion:4484,2026-0004638,CP-E18,CP,2026-07-02,45,2026-08-01,0,cross_regime_pre2026_to_post2026,logistic_regression,0.045126415110609476
separacion:4555,2026-0005288,MD-E66,MD,2026-07-02,30,2026-08-01,0,cross_regime_pre2026_to_post2026,logistic_regression,0.05386462336875062
separacion:4591,2026-0005535,NP-A-E163,NP,2026-07-02,21,2026-08-01,0,cross_regime_pre2026_to_post2026,logistic_regression,0.036561046598796054
separacion:4596,2026-0005566,NP-A1303,NP,2026-07-02,21,2026-08-01,0,cross_regime_pre2026_to_post2026,logistic_regression,0.1043067157079252
separacion:4400,2026-0004310,NP-A-E134,NP,2026-07-03,60,2026-08-02,0,cross_regime_pre2026_to_post2026,logistic_regression,0.0352725536510213
separacion:4599,2026-0005574,CP-E2,CP,2026-07-03,21,2026-08-02,0,cross_regime_pre2026_to_post2026,logistic_regression,0.04996589294819744
separacion:4761,2026-0006417,FX-201,FX,2026-07-03,0,2026-08-02,1,cross_regime_pre2026_to_post2026,logistic_regression,0.140072111766044
separacion:4403,2026-0004320,MD-E97,MD,2026-07-04,60,2026-08-03,0,cross_regime_pre2026_to_post2026,logistic_regression,0.056950933613228734
separacion:4601,2026-0005611,FX-E28,FX,2026-07-04,21,2026-08-03,0,cross_regime_pre2026_to_post2026,logistic_regression,0.046386672795791915
separacion:4743,2026-0006183,MD-E49,MD,2026-07-04,7,2026-08-03,0,cross_regime_pre2026_to_post2026,logistic_regression,0.059026706207403704
separacion:4762,2026-0006421,TZ-28,TZ,2026-07-04,0,2026-08-03,0,cross_regime_pre2026_to_post2026,logistic_regression,0.06882813905560149
separacion:4210,2026-0003409,SL-E4,SL,2026-07-05,90,2026-08-04,0,cross_regime_pre2026_to_post2026,logistic_regression,0.049648116202663
separacion:4213,2026-0003412,MT-A54,MT,2026-07-05,90,2026-08-04,0,cross_regime_pre2026_to_post2026,logistic_regression,0.02873470498374825
separacion:4216,2026-0003420,CP-E87,CP,2026-07-05,90,2026-08-04,0,cross_regime_pre2026_to_post2026,logistic_regression,0.04683606936457282
separacion:4337,2026-0003807,CP-E60,CP,2026-07-05,75,2026-08-04,0,cross_regime_pre2026_to_post2026,logistic_regression,0.047318577162811404
separacion:4409,2026-0004351,SL-E47,SL,2026-07-05,60,2026-08-04,0,cross_regime_pre2026_to_post2026,logistic_regression,0.05067298120169326
separacion:4413,2026-0004374,MT-B24,MT,2026-07-05,60,2026-08-04,0,cross_regime_pre2026_to_post2026,logistic_regression,0.02934119183222486
separacion:4604,2026-0005781,SL-1001,SL,2026-07-05,21,2026-08-04,0,cross_regime_pre2026_to_post2026,logistic_regression,0.1441633861290788
separacion:4606,2026-0005804,MD-E52,MD,2026-07-05,21,2026-08-04,1,cross_regime_pre2026_to_post2026,logistic_regression,0.0615009184577628
separacion:4745,2026-0006261,NP-A-E77,NP,2026-07-05,7,2026-08-04,0,cross_regime_pre2026_to_post2026,logistic_regression,0.03594228019609557
separacion:4343,2026-0003846,FX-E43,FX,2026-07-06,75,2026-08-05,0,cross_regime_pre2026_to_post2026,logistic_regression,0.046720860178410845
separacion:4609,2026-0005817,NP-A-E106,NP,2026-07-06,21,2026-08-05,0,cross_regime_pre2026_to_post2026,logistic_regression,0.03534002261159077
separacion:4611,2026-0005815,MD-1401,MD,2026-07-06,21,2026-08-05,0,cross_regime_pre2026_to_post2026,logistic_regression,0.17530781689614924
separacion:4679,2026-0006048,NP-A-E165,NP,2026-07-06,14,2026-08-05,0,cross_regime_pre2026_to_post2026,logistic_regression,0.037733008275485314
separacion:4684,2026-0006056,SL-E12,SL,2026-07-06,14,2026-08-05,0,cross_regime_pre2026_to_post2026,logistic_regression,0.05510273466579831
separacion:4773,2026-0006518,MD-2106,MD,2026-07-06,0,2026-08-05,0,cross_regime_pre2026_to_post2026,logistic_regression,0.17749547801753787
separacion:4625,2026-0005859,FX-1301,FX,2026-07-07,21,2026-08-06,0,cross_regime_pre2026_to_post2026,logistic_regression,0.14160785409214047
separacion:4708,2026-0006085,GY-1401,GY,2026-07-07,14,2026-08-06,0,cross_regime_pre2026_to_post2026,logistic_regression,0.185458371991075
separacion:4775,2026-0006528,NP-A1306,NP,2026-07-07,0,2026-08-06,0,cross_regime_pre2026_to_post2026,logistic_regression,0.10748380373513806
separacion:4777,2026-0006546,GY-1602,GY,2026-07-07,0,2026-08-06,0,cross_regime_pre2026_to_post2026,logistic_regression,0.18697963697184056
separacion:4288,2026-0003484,MT-A27,MT,2026-07-08,90,2026-08-07,0,cross_regime_pre2026_to_post2026,logistic_regression,0.029785532170071728
separacion:4290,2026-0003499,MT-A45,MT,2026-07-08,90,2026-08-07,0,cross_regime_pre2026_to_post2026,logistic_regression,0.029785532170071728
separacion:4363,2026-0003941,GY-33,GY,2026-07-08,75,2026-08-07,0,cross_regime_pre2026_to_post2026,logistic_regression,0.06573993278715977
separacion:4648,2026-0005877,FX-1201,FX,2026-07-08,21,2026-08-07,0,cross_regime_pre2026_to_post2026,logistic_regression,0.13098945280485455
separacion:4649,2026-0005898,FX-1303,FX,2026-07-08,21,2026-08-07,0,cross_regime_pre2026_to_post2026,logistic_regression,0.14048720325926686
separacion:4295,2026-0003502,SL-E7,SL,2026-07-09,90,2026-08-08,0,cross_regime_pre2026_to_post2026,logistic_regression,0.050973920935316254
separacion:4365,2026-0003981,TZ-19,TZ,2026-07-09,75,2026-08-08,0,cross_regime_pre2026_to_post2026,logistic_regression,0.07062512064522053
separacion:4798,2026-0006629,TZ-27,TZ,2026-07-10,0,2026-08-09,0,cross_regime_pre2026_to_post2026,logistic_regression,0.06942334327009775
separacion:4451,2026-0004523,NP-A-E154,NP,2026-07-11,60,2026-08-10,0,cross_regime_pre2026_to_post2026,logistic_regression,0.034959143374447
separacion:4591,2026-0005535,NP-A-E163,NP,2026-07-11,30,2026-08-10,0,cross_regime_pre2026_to_post2026,logistic_regression,0.03569217804668455
separacion:4596,2026-0005566,NP-A1303,NP,2026-07-11,30,2026-08-10,0,cross_regime_pre2026_to_post2026,logistic_regression,0.10199832569262055
separacion:4743,2026-0006183,MD-E49,MD,2026-07-11,14,2026-08-10,0,cross_regime_pre2026_to_post2026,logistic_regression,0.05874853635841248
separacion:4762,2026-0006421,TZ-28,TZ,2026-07-11,7,2026-08-10,0,cross_regime_pre2026_to_post2026,logistic_regression,0.06850714174213106
separacion:4803,2026-0006693,SL-1606,SL,2026-07-11,0,2026-08-10,0,cross_regime_pre2026_to_post2026,logistic_regression,0.14718851815574144
separacion:4370,2026-0004112,NP-A-E06,NP,2026-07-12,75,2026-08-11,0,cross_regime_pre2026_to_post2026,logistic_regression,0.03429045744832243
separacion:4599,2026-0005574,CP-E2,CP,2026-07-12,30,2026-08-11,0,cross_regime_pre2026_to_post2026,logistic_regression,0.048794594055595476
separacion:4745,2026-0006261,NP-A-E77,NP,2026-07-12,14,2026-08-11,0,cross_regime_pre2026_to_post2026,logistic_regression,0.03576876294338277
separacion:4804,2026-0006713,CP-B908,CP,2026-07-12,0,2026-08-11,0,cross_regime_pre2026_to_post2026,logistic_regression,0.1462461102421862
separacion:4805,2026-0006709,MT-A1205,MT,2026-07-12,0,2026-08-11,0,cross_regime_pre2026_to_post2026,logistic_regression,0.08198439026051987
separacion:4301,2026-0003630,NP-A-E08,NP,2026-07-13,90,2026-08-12,0,cross_regime_pre2026_to_post2026,logistic_regression,0.03369155795965399
separacion:4457,2026-0004561,MT-B28,MT,2026-07-13,60,2026-08-12,0,cross_regime_pre2026_to_post2026,logistic_regression,0.029128792158285833
separacion:4601,2026-0005611,FX-E28,FX,2026-07-13,30,2026-08-12,0,cross_regime_pre2026_to_post2026,logistic_regression,0.04817917528050842
separacion:4679,2026-0006048,NP-A-E165,NP,2026-07-13,21,2026-08-12,0,cross_regime_pre2026_to_post2026,logistic_regression,0.037551182723492296
separacion:4684,2026-0006056,SL-E12,SL,2026-07-13,21,2026-08-12,0,cross_regime_pre2026_to_post2026,logistic_regression,0.054841979201769225
separacion:4809,2026-0006749,NP-A-E169,NP,2026-07-13,0,2026-08-12,1,cross_regime_pre2026_to_post2026,logistic_regression,0.038099200162667844
separacion:4810,2026-0006752,NP-A-E16,NP,2026-07-13,0,2026-08-12,0,cross_regime_pre2026_to_post2026,logistic_regression,0.038099200162667844
separacion:4811,2026-0006758,MT-A602,MT,2026-07-13,0,2026-08-12,1,cross_regime_pre2026_to_post2026,logistic_regression,0.09286058212977731
separacion:4463,2026-0004597,TZ-40,TZ,2026-07-14,60,2026-08-13,0,cross_regime_pre2026_to_post2026,logistic_regression,0.0684431126610999
separacion:4464,2026-0004616,TZ-43,TZ,2026-07-14,60,2026-08-13,0,cross_regime_pre2026_to_post2026,logistic_regression,0.0684431126610999
separacion:4606,2026-0005804,MD-E52,MD,2026-07-14,30,2026-08-13,1,cross_regime_pre2026_to_post2026,logistic_regression,0.06383837624635912
separacion:4775,2026-0006528,NP-A1306,NP,2026-07-14,7,2026-08-13,0,cross_regime_pre2026_to_post2026,logistic_regression,0.10700324248368616
separacion:4777,2026-0006546,GY-1602,GY,2026-07-14,7,2026-08-13,0,cross_regime_pre2026_to_post2026,logistic_regression,0.1862178065069612
separacion:4389,2026-0004188,SL-E1,SL,2026-07-15,75,2026-08-14,0,cross_regime_pre2026_to_post2026,logistic_regression,0.05195044350193478
separacion:4609,2026-0005817,NP-A-E106,NP,2026-07-15,30,2026-08-14,0,cross_regime_pre2026_to_post2026,logistic_regression,0.034499132469710925
separacion:4611,2026-0005815,MD-1401,MD,2026-07-15,30,2026-08-14,1,cross_regime_pre2026_to_post2026,logistic_regression,0.17172938045752198
separacion:4553,2026-0005356,NP-A-E161,NP,2026-07-16,75,2026-08-15,0,cross_regime_pre2026_to_post2026,logistic_regression,0.03522135010907449
separacion:4625,2026-0005859,FX-1301,FX,2026-07-16,30,2026-08-15,0,cross_regime_pre2026_to_post2026,logistic_regression,0.13860170081030485
separacion:4817,2026-0006802,CP-E78,CP,2026-07-16,0,2026-08-15,0,cross_regime_pre2026_to_post2026,logistic_regression,0.054276145271845024
separacion:4818,2026-0006805,MD-E29,MD,2026-07-16,0,2026-08-15,1,cross_regime_pre2026_to_post2026,logistic_regression,0.06401859314812385
separacion:4823,2026-0006814,GY-806,GY,2026-07-16,0,2026-08-15,0,cross_regime_pre2026_to_post2026,logistic_regression,0.18418359669953183
separacion:4824,2026-0006815,GY-42,GY,2026-07-16,0,2026-08-15,0,cross_regime_pre2026_to_post2026,logistic_regression,0.06852825405774897
separacion:4484,2026-0004638,CP-E18,CP,2026-07-17,60,2026-08-16,0,cross_regime_pre2026_to_post2026,logistic_regression,0.04427217503531967
separacion:4555,2026-0005288,MD-E66,MD,2026-07-17,45,2026-08-16,0,cross_regime_pre2026_to_post2026,logistic_regression,0.05285412555800789
separacion:4798,2026-0006629,TZ-27,TZ,2026-07-17,7,2026-08-16,0,cross_regime_pre2026_to_post2026,logistic_regression,0.06909977606324183
separacion:4400,2026-0004310,NP-A-E134,NP,2026-07-18,75,2026-08-17,0,cross_regime_pre2026_to_post2026,logistic_regression,0.034598087847879565
separacion:4743,2026-0006183,MD-E49,MD,2026-07-18,21,2026-08-17,0,cross_regime_pre2026_to_post2026,logistic_regression,0.058471595956422255
separacion:4762,2026-0006421,TZ-28,TZ,2026-07-18,14,2026-08-17,0,cross_regime_pre2026_to_post2026,logistic_regression,0.06818753185467646
separacion:4803,2026-0006693,SL-1606,SL,2026-07-18,7,2026-08-17,0,cross_regime_pre2026_to_post2026,logistic_regression,0.14655958719028714
separacion:4858,2026-0006846,FX-204,FX,2026-07-18,0,2026-08-17,0,cross_regime_pre2026_to_post2026,logistic_regression,0.1389616469511928
separacion:4859,2026-0006847,MD-1302,MD,2026-07-18,0,2026-08-17,0,cross_regime_pre2026_to_post2026,logistic_regression,0.17084386413309857
separacion:4860,2026-0006852,MT-A501,MT,2026-07-18,0,2026-08-17,0,cross_regime_pre2026_to_post2026,logistic_regression,0.0890373082315281
separacion:4403,2026-0004320,MD-E97,MD,2026-07-19,75,2026-08-18,0,cross_regime_pre2026_to_post2026,logistic_regression,0.05588595672463122
separacion:4745,2026-0006261,NP-A-E77,NP,2026-07-19,21,2026-08-18,0,cross_regime_pre2026_to_post2026,logistic_regression,0.03559605244376785
separacion:4805,2026-0006709,MT-A1205,MT,2026-07-19,7,2026-08-18,0,cross_regime_pre2026_to_post2026,logistic_regression,0.08160741280269124
separacion:3832,2026-0000010,MT-A1109,MT,2026-01-02,0,2026-02-01,0,cross_regime_pre2026_to_post2026,random_forest,0.12707496535977833
separacion:3833,2026-0000035,NP-A2704,NP,2026-01-02,0,2026-02-01,0,cross_regime_pre2026_to_post2026,random_forest,0.1439027896768651
separacion:3834,2026-0000043,MT-A29,MT,2026-01-03,0,2026-02-02,0,cross_regime_pre2026_to_post2026,random_forest,0.07632309910309303
separacion:3835,2026-0000071,GY-35,GY,2026-01-03,0,2026-02-02,0,cross_regime_pre2026_to_post2026,random_forest,0.08053737084068156
separacion:3836,2026-0000078,EEUU-1701,EEUU,2026-01-03,0,2026-02-02,0,cross_regime_pre2026_to_post2026,random_forest,0.2724204830115656
separacion:3837,2026-0000095,NP-A-E27,NP,2026-01-04,0,2026-02-03,0,cross_regime_pre2026_to_post2026,random_forest,0.08998024134824152
separacion:3838,2026-0000102,EEUU-E40,EEUU,2026-01-04,0,2026-02-03,0,cross_regime_pre2026_to_post2026,random_forest,0.15459174949440174
separacion:3839,2026-0000029,GY-206,GY,2026-01-04,0,2026-02-03,0,cross_regime_pre2026_to_post2026,random_forest,0.13930102245705742
separacion:3855,2025-0009127,MD-1704,MD,2026-01-05,0,2026-02-04,1,cross_regime_pre2026_to_post2026,random_forest,0.08894656944480028
separacion:3857,2025-0009124,SL-1208,SL,2026-01-05,0,2026-02-04,0,cross_regime_pre2026_to_post2026,random_forest,0.09392516304210556
separacion:3862,2026-0000133,GY-501,GY,2026-01-05,0,2026-02-04,0,cross_regime_pre2026_to_post2026,random_forest,0.1520936352298002
separacion:3865,2026-0000164,MD-E38,MD,2026-01-06,0,2026-02-05,0,cross_regime_pre2026_to_post2026,random_forest,0.06016085589299472
separacion:3866,2026-0000134,NP-A-E62,NP,2026-01-07,0,2026-02-06,0,cross_regime_pre2026_to_post2026,random_forest,0.058585267900759914
separacion:3873,2026-0000225,SL-1408,SL,2026-01-09,0,2026-02-08,0,cross_regime_pre2026_to_post2026,random_forest,0.16442157891923817
separacion:3875,2026-0000132,SL-805,SL,2026-01-09,0,2026-02-08,0,cross_regime_pre2026_to_post2026,random_forest,0.15404539785423346
separacion:3834,2026-0000043,MT-A29,MT,2026-01-10,7,2026-02-09,0,cross_regime_pre2026_to_post2026,random_forest,0.05657650508338076
separacion:3835,2026-0000071,GY-35,GY,2026-01-10,7,2026-02-09,0,cross_regime_pre2026_to_post2026,random_forest,0.058311045509376186
separacion:3836,2026-0000078,EEUU-1701,EEUU,2026-01-10,7,2026-02-09,0,cross_regime_pre2026_to_post2026,random_forest,0.20892898287475326
separacion:3876,2026-0000218,GY-1504,GY,2026-01-10,0,2026-02-09,0,cross_regime_pre2026_to_post2026,random_forest,0.1289723415332004
separacion:3877,2026-0000222,EEUU-803,EEUU,2026-01-10,0,2026-02-09,0,cross_regime_pre2026_to_post2026,random_forest,0.27286268018252646
separacion:3837,2026-0000095,NP-A-E27,NP,2026-01-11,7,2026-02-10,0,cross_regime_pre2026_to_post2026,random_forest,0.08082120795715772
separacion:3838,2026-0000102,EEUU-E40,EEUU,2026-01-11,7,2026-02-10,0,cross_regime_pre2026_to_post2026,random_forest,0.11441798651155642
separacion:3839,2026-0000029,GY-206,GY,2026-01-11,7,2026-02-10,0,cross_regime_pre2026_to_post2026,random_forest,0.14979750656157242
separacion:3878,2026-0000335,NP-A1504,NP,2026-01-11,0,2026-02-10,0,cross_regime_pre2026_to_post2026,random_forest,0.11811813540773212
separacion:3879,2026-0000341,NP-A2301,NP,2026-01-11,0,2026-02-10,1,cross_regime_pre2026_to_post2026,random_forest,0.11811813540773212
separacion:3855,2025-0009127,MD-1704,MD,2026-01-12,7,2026-02-11,1,cross_regime_pre2026_to_post2026,random_forest,0.09832710819451947
separacion:3857,2025-0009124,SL-1208,SL,2026-01-12,7,2026-02-11,0,cross_regime_pre2026_to_post2026,random_forest,0.10828975541563667
separacion:3862,2026-0000133,GY-501,GY,2026-01-12,7,2026-02-11,0,cross_regime_pre2026_to_post2026,random_forest,0.16575678883303716
separacion:3880,2026-0000350,GY-903,GY,2026-01-12,0,2026-02-11,0,cross_regime_pre2026_to_post2026,random_forest,0.1520936352298002
separacion:3865,2026-0000164,MD-E38,MD,2026-01-13,7,2026-02-12,0,cross_regime_pre2026_to_post2026,random_forest,0.05404452916398814
separacion:3883,2026-0000369,MT-A308,MT,2026-01-13,0,2026-02-12,0,cross_regime_pre2026_to_post2026,random_forest,0.1043067253853907
separacion:3884,2026-0000402,MT-B1005,MT,2026-01-13,0,2026-02-12,0,cross_regime_pre2026_to_post2026,random_forest,0.11837286984293247
separacion:3866,2026-0000134,NP-A-E62,NP,2026-01-14,7,2026-02-13,0,cross_regime_pre2026_to_post2026,random_forest,0.04866174325835299
separacion:3888,2026-0000443,NP-A2103,NP,2026-01-15,0,2026-02-14,0,cross_regime_pre2026_to_post2026,random_forest,0.12085126549373866
separacion:3889,2026-0000493,FX-405,FX,2026-01-15,0,2026-02-14,0,cross_regime_pre2026_to_post2026,random_forest,0.22473486206407153
separacion:3873,2026-0000225,SL-1408,SL,2026-01-16,7,2026-02-15,0,cross_regime_pre2026_to_post2026,random_forest,0.16489058617334032
separacion:3890,2026-0000526,MD-E58,MD,2026-01-16,0,2026-02-15,0,cross_regime_pre2026_to_post2026,random_forest,0.06035792876944637
separacion:3891,2026-0000527,NP-A1806,NP,2026-01-16,0,2026-02-15,0,cross_regime_pre2026_to_post2026,random_forest,0.1439027896768651
separacion:3834,2026-0000043,MT-A29,MT,2026-01-17,14,2026-02-16,0,cross_regime_pre2026_to_post2026,random_forest,0.028646084910176207
separacion:3835,2026-0000071,GY-35,GY,2026-01-17,14,2026-02-16,0,cross_regime_pre2026_to_post2026,random_forest,0.03319160334996538
separacion:3836,2026-0000078,EEUU-1701,EEUU,2026-01-17,14,2026-02-16,0,cross_regime_pre2026_to_post2026,random_forest,0.2106723005537231
separacion:3876,2026-0000218,GY-1504,GY,2026-01-17,7,2026-02-16,0,cross_regime_pre2026_to_post2026,random_forest,0.13959165637037846
separacion:3877,2026-0000222,EEUU-803,EEUU,2026-01-17,7,2026-02-16,0,cross_regime_pre2026_to_post2026,random_forest,0.2159517280281371
separacion:3893,2026-0000574,MD-1607,MD,2026-01-17,0,2026-02-16,0,cross_regime_pre2026_to_post2026,random_forest,0.1364945626142418
separacion:3837,2026-0000095,NP-A-E27,NP,2026-01-18,14,2026-02-17,0,cross_regime_pre2026_to_post2026,random_forest,0.05163205987173143
separacion:3838,2026-0000102,EEUU-E40,EEUU,2026-01-18,14,2026-02-17,0,cross_regime_pre2026_to_post2026,random_forest,0.04751104655350279
separacion:3839,2026-0000029,GY-206,GY,2026-01-18,14,2026-02-17,0,cross_regime_pre2026_to_post2026,random_forest,0.21339153771741767
separacion:3879,2026-0000341,NP-A2301,NP,2026-01-18,7,2026-02-17,1,cross_regime_pre2026_to_post2026,random_forest,0.12274690940370571
separacion:3855,2025-0009127,MD-1704,MD,2026-01-19,14,2026-02-18,1,cross_regime_pre2026_to_post2026,random_forest,0.1060565156042897
separacion:3857,2025-0009124,SL-1208,SL,2026-01-19,14,2026-02-18,0,cross_regime_pre2026_to_post2026,random_forest,0.13795234412303334
separacion:3862,2026-0000133,GY-501,GY,2026-01-19,14,2026-02-18,0,cross_regime_pre2026_to_post2026,random_forest,0.22368349655520794
separacion:3904,2026-0000701,EEUU-E14,EEUU,2026-01-19,0,2026-02-18,0,cross_regime_pre2026_to_post2026,random_forest,0.13038386374723
separacion:3905,2026-0000706,MT-A503,MT,2026-01-19,0,2026-02-18,0,cross_regime_pre2026_to_post2026,random_forest,0.09049709478283403
separacion:3865,2026-0000164,MD-E38,MD,2026-01-20,14,2026-02-19,0,cross_regime_pre2026_to_post2026,random_forest,0.05340565662383917
separacion:3883,2026-0000369,MT-A308,MT,2026-01-20,7,2026-02-19,0,cross_regime_pre2026_to_post2026,random_forest,0.11128524820070068
separacion:3909,2026-0000732,EEUU-D16,EEUU,2026-01-20,0,2026-02-19,0,cross_regime_pre2026_to_post2026,random_forest,0.11826638835876985
separacion:3911,2026-0000743,EEUU-1202,EEUU,2026-01-20,0,2026-02-19,1,cross_regime_pre2026_to_post2026,random_forest,0.2593631758176902
separacion:3866,2026-0000134,NP-A-E62,NP,2026-01-21,14,2026-02-20,0,cross_regime_pre2026_to_post2026,random_forest,0.03498444270171533
separacion:3913,2026-0000767,NP-A2801,NP,2026-01-21,0,2026-02-20,1,cross_regime_pre2026_to_post2026,random_forest,0.15533802905527844
separacion:3916,2026-0000782,EEUU-902,EEUU,2026-01-21,0,2026-02-20,0,cross_regime_pre2026_to_post2026,random_forest,0.3555790884908891
separacion:3888,2026-0000443,NP-A2103,NP,2026-01-22,7,2026-02-21,0,cross_regime_pre2026_to_post2026,random_forest,0.1392000459899383
separacion:3889,2026-0000493,FX-405,FX,2026-01-22,7,2026-02-21,0,cross_regime_pre2026_to_post2026,random_forest,0.16455056316749705
separacion:3917,2026-0000806,SL-1207,SL,2026-01-22,0,2026-02-21,0,cross_regime_pre2026_to_post2026,random_forest,0.1898701673503065
separacion:3918,2026-0000807,MD-1205,MD,2026-01-22,0,2026-02-21,0,cross_regime_pre2026_to_post2026,random_forest,0.17932070371909423
separacion:3921,2026-0000820,NP-A1510,NP,2026-01-22,0,2026-02-21,0,cross_regime_pre2026_to_post2026,random_forest,0.1460500739771711
separacion:3922,2026-0000826,MD-E43,MD,2026-01-22,0,2026-02-21,0,cross_regime_pre2026_to_post2026,random_forest,0.05841458143646638
separacion:3923,2026-0000825,MD-E36,MD,2026-01-22,0,2026-02-21,0,cross_regime_pre2026_to_post2026,random_forest,0.05841458143646638
separacion:3924,2026-0000828,NP-A1304,NP,2026-01-22,0,2026-02-21,0,cross_regime_pre2026_to_post2026,random_forest,0.1460500739771711
separacion:3925,2026-0000800,GY-1603,GY,2026-01-22,0,2026-02-21,0,cross_regime_pre2026_to_post2026,random_forest,0.18845128803602976
separacion:3873,2026-0000225,SL-1408,SL,2026-01-23,14,2026-02-22,0,cross_regime_pre2026_to_post2026,random_forest,0.2521384546124723
separacion:3890,2026-0000526,MD-E58,MD,2026-01-23,7,2026-02-22,0,cross_regime_pre2026_to_post2026,random_forest,0.054425214713705844
separacion:3891,2026-0000527,NP-A1806,NP,2026-01-23,7,2026-02-22,0,cross_regime_pre2026_to_post2026,random_forest,0.16290740758606234
separacion:3926,2026-0000832,NP-A207,NP,2026-01-23,0,2026-02-22,1,cross_regime_pre2026_to_post2026,random_forest,0.12293009146790938
separacion:3927,2026-0000822,GY-701,GY,2026-01-23,0,2026-02-22,1,cross_regime_pre2026_to_post2026,random_forest,0.13311552832559273
separacion:3931,2026-0000856,MT-A23,MT,2026-01-23,0,2026-02-22,0,cross_regime_pre2026_to_post2026,random_forest,0.05136320089386774
separacion:3932,2026-0000872,MD-1108,MD,2026-01-23,0,2026-02-22,0,cross_regime_pre2026_to_post2026,random_forest,0.16660461024479684
separacion:3834,2026-0000043,MT-A29,MT,2026-01-24,21,2026-02-23,0,cross_regime_pre2026_to_post2026,random_forest,0.027399902483219444
separacion:3835,2026-0000071,GY-35,GY,2026-01-24,21,2026-02-23,0,cross_regime_pre2026_to_post2026,random_forest,0.031755470453239475
separacion:3876,2026-0000218,GY-1504,GY,2026-01-24,14,2026-02-23,0,cross_regime_pre2026_to_post2026,random_forest,0.20389677374482956
separacion:3877,2026-0000222,EEUU-803,EEUU,2026-01-24,14,2026-02-23,0,cross_regime_pre2026_to_post2026,random_forest,0.20381930969490775
separacion:3893,2026-0000574,MD-1607,MD,2026-01-24,7,2026-02-23,0,cross_regime_pre2026_to_post2026,random_forest,0.11959203481558052
separacion:3933,2026-0000887,MD-604,MD,2026-01-24,0,2026-02-23,1,cross_regime_pre2026_to_post2026,random_forest,0.1364945626142418
separacion:3934,2026-0000785,MT-A405,MT,2026-01-24,0,2026-02-23,0,cross_regime_pre2026_to_post2026,random_forest,0.1067641111451933
separacion:3837,2026-0000095,NP-A-E27,NP,2026-01-25,21,2026-02-24,0,cross_regime_pre2026_to_post2026,random_forest,0.05025477596705149
separacion:3838,2026-0000102,EEUU-E40,EEUU,2026-01-25,21,2026-02-24,0,cross_regime_pre2026_to_post2026,random_forest,0.04576733239842328
separacion:3839,2026-0000029,GY-206,GY,2026-01-25,21,2026-02-24,0,cross_regime_pre2026_to_post2026,random_forest,0.21669977800235177
separacion:3879,2026-0000341,NP-A2301,NP,2026-01-25,14,2026-02-24,1,cross_regime_pre2026_to_post2026,random_forest,0.16417470897812683
separacion:3936,2026-0000854,GY-1102,GY,2026-01-25,0,2026-02-24,0,cross_regime_pre2026_to_post2026,random_forest,0.13930102245705742
separacion:3938,2026-0000956,GY-701,GY,2026-01-25,0,2026-02-24,0,cross_regime_pre2026_to_post2026,random_forest,0.18299555934987521
separacion:3939,2026-0000961,NP-A2806,NP,2026-01-25,0,2026-02-24,0,cross_regime_pre2026_to_post2026,random_forest,0.11811813540773212
separacion:3940,2026-0000944,MT-A1108,MT,2026-01-25,0,2026-02-24,0,cross_regime_pre2026_to_post2026,random_forest,0.15087521129079376
separacion:3941,2026-0000976,NP-A2702,NP,2026-01-25,0,2026-02-24,0,cross_regime_pre2026_to_post2026,random_forest,0.11811813540773212
separacion:3942,2026-0000938,MT-B1105,MT,2026-01-25,0,2026-02-24,0,cross_regime_pre2026_to_post2026,random_forest,0.15087521129079376
separacion:3855,2025-0009127,MD-1704,MD,2026-01-26,21,2026-02-25,1,cross_regime_pre2026_to_post2026,random_forest,0.12205518984244898
separacion:3857,2025-0009124,SL-1208,SL,2026-01-26,21,2026-02-25,0,cross_regime_pre2026_to_post2026,random_forest,0.1524916111157012
separacion:3904,2026-0000701,EEUU-E14,EEUU,2026-01-26,7,2026-02-25,0,cross_regime_pre2026_to_post2026,random_forest,0.09831651598644185
separacion:3905,2026-0000706,MT-A503,MT,2026-01-26,7,2026-02-25,0,cross_regime_pre2026_to_post2026,random_forest,0.08297661556820056
separacion:3949,2026-0001010,NP-A2303,NP,2026-01-26,0,2026-02-25,1,cross_regime_pre2026_to_post2026,random_forest,0.0892899225206994
separacion:3950,2026-0001016,MD-E21,MD,2026-01-26,0,2026-02-25,0,cross_regime_pre2026_to_post2026,random_forest,0.06135211366917626
separacion:3951,2026-0000933,EEUU-501,EEUU,2026-01-26,0,2026-02-25,1,cross_regime_pre2026_to_post2026,random_forest,0.21359839209672923
separacion:3865,2026-0000164,MD-E38,MD,2026-01-27,21,2026-02-26,0,cross_regime_pre2026_to_post2026,random_forest,0.04790746029720875
separacion:3909,2026-0000732,EEUU-D16,EEUU,2026-01-27,7,2026-02-26,0,cross_regime_pre2026_to_post2026,random_forest,0.08595861451214817
separacion:3952,2026-0001043,EEUU-603,EEUU,2026-01-27,0,2026-02-26,0,cross_regime_pre2026_to_post2026,random_forest,0.2593631758176902
separacion:3953,2026-0001041,GY-1604,GY,2026-01-27,0,2026-02-26,0,cross_regime_pre2026_to_post2026,random_forest,0.20989416978164982
separacion:3866,2026-0000134,NP-A-E62,NP,2026-01-28,21,2026-02-27,0,cross_regime_pre2026_to_post2026,random_forest,0.03117262112845734
separacion:3913,2026-0000767,NP-A2801,NP,2026-01-28,7,2026-02-27,1,cross_regime_pre2026_to_post2026,random_forest,0.1635700799919409
separacion:3954,2026-0001053,MT-A58,MT,2026-01-28,0,2026-02-27,0,cross_regime_pre2026_to_post2026,random_forest,0.05439029820418507
separacion:3956,2026-0001082,EEUU-D13,EEUU,2026-01-28,0,2026-02-27,0,cross_regime_pre2026_to_post2026,random_forest,0.14079604814576427
separacion:3889,2026-0000493,FX-405,FX,2026-01-29,14,2026-02-28,1,cross_regime_pre2026_to_post2026,random_forest,0.16373839399836093
separacion:3921,2026-0000820,NP-A1510,NP,2026-01-29,7,2026-02-28,0,cross_regime_pre2026_to_post2026,random_forest,0.15110992226943737
separacion:3922,2026-0000826,MD-E43,MD,2026-01-29,7,2026-02-28,0,cross_regime_pre2026_to_post2026,random_forest,0.05310520098718219
separacion:3923,2026-0000825,MD-E36,MD,2026-01-29,7,2026-02-28,0,cross_regime_pre2026_to_post2026,random_forest,0.05310520098718219
separacion:3924,2026-0000828,NP-A1304,NP,2026-01-29,7,2026-02-28,1,cross_regime_pre2026_to_post2026,random_forest,0.15110992226943737
separacion:3925,2026-0000800,GY-1603,GY,2026-01-29,7,2026-02-28,0,cross_regime_pre2026_to_post2026,random_forest,0.18932206711613517
separacion:3957,2026-0001100,GY-1501,GY,2026-01-29,0,2026-02-28,0,cross_regime_pre2026_to_post2026,random_forest,0.2697842104120403
separacion:3959,2026-0001124,FX-1602,FX,2026-01-29,0,2026-02-28,0,cross_regime_pre2026_to_post2026,random_forest,0.22473486206407153
separacion:3962,2026-0001127,CP-B803,CP,2026-01-29,0,2026-02-28,0,cross_regime_pre2026_to_post2026,random_forest,0.22178440918234638
separacion:3963,2026-0001013,SL-604,SL,2026-01-29,0,2026-02-28,0,cross_regime_pre2026_to_post2026,random_forest,0.1486178976759509
separacion:3873,2026-0000225,SL-1408,SL,2026-01-30,21,2026-03-01,0,cross_regime_pre2026_to_post2026,random_forest,0.23996282708320238
separacion:3890,2026-0000526,MD-E58,MD,2026-01-30,14,2026-03-01,0,cross_regime_pre2026_to_post2026,random_forest,0.06193840938196362
separacion:3891,2026-0000527,NP-A1806,NP,2026-01-30,14,2026-03-01,1,cross_regime_pre2026_to_post2026,random_forest,0.20645646163224168
separacion:3931,2026-0000856,MT-A23,MT,2026-01-30,7,2026-03-01,0,cross_regime_pre2026_to_post2026,random_forest,0.036666966587344696
separacion:3964,2026-0001141,MD-1909,MD,2026-01-30,0,2026-03-01,0,cross_regime_pre2026_to_post2026,random_forest,0.16660461024479684
separacion:3933,2026-0000887,MD-604,MD,2026-01-31,7,2026-03-02,1,cross_regime_pre2026_to_post2026,random_forest,0.11959203481558052
separacion:3966,2026-0001164,GY-1106,GY,2026-01-31,0,2026-03-02,0,cross_regime_pre2026_to_post2026,random_forest,0.16088678851764868
separacion:3879,2026-0000341,NP-A2301,NP,2026-02-01,21,2026-03-03,1,cross_regime_pre2026_to_post2026,random_forest,0.21491637204346972
separacion:3968,2026-0001236,NP-A-E61,NP,2026-02-01,0,2026-03-03,0,cross_regime_pre2026_to_post2026,random_forest,0.09273218630362051
separacion:3969,2026-0001263,MD-1805,MD,2026-02-01,0,2026-03-03,0,cross_regime_pre2026_to_post2026,random_forest,0.17471160128837065
separacion:3970,2026-0001264,MD-E22,MD,2026-02-01,0,2026-03-03,0,cross_regime_pre2026_to_post2026,random_forest,0.09176814634695991
separacion:3834,2026-0000043,MT-A29,MT,2026-02-02,30,2026-03-04,0,cross_regime_pre2026_to_post2026,random_forest,0.04764881587212299
separacion:3835,2026-0000071,GY-35,GY,2026-02-02,30,2026-03-04,0,cross_regime_pre2026_to_post2026,random_forest,0.048615000321638874
separacion:3904,2026-0000701,EEUU-E14,EEUU,2026-02-02,14,2026-03-04,0,cross_regime_pre2026_to_post2026,random_forest,0.04627847494196371
separacion:3949,2026-0001010,NP-A2303,NP,2026-02-02,7,2026-03-04,1,cross_regime_pre2026_to_post2026,random_forest,0.107191843477703
separacion:3950,2026-0001016,MD-E21,MD,2026-02-02,7,2026-03-04,0,cross_regime_pre2026_to_post2026,random_forest,0.0646339751128135
separacion:3951,2026-0000933,EEUU-501,EEUU,2026-02-02,7,2026-03-04,1,cross_regime_pre2026_to_post2026,random_forest,0.1955622326040599
separacion:3971,2026-0001284,NP-A303,NP,2026-02-02,0,2026-03-04,1,cross_regime_pre2026_to_post2026,random_forest,0.10453134365318091
separacion:3837,2026-0000095,NP-A-E27,NP,2026-02-03,30,2026-03-05,0,cross_regime_pre2026_to_post2026,random_forest,0.03660003721921208
separacion:3838,2026-0000102,EEUU-E40,EEUU,2026-02-03,30,2026-03-05,0,cross_regime_pre2026_to_post2026,random_forest,0.04356732990574475
separacion:3839,2026-0000029,GY-206,GY,2026-02-03,30,2026-03-05,0,cross_regime_pre2026_to_post2026,random_forest,0.22566906832161698
separacion:3909,2026-0000732,EEUU-D16,EEUU,2026-02-03,14,2026-03-05,0,cross_regime_pre2026_to_post2026,random_forest,0.0757679242553993
separacion:3952,2026-0001043,EEUU-603,EEUU,2026-02-03,7,2026-03-05,0,cross_regime_pre2026_to_post2026,random_forest,0.2209871868122613
separacion:3972,2026-0001306,MD-1508,MD,2026-02-03,0,2026-03-05,0,cross_regime_pre2026_to_post2026,random_forest,0.2538907250172139
separacion:3973,2026-0001308,MD-2206,MD,2026-02-03,0,2026-03-05,0,cross_regime_pre2026_to_post2026,random_forest,0.2538907250172139
separacion:3974,2026-0001297,GY-25,GY,2026-02-03,0,2026-03-05,0,cross_regime_pre2026_to_post2026,random_forest,0.0649046289449337
separacion:3975,2026-0001317,NP-A1401,NP,2026-02-03,0,2026-03-05,0,cross_regime_pre2026_to_post2026,random_forest,0.1473305939264058
separacion:3976,2026-0001320,GY-21,GY,2026-02-03,0,2026-03-05,0,cross_regime_pre2026_to_post2026,random_forest,0.0649046289449337
separacion:3954,2026-0001053,MT-A58,MT,2026-02-04,7,2026-03-06,0,cross_regime_pre2026_to_post2026,random_forest,0.0436280497467582
separacion:3956,2026-0001082,EEUU-D13,EEUU,2026-02-04,7,2026-03-06,0,cross_regime_pre2026_to_post2026,random_forest,0.11753547824597177
separacion:3978,2026-0001332,EEUU-D4,EEUU,2026-02-04,0,2026-03-06,0,cross_regime_pre2026_to_post2026,random_forest,0.15739782562314367
separacion:3980,2026-0001337,FX-1502,FX,2026-02-04,0,2026-03-06,1,cross_regime_pre2026_to_post2026,random_forest,0.2278740131681277
separacion:3981,2026-0001309,MT-A1209,MT,2026-02-04,0,2026-03-06,0,cross_regime_pre2026_to_post2026,random_forest,0.13598398533957426
separacion:3865,2026-0000164,MD-E38,MD,2026-02-05,30,2026-03-07,0,cross_regime_pre2026_to_post2026,random_forest,0.05542321404043705
separacion:3889,2026-0000493,FX-405,FX,2026-02-05,21,2026-03-07,1,cross_regime_pre2026_to_post2026,random_forest,0.17914484503598493
separacion:3922,2026-0000826,MD-E43,MD,2026-02-05,14,2026-03-07,0,cross_regime_pre2026_to_post2026,random_forest,0.06490989751188833
separacion:3923,2026-0000825,MD-E36,MD,2026-02-05,14,2026-03-07,0,cross_regime_pre2026_to_post2026,random_forest,0.06490989751188833
separacion:3924,2026-0000828,NP-A1304,NP,2026-02-05,14,2026-03-07,1,cross_regime_pre2026_to_post2026,random_forest,0.20446792704841976
separacion:3866,2026-0000134,NP-A-E62,NP,2026-02-06,30,2026-03-08,0,cross_regime_pre2026_to_post2026,random_forest,0.035171263983770344
separacion:3890,2026-0000526,MD-E58,MD,2026-02-06,21,2026-03-08,0,cross_regime_pre2026_to_post2026,random_forest,0.06549177764910102
separacion:3891,2026-0000527,NP-A1806,NP,2026-02-06,21,2026-03-08,1,cross_regime_pre2026_to_post2026,random_forest,0.2568569405618429
separacion:3931,2026-0000856,MT-A23,MT,2026-02-06,14,2026-03-08,0,cross_regime_pre2026_to_post2026,random_forest,0.022073960381146205
separacion:3982,2026-0001398,SL-705,SL,2026-02-06,0,2026-03-08,0,cross_regime_pre2026_to_post2026,random_forest,0.1804495336304151
separacion:3983,2026-0001402,SL-E8,SL,2026-02-06,0,2026-03-08,0,cross_regime_pre2026_to_post2026,random_forest,0.0545173893708998
separacion:3985,2026-0001403,NP-A1803,NP,2026-02-06,0,2026-03-08,0,cross_regime_pre2026_to_post2026,random_forest,0.16689459293496559
separacion:3986,2026-0001396,EEUU-203,EEUU,2026-02-06,0,2026-03-08,1,cross_regime_pre2026_to_post2026,random_forest,0.37598075749445725
separacion:3987,2026-0001331,CP-B203,CP,2026-02-06,0,2026-03-08,1,cross_regime_pre2026_to_post2026,random_forest,0.19514680094545522
separacion:3933,2026-0000887,MD-604,MD,2026-02-07,14,2026-03-09,1,cross_regime_pre2026_to_post2026,random_forest,0.200193250467107
separacion:3966,2026-0001164,GY-1106,GY,2026-02-07,7,2026-03-09,0,cross_regime_pre2026_to_post2026,random_forest,0.1946356158608392
separacion:3988,2026-0001431,FX-205,FX,2026-02-07,0,2026-03-09,0,cross_regime_pre2026_to_post2026,random_forest,0.22789777129196057
separacion:3989,2026-0001432,EEUU-D15,EEUU,2026-02-07,0,2026-03-09,0,cross_regime_pre2026_to_post2026,random_forest,0.14593608886275175
separacion:3873,2026-0000225,SL-1408,SL,2026-02-08,30,2026-03-10,0,cross_regime_pre2026_to_post2026,random_forest,0.27611651720431707
separacion:3968,2026-0001236,NP-A-E61,NP,2026-02-08,7,2026-03-10,0,cross_regime_pre2026_to_post2026,random_forest,0.08324787886275604
separacion:3970,2026-0001264,MD-E22,MD,2026-02-08,7,2026-03-10,0,cross_regime_pre2026_to_post2026,random_forest,0.08819534447307344
separacion:3990,2026-0001471,GY-603,GY,2026-02-08,0,2026-03-10,0,cross_regime_pre2026_to_post2026,random_forest,0.2088139195510596
separacion:3991,2026-0001475,MD-1309,MD,2026-02-08,0,2026-03-10,0,cross_regime_pre2026_to_post2026,random_forest,0.17471160128837065
separacion:3904,2026-0000701,EEUU-E14,EEUU,2026-02-09,21,2026-03-11,0,cross_regime_pre2026_to_post2026,random_forest,0.0464901177755429
separacion:3949,2026-0001010,NP-A2303,NP,2026-02-09,14,2026-03-11,1,cross_regime_pre2026_to_post2026,random_forest,0.14151779389698899
separacion:3950,2026-0001016,MD-E21,MD,2026-02-09,14,2026-03-11,0,cross_regime_pre2026_to_post2026,random_forest,0.06589844804796305
separacion:3951,2026-0000933,EEUU-501,EEUU,2026-02-09,14,2026-03-11,1,cross_regime_pre2026_to_post2026,random_forest,0.21245272381548022
separacion:3971,2026-0001284,NP-A303,NP,2026-02-09,7,2026-03-11,1,cross_regime_pre2026_to_post2026,random_forest,0.107191843477703
separacion:3992,2026-0001474,MD-1902,MD,2026-02-09,0,2026-03-11,0,cross_regime_pre2026_to_post2026,random_forest,0.12160699750692608
separacion:3909,2026-0000732,EEUU-D16,EEUU,2026-02-10,21,2026-03-12,0,cross_regime_pre2026_to_post2026,random_forest,0.0696584564746039
separacion:3952,2026-0001043,EEUU-603,EEUU,2026-02-10,14,2026-03-12,0,cross_regime_pre2026_to_post2026,random_forest,0.22381982761188385
separacion:3974,2026-0001297,GY-25,GY,2026-02-10,7,2026-03-12,0,cross_regime_pre2026_to_post2026,random_forest,0.04724198952727776
separacion:3976,2026-0001320,GY-21,GY,2026-02-10,7,2026-03-12,0,cross_regime_pre2026_to_post2026,random_forest,0.04724198952727776
separacion:3954,2026-0001053,MT-A58,MT,2026-02-11,14,2026-03-13,0,cross_regime_pre2026_to_post2026,random_forest,0.02335748873558468
separacion:3956,2026-0001082,EEUU-D13,EEUU,2026-02-11,14,2026-03-13,0,cross_regime_pre2026_to_post2026,random_forest,0.08379763215154468
separacion:3978,2026-0001332,EEUU-D4,EEUU,2026-02-11,7,2026-03-13,0,cross_regime_pre2026_to_post2026,random_forest,0.11753547824597177
separacion:3980,2026-0001337,FX-1502,FX,2026-02-11,7,2026-03-13,1,cross_regime_pre2026_to_post2026,random_forest,0.17539575065012447
separacion:3981,2026-0001309,MT-A1209,MT,2026-02-11,7,2026-03-13,0,cross_regime_pre2026_to_post2026,random_forest,0.13746279540437287
separacion:3993,2026-0001537,MD-1609,MD,2026-02-11,0,2026-03-13,0,cross_regime_pre2026_to_post2026,random_forest,0.2530716119058774
separacion:3994,2026-0001538,MD-1603,MD,2026-02-11,0,2026-03-13,0,cross_regime_pre2026_to_post2026,random_forest,0.2530716119058774
separacion:3922,2026-0000826,MD-E43,MD,2026-02-12,21,2026-03-14,0,cross_regime_pre2026_to_post2026,random_forest,0.05782568072604024
separacion:3923,2026-0000825,MD-E36,MD,2026-02-12,21,2026-03-14,0,cross_regime_pre2026_to_post2026,random_forest,0.05782568072604024
separacion:3924,2026-0000828,NP-A1304,NP,2026-02-12,21,2026-03-14,1,cross_regime_pre2026_to_post2026,random_forest,0.20688069819786054
separacion:3997,2026-0001566,GY-1001,GY,2026-02-12,0,2026-03-14,1,cross_regime_pre2026_to_post2026,random_forest,0.21595191671591585
separacion:3931,2026-0000856,MT-A23,MT,2026-02-13,21,2026-03-15,0,cross_regime_pre2026_to_post2026,random_forest,0.02359576817782483
separacion:3982,2026-0001398,SL-705,SL,2026-02-13,7,2026-03-15,0,cross_regime_pre2026_to_post2026,random_forest,0.1790781922361338
separacion:3983,2026-0001402,SL-E8,SL,2026-02-13,7,2026-03-15,0,cross_regime_pre2026_to_post2026,random_forest,0.04038346737215101
separacion:3985,2026-0001403,NP-A1803,NP,2026-02-13,7,2026-03-15,0,cross_regime_pre2026_to_post2026,random_forest,0.18336826025567002
separacion:3986,2026-0001396,EEUU-203,EEUU,2026-02-13,7,2026-03-15,1,cross_regime_pre2026_to_post2026,random_forest,0.2795876576235784
separacion:4002,2026-0001591,MT-A09,MT,2026-02-13,0,2026-03-15,0,cross_regime_pre2026_to_post2026,random_forest,0.05430164815408516
separacion:4005,2026-0001573,NP-A906,NP,2026-02-13,0,2026-03-15,0,cross_regime_pre2026_to_post2026,random_forest,0.1422123801163377
separacion:3889,2026-0000493,FX-405,FX,2026-02-14,30,2026-03-16,1,cross_regime_pre2026_to_post2026,random_forest,0.1986161961579606
separacion:3988,2026-0001431,FX-205,FX,2026-02-14,7,2026-03-16,0,cross_regime_pre2026_to_post2026,random_forest,0.1955556679734024
separacion:3989,2026-0001432,EEUU-D15,EEUU,2026-02-14,7,2026-03-16,0,cross_regime_pre2026_to_post2026,random_forest,0.10463338997852584
separacion:4006,2026-0001533,SL-1305,SL,2026-02-14,0,2026-03-16,0,cross_regime_pre2026_to_post2026,random_forest,0.16192052651559766
separacion:3890,2026-0000526,MD-E58,MD,2026-02-15,30,2026-03-17,0,cross_regime_pre2026_to_post2026,random_forest,0.08939567139730839
separacion:3891,2026-0000527,NP-A1806,NP,2026-02-15,30,2026-03-17,1,cross_regime_pre2026_to_post2026,random_forest,0.1985788855935363
separacion:3968,2026-0001236,NP-A-E61,NP,2026-02-15,14,2026-03-17,0,cross_regime_pre2026_to_post2026,random_forest,0.054919223400655685
separacion:3970,2026-0001264,MD-E22,MD,2026-02-15,14,2026-03-17,0,cross_regime_pre2026_to_post2026,random_forest,0.09093491382995288
separacion:3991,2026-0001475,MD-1309,MD,2026-02-15,7,2026-03-17,1,cross_regime_pre2026_to_post2026,random_forest,0.15386500994895402
separacion:4007,2026-0001648,NP-A2502,NP,2026-02-15,0,2026-03-17,0,cross_regime_pre2026_to_post2026,random_forest,0.13707701085457327
separacion:3949,2026-0001010,NP-A2303,NP,2026-02-16,21,2026-03-18,1,cross_regime_pre2026_to_post2026,random_forest,0.1541285833710505
separacion:3950,2026-0001016,MD-E21,MD,2026-02-16,21,2026-03-18,0,cross_regime_pre2026_to_post2026,random_forest,0.06191470227906112
separacion:3951,2026-0000933,EEUU-501,EEUU,2026-02-16,21,2026-03-18,1,cross_regime_pre2026_to_post2026,random_forest,0.21229958551728573
separacion:3971,2026-0001284,NP-A303,NP,2026-02-16,14,2026-03-18,1,cross_regime_pre2026_to_post2026,random_forest,0.14151779389698899
separacion:4009,2026-0001667,GY-1103,GY,2026-02-16,0,2026-03-18,1,cross_regime_pre2026_to_post2026,random_forest,0.17354908363412988
separacion:4011,2026-0001676,NP-A406,NP,2026-02-16,0,2026-03-18,1,cross_regime_pre2026_to_post2026,random_forest,0.10453134365318091
separacion:4012,2026-0001672,NP-A2605,NP,2026-02-16,0,2026-03-18,0,cross_regime_pre2026_to_post2026,random_forest,0.10453134365318091
separacion:3834,2026-0000043,MT-A29,MT,2026-02-17,45,2026-03-19,0,cross_regime_pre2026_to_post2026,random_forest,0.05110364038278539
separacion:3835,2026-0000071,GY-35,GY,2026-02-17,45,2026-03-19,0,cross_regime_pre2026_to_post2026,random_forest,0.055964915010402815
separacion:3974,2026-0001297,GY-25,GY,2026-02-17,14,2026-03-19,0,cross_regime_pre2026_to_post2026,random_forest,0.031975929424046284
separacion:3976,2026-0001320,GY-21,GY,2026-02-17,14,2026-03-19,0,cross_regime_pre2026_to_post2026,random_forest,0.031975929424046284
separacion:4013,2026-0001693,EEUU-1402,EEUU,2026-02-17,0,2026-03-19,0,cross_regime_pre2026_to_post2026,random_forest,0.2908600801327226
separacion:4014,2026-0001698,EEUU-E48,EEUU,2026-02-17,0,2026-03-19,0,cross_regime_pre2026_to_post2026,random_forest,0.14244481026435316
separacion:4016,2026-0001707,NP-A402,NP,2026-02-17,0,2026-03-19,0,cross_regime_pre2026_to_post2026,random_forest,0.1473305939264058
separacion:3837,2026-0000095,NP-A-E27,NP,2026-02-18,45,2026-03-20,0,cross_regime_pre2026_to_post2026,random_forest,0.04615142876985543
separacion:3838,2026-0000102,EEUU-E40,EEUU,2026-02-18,45,2026-03-20,0,cross_regime_pre2026_to_post2026,random_forest,0.04565985503010659
separacion:3839,2026-0000029,GY-206,GY,2026-02-18,45,2026-03-20,0,cross_regime_pre2026_to_post2026,random_forest,0.2026661206166527
separacion:3904,2026-0000701,EEUU-E14,EEUU,2026-02-18,30,2026-03-20,0,cross_regime_pre2026_to_post2026,random_forest,0.03886495099925145
separacion:3954,2026-0001053,MT-A58,MT,2026-02-18,21,2026-03-20,0,cross_regime_pre2026_to_post2026,random_forest,0.02293997129005665
separacion:3956,2026-0001082,EEUU-D13,EEUU,2026-02-18,21,2026-03-20,0,cross_regime_pre2026_to_post2026,random_forest,0.07414457179208439
separacion:3978,2026-0001332,EEUU-D4,EEUU,2026-02-18,14,2026-03-20,0,cross_regime_pre2026_to_post2026,random_forest,0.08379763215154468
separacion:3980,2026-0001337,FX-1502,FX,2026-02-18,14,2026-03-20,1,cross_regime_pre2026_to_post2026,random_forest,0.17967869207753456
separacion:3993,2026-0001537,MD-1609,MD,2026-02-18,7,2026-03-20,0,cross_regime_pre2026_to_post2026,random_forest,0.22022704972480323
separacion:3994,2026-0001538,MD-1603,MD,2026-02-18,7,2026-03-20,0,cross_regime_pre2026_to_post2026,random_forest,0.22022704972480323
separacion:4017,2026-0001713,GY-1503,GY,2026-02-18,0,2026-03-20,1,cross_regime_pre2026_to_post2026,random_forest,0.26104328206172034
separacion:4018,2026-0001716,NP-A1704,NP,2026-02-18,0,2026-03-20,1,cross_regime_pre2026_to_post2026,random_forest,0.17995088571065712
separacion:4019,2026-0001717,NP-A1404,NP,2026-02-18,0,2026-03-20,0,cross_regime_pre2026_to_post2026,random_forest,0.17995088571065712
separacion:3909,2026-0000732,EEUU-D16,EEUU,2026-02-19,30,2026-03-21,0,cross_regime_pre2026_to_post2026,random_forest,0.06447178961677012
separacion:4025,2026-0001739,FX-705,FX,2026-02-19,0,2026-03-21,1,cross_regime_pre2026_to_post2026,random_forest,0.2568255840060472
separacion:4026,2026-0001742,CP-E27,CP,2026-02-19,0,2026-03-21,0,cross_regime_pre2026_to_post2026,random_forest,0.05483583376853364
separacion:3865,2026-0000164,MD-E38,MD,2026-02-20,45,2026-03-22,0,cross_regime_pre2026_to_post2026,random_forest,0.06322822444076061
separacion:3982,2026-0001398,SL-705,SL,2026-02-20,14,2026-03-22,0,cross_regime_pre2026_to_post2026,random_forest,0.27472137025070714
separacion:3983,2026-0001402,SL-E8,SL,2026-02-20,14,2026-03-22,0,cross_regime_pre2026_to_post2026,random_forest,0.026267421962239936
separacion:3985,2026-0001403,NP-A1803,NP,2026-02-20,14,2026-03-22,0,cross_regime_pre2026_to_post2026,random_forest,0.23629227316105794
separacion:3986,2026-0001396,EEUU-203,EEUU,2026-02-20,14,2026-03-22,1,cross_regime_pre2026_to_post2026,random_forest,0.2653221972573025
separacion:4002,2026-0001591,MT-A09,MT,2026-02-20,7,2026-03-22,0,cross_regime_pre2026_to_post2026,random_forest,0.039113473131114816
separacion:3866,2026-0000134,NP-A-E62,NP,2026-02-21,45,2026-03-23,0,cross_regime_pre2026_to_post2026,random_forest,0.04627518520523705
separacion:3922,2026-0000826,MD-E43,MD,2026-02-21,30,2026-03-23,0,cross_regime_pre2026_to_post2026,random_forest,0.06760713548529278
separacion:3923,2026-0000825,MD-E36,MD,2026-02-21,30,2026-03-23,0,cross_regime_pre2026_to_post2026,random_forest,0.06760713548529278
separacion:3924,2026-0000828,NP-A1304,NP,2026-02-21,30,2026-03-23,1,cross_regime_pre2026_to_post2026,random_forest,0.18913866728810466
separacion:3989,2026-0001432,EEUU-D15,EEUU,2026-02-21,14,2026-03-23,0,cross_regime_pre2026_to_post2026,random_forest,0.08478352232834528
separacion:4006,2026-0001533,SL-1305,SL,2026-02-21,7,2026-03-23,0,cross_regime_pre2026_to_post2026,random_forest,0.19214970285803706
separacion:4028,2026-0001802,MD-1208,MD,2026-02-21,0,2026-03-23,0,cross_regime_pre2026_to_post2026,random_forest,0.1602130355982337
separacion:4029,2026-0001819,MD-908,MD,2026-02-21,0,2026-03-23,0,cross_regime_pre2026_to_post2026,random_forest,0.1602130355982337
separacion:3931,2026-0000856,MT-A23,MT,2026-02-22,30,2026-03-24,0,cross_regime_pre2026_to_post2026,random_forest,0.050607761628750116
separacion:3968,2026-0001236,NP-A-E61,NP,2026-02-22,21,2026-03-24,0,cross_regime_pre2026_to_post2026,random_forest,0.05474564319967944
separacion:3970,2026-0001264,MD-E22,MD,2026-02-22,21,2026-03-24,0,cross_regime_pre2026_to_post2026,random_forest,0.08664393763818572
separacion:3991,2026-0001475,MD-1309,MD,2026-02-22,14,2026-03-24,1,cross_regime_pre2026_to_post2026,random_forest,0.21322421935638064
separacion:4007,2026-0001648,NP-A2502,NP,2026-02-22,7,2026-03-24,0,cross_regime_pre2026_to_post2026,random_forest,0.13861247669765217
separacion:4031,2026-0001823,MD-2101,MD,2026-02-22,0,2026-03-24,0,cross_regime_pre2026_to_post2026,random_forest,0.17471160128837065
separacion:3873,2026-0000225,SL-1408,SL,2026-02-23,45,2026-03-25,0,cross_regime_pre2026_to_post2026,random_forest,0.23135849587670554
separacion:4033,2026-0001854,TZ-6,TZ,2026-02-23,0,2026-03-25,0,cross_regime_pre2026_to_post2026,random_forest,0.05529524081421139
separacion:4034,2026-0001828,GY-703,GY,2026-02-23,0,2026-03-25,0,cross_regime_pre2026_to_post2026,random_forest,0.12153430681743432
separacion:4040,2026-0001859,TZ-17,TZ,2026-02-23,0,2026-03-25,0,cross_regime_pre2026_to_post2026,random_forest,0.05529524081421139
separacion:3974,2026-0001297,GY-25,GY,2026-02-24,21,2026-03-26,0,cross_regime_pre2026_to_post2026,random_forest,0.03210797973697698
separacion:3976,2026-0001320,GY-21,GY,2026-02-24,21,2026-03-26,0,cross_regime_pre2026_to_post2026,random_forest,0.03210797973697698
separacion:4014,2026-0001698,EEUU-E48,EEUU,2026-02-24,7,2026-03-26,0,cross_regime_pre2026_to_post2026,random_forest,0.10429347970489532
separacion:4044,2026-0001915,SL-1405,SL,2026-02-24,0,2026-03-26,0,cross_regime_pre2026_to_post2026,random_forest,0.16035252109527953
separacion:4045,2026-0001919,FX-E24,FX,2026-02-24,0,2026-03-26,0,cross_regime_pre2026_to_post2026,random_forest,0.06909915130558555
separacion:4046,2026-0001921,FX-1601,FX,2026-02-24,0,2026-03-26,1,cross_regime_pre2026_to_post2026,random_forest,0.19298585924456957
separacion:3950,2026-0001016,MD-E21,MD,2026-02-25,30,2026-03-27,0,cross_regime_pre2026_to_post2026,random_forest,0.055850393917442925
separacion:3978,2026-0001332,EEUU-D4,EEUU,2026-02-25,21,2026-03-27,0,cross_regime_pre2026_to_post2026,random_forest,0.07414457179208439
separacion:3993,2026-0001537,MD-1609,MD,2026-02-25,14,2026-03-27,0,cross_regime_pre2026_to_post2026,random_forest,0.22775238196177125
separacion:4047,2026-0001892,NP-A1302,NP,2026-02-25,0,2026-03-27,0,cross_regime_pre2026_to_post2026,random_forest,0.1437535467372124
separacion:4050,2026-0001938,FX-1301,FX,2026-02-25,0,2026-03-27,0,cross_regime_pre2026_to_post2026,random_forest,0.2278740131681277
separacion:4052,2026-0001943,GY-706,GY,2026-02-25,0,2026-03-27,0,cross_regime_pre2026_to_post2026,random_forest,0.26104328206172034
separacion:4026,2026-0001742,CP-E27,CP,2026-02-26,7,2026-03-28,0,cross_regime_pre2026_to_post2026,random_forest,0.04674807876469407
separacion:3954,2026-0001053,MT-A58,MT,2026-02-27,30,2026-03-29,0,cross_regime_pre2026_to_post2026,random_forest,0.025788819064661034
separacion:3956,2026-0001082,EEUU-D13,EEUU,2026-02-27,30,2026-03-29,0,cross_regime_pre2026_to_post2026,random_forest,0.0760190823533216
separacion:3983,2026-0001402,SL-E8,SL,2026-02-27,21,2026-03-29,0,cross_regime_pre2026_to_post2026,random_forest,0.026465617165602393
separacion:4002,2026-0001591,MT-A09,MT,2026-02-27,14,2026-03-29,0,cross_regime_pre2026_to_post2026,random_forest,0.022073960381146205
separacion:4058,2026-0001994,MD-102,MD,2026-02-27,0,2026-03-29,0,cross_regime_pre2026_to_post2026,random_forest,0.19473914657780347
separacion:3989,2026-0001432,EEUU-D15,EEUU,2026-02-28,21,2026-03-30,0,cross_regime_pre2026_to_post2026,random_forest,0.07922223015436164
separacion:4006,2026-0001533,SL-1305,SL,2026-02-28,14,2026-03-30,0,cross_regime_pre2026_to_post2026,random_forest,0.2572216235391135
separacion:4061,2026-0002052,SL-505,SL,2026-02-28,0,2026-03-30,0,cross_regime_pre2026_to_post2026,random_forest,0.15336931834628487
separacion:4062,2026-0002065,FX-1502,FX,2026-02-28,0,2026-03-30,0,cross_regime_pre2026_to_post2026,random_forest,0.22789777129196057
separacion:4063,2026-0002080,NP-A1703,NP,2026-02-28,0,2026-03-30,0,cross_regime_pre2026_to_post2026,random_forest,0.1311364932769583
separacion:4064,2026-0002083,GY-1303,GY,2026-02-28,0,2026-03-30,0,cross_regime_pre2026_to_post2026,random_forest,0.18514579760809977
separacion:4065,2026-0002060,MT-A509,MT,2026-02-28,0,2026-03-30,0,cross_regime_pre2026_to_post2026,random_forest,0.15302274834366084
separacion:3991,2026-0001475,MD-1309,MD,2026-03-01,21,2026-03-31,1,cross_regime_pre2026_to_post2026,random_forest,0.2218164824414682
separacion:4066,2026-0002114,NP-A1910,NP,2026-03-01,0,2026-03-31,0,cross_regime_pre2026_to_post2026,random_forest,0.07484456274473633
separacion:4067,2026-0002061,NP-A2610,NP,2026-03-01,0,2026-03-31,0,cross_regime_pre2026_to_post2026,random_forest,0.09161164391822217
separacion:4068,2026-0002131,GY-1502,GY,2026-03-01,0,2026-03-31,0,cross_regime_pre2026_to_post2026,random_forest,0.16467583070842776
separacion:4069,2026-0002138,SL-1505,SL,2026-03-01,0,2026-03-31,0,cross_regime_pre2026_to_post2026,random_forest,0.09568850366300592
separacion:3890,2026-0000526,MD-E58,MD,2026-03-02,45,2026-04-01,0,cross_regime_pre2026_to_post2026,random_forest,0.06376764796589146
separacion:4033,2026-0001854,TZ-6,TZ,2026-03-02,7,2026-04-01,0,cross_regime_pre2026_to_post2026,random_forest,0.0465062037335254
separacion:4040,2026-0001859,TZ-17,TZ,2026-03-02,7,2026-04-01,0,cross_regime_pre2026_to_post2026,random_forest,0.0465062037335254
separacion:4070,2026-0002136,NP-A1202,NP,2026-03-02,0,2026-04-01,0,cross_regime_pre2026_to_post2026,random_forest,0.056889262828050846
separacion:4075,2026-0002152,NP-A802,NP,2026-03-02,0,2026-04-01,1,cross_regime_pre2026_to_post2026,random_forest,0.0530678284240232
separacion:4076,2026-0002177,EEUU-1002,EEUU,2026-03-02,0,2026-04-01,0,cross_regime_pre2026_to_post2026,random_forest,0.14472427064605775
separacion:3968,2026-0001236,NP-A-E61,NP,2026-03-03,30,2026-04-02,0,cross_regime_pre2026_to_post2026,random_forest,0.0320705096746736
separacion:3970,2026-0001264,MD-E22,MD,2026-03-03,30,2026-04-02,0,cross_regime_pre2026_to_post2026,random_forest,0.057584762277378715
separacion:4014,2026-0001698,EEUU-E48,EEUU,2026-03-03,14,2026-04-02,0,cross_regime_pre2026_to_post2026,random_forest,0.028458047587703917
separacion:4044,2026-0001915,SL-1405,SL,2026-03-03,7,2026-04-02,0,cross_regime_pre2026_to_post2026,random_forest,0.07760933639473375
separacion:4045,2026-0001919,FX-E24,FX,2026-03-03,7,2026-04-02,0,cross_regime_pre2026_to_post2026,random_forest,0.0447091523881878
separacion:3834,2026-0000043,MT-A29,MT,2026-03-04,60,2026-04-03,0,cross_regime_pre2026_to_post2026,random_forest,0.041026025258578826
separacion:3835,2026-0000071,GY-35,GY,2026-03-04,60,2026-04-03,0,cross_regime_pre2026_to_post2026,random_forest,0.05197837645553105
separacion:4050,2026-0001938,FX-1301,FX,2026-03-04,7,2026-04-03,0,cross_regime_pre2026_to_post2026,random_forest,0.1143767142378044
separacion:4052,2026-0001943,GY-706,GY,2026-03-04,7,2026-04-03,0,cross_regime_pre2026_to_post2026,random_forest,0.2582548245238663
separacion:4077,2026-0002207,FX-401,FX,2026-03-04,0,2026-04-03,0,cross_regime_pre2026_to_post2026,random_forest,0.1305848914303309
separacion:3837,2026-0000095,NP-A-E27,NP,2026-03-05,60,2026-04-04,0,cross_regime_pre2026_to_post2026,random_forest,0.043962480202761556
separacion:3838,2026-0000102,EEUU-E40,EEUU,2026-03-05,60,2026-04-04,0,cross_regime_pre2026_to_post2026,random_forest,0.031092447006242106
separacion:3904,2026-0000701,EEUU-E14,EEUU,2026-03-05,45,2026-04-04,0,cross_regime_pre2026_to_post2026,random_forest,0.023176602060650017
separacion:3974,2026-0001297,GY-25,GY,2026-03-05,30,2026-04-04,0,cross_regime_pre2026_to_post2026,random_forest,0.021582259602733776
separacion:3976,2026-0001320,GY-21,GY,2026-03-05,30,2026-04-04,0,cross_regime_pre2026_to_post2026,random_forest,0.021582259602733776
separacion:4026,2026-0001742,CP-E27,CP,2026-03-05,14,2026-04-04,0,cross_regime_pre2026_to_post2026,random_forest,0.03844911560490336
separacion:3909,2026-0000732,EEUU-D16,EEUU,2026-03-06,45,2026-04-05,0,cross_regime_pre2026_to_post2026,random_forest,0.0654119928725168
separacion:3978,2026-0001332,EEUU-D4,EEUU,2026-03-06,30,2026-04-05,0,cross_regime_pre2026_to_post2026,random_forest,0.05662336090491306
separacion:4002,2026-0001591,MT-A09,MT,2026-03-06,21,2026-04-05,0,cross_regime_pre2026_to_post2026,random_forest,0.013656888829770304
separacion:3865,2026-0000164,MD-E38,MD,2026-03-07,60,2026-04-06,0,cross_regime_pre2026_to_post2026,random_forest,0.07314153062614344
separacion:4006,2026-0001533,SL-1305,SL,2026-03-07,21,2026-04-06,0,cross_regime_pre2026_to_post2026,random_forest,0.2534276573066816
separacion:4061,2026-0002052,SL-505,SL,2026-03-07,7,2026-04-06,0,cross_regime_pre2026_to_post2026,random_forest,0.10119926643860416
separacion:4062,2026-0002065,FX-1502,FX,2026-03-07,7,2026-04-06,0,cross_regime_pre2026_to_post2026,random_forest,0.14509076816888059
separacion:4063,2026-0002080,NP-A1703,NP,2026-03-07,7,2026-04-06,0,cross_regime_pre2026_to_post2026,random_forest,0.09412884308452016
separacion:4080,2026-0002276,GY-1602,GY,2026-03-07,0,2026-04-06,0,cross_regime_pre2026_to_post2026,random_forest,0.1343539787458596
separacion:3866,2026-0000134,NP-A-E62,NP,2026-03-08,60,2026-04-07,0,cross_regime_pre2026_to_post2026,random_forest,0.0642453594806838
separacion:3922,2026-0000826,MD-E43,MD,2026-03-08,45,2026-04-07,0,cross_regime_pre2026_to_post2026,random_forest,0.08605673338602944
separacion:3923,2026-0000825,MD-E36,MD,2026-03-08,45,2026-04-07,0,cross_regime_pre2026_to_post2026,random_forest,0.08605673338602944
separacion:3983,2026-0001402,SL-E8,SL,2026-03-08,30,2026-04-07,0,cross_regime_pre2026_to_post2026,random_forest,0.04015435905792827
separacion:4067,2026-0002061,NP-A2610,NP,2026-03-08,7,2026-04-07,0,cross_regime_pre2026_to_post2026,random_forest,0.11408545113577122
separacion:4068,2026-0002131,GY-1502,GY,2026-03-08,7,2026-04-07,0,cross_regime_pre2026_to_post2026,random_forest,0.19471534980539126
separacion:4069,2026-0002138,SL-1505,SL,2026-03-08,7,2026-04-07,0,cross_regime_pre2026_to_post2026,random_forest,0.13260931728629954
separacion:3931,2026-0000856,MT-A23,MT,2026-03-09,45,2026-04-08,0,cross_regime_pre2026_to_post2026,random_forest,0.058137064066248315
separacion:3989,2026-0001432,EEUU-D15,EEUU,2026-03-09,30,2026-04-08,0,cross_regime_pre2026_to_post2026,random_forest,0.08594162706048608
separacion:4033,2026-0001854,TZ-6,TZ,2026-03-09,14,2026-04-08,0,cross_regime_pre2026_to_post2026,random_forest,0.061233277408262676
separacion:4040,2026-0001859,TZ-17,TZ,2026-03-09,14,2026-04-08,0,cross_regime_pre2026_to_post2026,random_forest,0.061233277408262676
separacion:4075,2026-0002152,NP-A802,NP,2026-03-09,7,2026-04-08,1,cross_regime_pre2026_to_post2026,random_forest,0.0724266865918523
separacion:4076,2026-0002177,EEUU-1002,EEUU,2026-03-09,7,2026-04-08,0,cross_regime_pre2026_to_post2026,random_forest,0.11453593284752156
separacion:3873,2026-0000225,SL-1408,SL,2026-03-10,60,2026-04-09,1,cross_regime_pre2026_to_post2026,random_forest,0.18352234886559737
separacion:3991,2026-0001475,MD-1309,MD,2026-03-10,30,2026-04-09,1,cross_regime_pre2026_to_post2026,random_forest,0.2571531467956848
separacion:4014,2026-0001698,EEUU-E48,EEUU,2026-03-10,21,2026-04-09,0,cross_regime_pre2026_to_post2026,random_forest,0.024427117378788686
separacion:4044,2026-0001915,SL-1405,SL,2026-03-10,14,2026-04-09,0,cross_regime_pre2026_to_post2026,random_forest,0.15982083216759324
separacion:4045,2026-0001919,FX-E24,FX,2026-03-10,14,2026-04-09,0,cross_regime_pre2026_to_post2026,random_forest,0.04336768968920899
separacion:4085,2026-0002366,NP-A2405,NP,2026-03-10,0,2026-04-09,0,cross_regime_pre2026_to_post2026,random_forest,0.08743099701189108
separacion:4050,2026-0001938,FX-1301,FX,2026-03-11,14,2026-04-10,0,cross_regime_pre2026_to_post2026,random_forest,0.13282164885026362
separacion:4077,2026-0002207,FX-401,FX,2026-03-11,7,2026-04-10,0,cross_regime_pre2026_to_post2026,random_forest,0.1143767142378044
separacion:3950,2026-0001016,MD-E21,MD,2026-03-12,45,2026-04-11,0,cross_regime_pre2026_to_post2026,random_forest,0.05561610419797454
separacion:4026,2026-0001742,CP-E27,CP,2026-03-12,21,2026-04-11,0,cross_regime_pre2026_to_post2026,random_forest,0.038014263275520294
separacion:4088,2026-0002498,NP-A1601,NP,2026-03-12,0,2026-04-11,0,cross_regime_pre2026_to_post2026,random_forest,0.08099464212114574
separacion:4089,2026-0002499,NP-A1603,NP,2026-03-12,0,2026-04-11,0,cross_regime_pre2026_to_post2026,random_forest,0.08099464212114574
separacion:4090,2026-0002514,SL-704,SL,2026-03-13,0,2026-04-12,0,cross_regime_pre2026_to_post2026,random_forest,0.13082955508952407
separacion:4091,2026-0002513,SL-702,SL,2026-03-13,0,2026-04-12,0,cross_regime_pre2026_to_post2026,random_forest,0.13082955508952407
separacion:4093,2026-0002593,NP-A2403,NP,2026-03-13,0,2026-04-12,0,cross_regime_pre2026_to_post2026,random_forest,0.08617386557654384
separacion:4094,2026-0002550,MD-501,MD,2026-03-13,0,2026-04-12,0,cross_regime_pre2026_to_post2026,random_forest,0.10306927610963318
separacion:3954,2026-0001053,MT-A58,MT,2026-03-14,45,2026-04-13,0,cross_regime_pre2026_to_post2026,random_forest,0.033040407959876464
separacion:3956,2026-0001082,EEUU-D13,EEUU,2026-03-14,45,2026-04-13,0,cross_regime_pre2026_to_post2026,random_forest,0.06549285762764745
separacion:4061,2026-0002052,SL-505,SL,2026-03-14,14,2026-04-13,0,cross_regime_pre2026_to_post2026,random_forest,0.2499971263488387
separacion:4062,2026-0002065,FX-1502,FX,2026-03-14,14,2026-04-13,0,cross_regime_pre2026_to_post2026,random_forest,0.19269121560440497
separacion:4063,2026-0002080,NP-A1703,NP,2026-03-14,14,2026-04-13,0,cross_regime_pre2026_to_post2026,random_forest,0.16002023970391518
separacion:4080,2026-0002276,GY-1602,GY,2026-03-14,7,2026-04-13,0,cross_regime_pre2026_to_post2026,random_forest,0.17347395820645123
separacion:4095,2026-0002610,FX-501,FX,2026-03-14,0,2026-04-13,0,cross_regime_pre2026_to_post2026,random_forest,0.15779399832058116
separacion:4096,2026-0002615,MD-1709,MD,2026-03-14,0,2026-04-13,0,cross_regime_pre2026_to_post2026,random_forest,0.08601390048808887
separacion:4098,2026-0002641,GY-1403,GY,2026-03-14,0,2026-04-13,0,cross_regime_pre2026_to_post2026,random_forest,0.1343539787458596
separacion:4099,2026-0002659,MT-A904,MT,2026-03-14,0,2026-04-13,0,cross_regime_pre2026_to_post2026,random_forest,0.08966336453212748
separacion:4100,2026-0002696,GY-1003,GY,2026-03-14,0,2026-04-13,0,cross_regime_pre2026_to_post2026,random_forest,0.1343539787458596
separacion:4101,2026-0002726,NP-A902,NP,2026-03-14,0,2026-04-13,0,cross_regime_pre2026_to_post2026,random_forest,0.065354523685567
separacion:4102,2026-0002668,GY-1103,GY,2026-03-14,0,2026-04-13,0,cross_regime_pre2026_to_post2026,random_forest,0.1343539787458596
separacion:4103,2026-0002746,CP-A301,CP,2026-03-14,0,2026-04-13,0,cross_regime_pre2026_to_post2026,random_forest,0.14595180162884788
separacion:4104,2026-0002599,NP-A2303,NP,2026-03-14,0,2026-04-13,0,cross_regime_pre2026_to_post2026,random_forest,0.08368566052996433
separacion:4105,2026-0002774,CP-A401,CP,2026-03-14,0,2026-04-13,0,cross_regime_pre2026_to_post2026,random_forest,0.14595180162884788
separacion:4106,2026-0002781,FX-E16,FX,2026-03-14,0,2026-04-13,0,cross_regime_pre2026_to_post2026,random_forest,0.04730738754035758
separacion:4002,2026-0001591,MT-A09,MT,2026-03-15,30,2026-04-14,0,cross_regime_pre2026_to_post2026,random_forest,0.04592756562843855
separacion:4068,2026-0002131,GY-1502,GY,2026-03-15,14,2026-04-14,0,cross_regime_pre2026_to_post2026,random_forest,0.2973998228194547
separacion:4069,2026-0002138,SL-1505,SL,2026-03-15,14,2026-04-14,0,cross_regime_pre2026_to_post2026,random_forest,0.2667235796890224
separacion:4107,2026-0002813,GY-303,GY,2026-03-15,0,2026-04-14,0,cross_regime_pre2026_to_post2026,random_forest,0.16467583070842776
separacion:4108,2026-0002822,SL-403,SL,2026-03-15,0,2026-04-14,0,cross_regime_pre2026_to_post2026,random_forest,0.09568850366300592
separacion:4109,2026-0002890,MT-A57,MT,2026-03-15,0,2026-04-14,0,cross_regime_pre2026_to_post2026,random_forest,0.0510956694768424
separacion:4110,2026-0002888,MT-A409,MT,2026-03-15,0,2026-04-14,1,cross_regime_pre2026_to_post2026,random_forest,0.11581187250317246
separacion:4112,2026-0002901,SL-1101,SL,2026-03-15,0,2026-04-14,0,cross_regime_pre2026_to_post2026,random_forest,0.09568850366300592
separacion:4113,2026-0002937,NP-A306,NP,2026-03-15,0,2026-04-14,0,cross_regime_pre2026_to_post2026,random_forest,0.07484456274473633
separacion:4114,2026-0002949,FX-1102,FX,2026-03-15,0,2026-04-14,0,cross_regime_pre2026_to_post2026,random_forest,0.16071994289614405
separacion:4115,2026-0002954,NP-A1205,NP,2026-03-15,0,2026-04-14,0,cross_regime_pre2026_to_post2026,random_forest,0.07484456274473633
separacion:4116,2026-0002965,NP-A706,NP,2026-03-15,0,2026-04-14,0,cross_regime_pre2026_to_post2026,random_forest,0.07484456274473633
separacion:4117,2026-0002964,FX-901,FX,2026-03-15,0,2026-04-14,1,cross_regime_pre2026_to_post2026,random_forest,0.16071994289614405
separacion:4118,2026-0002963,SL-1306,SL,2026-03-15,0,2026-04-14,1,cross_regime_pre2026_to_post2026,random_forest,0.09568850366300592
separacion:4119,2026-0002952,MT-A801,MT,2026-03-15,0,2026-04-14,0,cross_regime_pre2026_to_post2026,random_forest,0.11581187250317246
separacion:4006,2026-0001533,SL-1305,SL,2026-03-16,30,2026-04-15,0,cross_regime_pre2026_to_post2026,random_forest,0.1822348108875814
separacion:4040,2026-0001859,TZ-17,TZ,2026-03-16,21,2026-04-15,0,cross_regime_pre2026_to_post2026,random_forest,0.066341818735476
separacion:4075,2026-0002152,NP-A802,NP,2026-03-16,14,2026-04-15,1,cross_regime_pre2026_to_post2026,random_forest,0.11851307551266661
separacion:3890,2026-0000526,MD-E58,MD,2026-03-17,60,2026-04-16,0,cross_regime_pre2026_to_post2026,random_forest,0.06209446270055588
separacion:4044,2026-0001915,SL-1405,SL,2026-03-17,21,2026-04-16,0,cross_regime_pre2026_to_post2026,random_forest,0.16182696562119608
separacion:4045,2026-0001919,FX-E24,FX,2026-03-17,21,2026-04-16,0,cross_regime_pre2026_to_post2026,random_forest,0.0437161431334099
separacion:4085,2026-0002366,NP-A2405,NP,2026-03-17,7,2026-04-16,0,cross_regime_pre2026_to_post2026,random_forest,0.10522473240636498
separacion:4121,2026-0002874,MT-A1008,MT,2026-03-17,0,2026-04-16,0,cross_regime_pre2026_to_post2026,random_forest,0.08681812755613677
separacion:4122,2026-0002991,GY-D7,GY,2026-03-17,0,2026-04-16,0,cross_regime_pre2026_to_post2026,random_forest,0.09123630200361928
separacion:4123,2026-0002995,MT-A1001,MT,2026-03-17,0,2026-04-16,0,cross_regime_pre2026_to_post2026,random_forest,0.07296901062706893
separacion:3968,2026-0001236,NP-A-E61,NP,2026-03-18,45,2026-04-17,0,cross_regime_pre2026_to_post2026,random_forest,0.04307411694576149
separacion:3970,2026-0001264,MD-E22,MD,2026-03-18,45,2026-04-17,0,cross_regime_pre2026_to_post2026,random_forest,0.058080640995331514
separacion:4050,2026-0001938,FX-1301,FX,2026-03-18,21,2026-04-17,0,cross_regime_pre2026_to_post2026,random_forest,0.13775840252547825
separacion:4129,2026-0002981,MT-A1309,MT,2026-03-18,0,2026-04-17,0,cross_regime_pre2026_to_post2026,random_forest,0.07636877488736173
separacion:4130,2026-0003010,SL-1001,SL,2026-03-18,0,2026-04-17,0,cross_regime_pre2026_to_post2026,random_forest,0.09416080526825672
separacion:4131,2026-0003014,EEUU-E50,EEUU,2026-03-18,0,2026-04-17,0,cross_regime_pre2026_to_post2026,random_forest,0.14675625180348117
separacion:4132,2026-0003024,CP-A1001,CP,2026-03-18,0,2026-04-17,0,cross_regime_pre2026_to_post2026,random_forest,0.18061884237717732
separacion:4133,2026-0003028,MT-B705,MT,2026-03-18,0,2026-04-17,0,cross_regime_pre2026_to_post2026,random_forest,0.0825412067789752
separacion:3834,2026-0000043,MT-A29,MT,2026-03-19,75,2026-04-18,0,cross_regime_pre2026_to_post2026,random_forest,0.02210979576581434
separacion:3835,2026-0000071,GY-35,GY,2026-03-19,75,2026-04-18,0,cross_regime_pre2026_to_post2026,random_forest,0.0340313297581504
separacion:4014,2026-0001698,EEUU-E48,EEUU,2026-03-19,30,2026-04-18,0,cross_regime_pre2026_to_post2026,random_forest,0.016229958402761833
separacion:4088,2026-0002498,NP-A1601,NP,2026-03-19,7,2026-04-18,0,cross_regime_pre2026_to_post2026,random_forest,0.11180642310874912
separacion:4089,2026-0002499,NP-A1603,NP,2026-03-19,7,2026-04-18,0,cross_regime_pre2026_to_post2026,random_forest,0.11180642310874912
separacion:4134,2026-0003033,GY-8,GY,2026-03-19,0,2026-04-18,1,cross_regime_pre2026_to_post2026,random_forest,0.04540762031217853
separacion:4135,2026-0003039,NP-A1802,NP,2026-03-19,0,2026-04-18,0,cross_regime_pre2026_to_post2026,random_forest,0.08099464212114574
separacion:4136,2026-0003041,MT-A04,MT,2026-03-19,0,2026-04-18,0,cross_regime_pre2026_to_post2026,random_forest,0.04138894661262729
separacion:3837,2026-0000095,NP-A-E27,NP,2026-03-20,75,2026-04-19,0,cross_regime_pre2026_to_post2026,random_forest,0.031939747946657986
separacion:3838,2026-0000102,EEUU-E40,EEUU,2026-03-20,75,2026-04-19,0,cross_regime_pre2026_to_post2026,random_forest,0.02492373359966256
separacion:3904,2026-0000701,EEUU-E14,EEUU,2026-03-20,60,2026-04-19,0,cross_regime_pre2026_to_post2026,random_forest,0.03182504920793823
separacion:3974,2026-0001297,GY-25,GY,2026-03-20,45,2026-04-19,0,cross_regime_pre2026_to_post2026,random_forest,0.032995753406396176
separacion:3976,2026-0001320,GY-21,GY,2026-03-20,45,2026-04-19,0,cross_regime_pre2026_to_post2026,random_forest,0.032995753406396176
separacion:4090,2026-0002514,SL-704,SL,2026-03-20,7,2026-04-19,0,cross_regime_pre2026_to_post2026,random_forest,0.15908964792878028
separacion:4091,2026-0002513,SL-702,SL,2026-03-20,7,2026-04-19,0,cross_regime_pre2026_to_post2026,random_forest,0.15908964792878028
separacion:4093,2026-0002593,NP-A2403,NP,2026-03-20,7,2026-04-19,0,cross_regime_pre2026_to_post2026,random_forest,0.13209746220533838
separacion:4094,2026-0002550,MD-501,MD,2026-03-20,7,2026-04-19,0,cross_regime_pre2026_to_post2026,random_forest,0.10594409057690403
separacion:4139,2026-0002794,MD-802,MD,2026-03-20,0,2026-04-19,0,cross_regime_pre2026_to_post2026,random_forest,0.07709538641479101
separacion:4140,2026-0003067,GY-14,GY,2026-03-20,0,2026-04-19,0,cross_regime_pre2026_to_post2026,random_forest,0.047931392307453455
separacion:3909,2026-0000732,EEUU-D16,EEUU,2026-03-21,60,2026-04-20,0,cross_regime_pre2026_to_post2026,random_forest,0.07283006579041756
separacion:4026,2026-0001742,CP-E27,CP,2026-03-21,30,2026-04-20,0,cross_regime_pre2026_to_post2026,random_forest,0.047832061353989055
separacion:4062,2026-0002065,FX-1502,FX,2026-03-21,21,2026-04-20,0,cross_regime_pre2026_to_post2026,random_forest,0.21881069051108068
separacion:4063,2026-0002080,NP-A1703,NP,2026-03-21,21,2026-04-20,0,cross_regime_pre2026_to_post2026,random_forest,0.20980800375334524
separacion:4080,2026-0002276,GY-1602,GY,2026-03-21,14,2026-04-20,1,cross_regime_pre2026_to_post2026,random_forest,0.2807072505502346
separacion:4095,2026-0002610,FX-501,FX,2026-03-21,7,2026-04-20,0,cross_regime_pre2026_to_post2026,random_forest,0.15576704631610247
separacion:4096,2026-0002615,MD-1709,MD,2026-03-21,7,2026-04-20,0,cross_regime_pre2026_to_post2026,random_forest,0.09293356412349076
separacion:4098,2026-0002641,GY-1403,GY,2026-03-21,7,2026-04-20,0,cross_regime_pre2026_to_post2026,random_forest,0.17347395820645123
separacion:4100,2026-0002696,GY-1003,GY,2026-03-21,7,2026-04-20,0,cross_regime_pre2026_to_post2026,random_forest,0.17347395820645123
separacion:4101,2026-0002726,NP-A902,NP,2026-03-21,7,2026-04-20,0,cross_regime_pre2026_to_post2026,random_forest,0.09412884308452016
separacion:4102,2026-0002668,GY-1103,GY,2026-03-21,7,2026-04-20,0,cross_regime_pre2026_to_post2026,random_forest,0.17347395820645123
separacion:4103,2026-0002746,CP-A301,CP,2026-03-21,7,2026-04-20,0,cross_regime_pre2026_to_post2026,random_forest,0.1756988212134559
separacion:4104,2026-0002599,NP-A2303,NP,2026-03-21,7,2026-04-20,0,cross_regime_pre2026_to_post2026,random_forest,0.10490615840748588
separacion:4106,2026-0002781,FX-E16,FX,2026-03-21,7,2026-04-20,0,cross_regime_pre2026_to_post2026,random_forest,0.04490267751286837
separacion:4141,2026-0002797,MT-A401,MT,2026-03-21,0,2026-04-20,0,cross_regime_pre2026_to_post2026,random_forest,0.08952749815754359
separacion:4142,2026-0003094,GY-203,GY,2026-03-21,0,2026-04-20,0,cross_regime_pre2026_to_post2026,random_forest,0.1343539787458596
separacion:4143,2026-0003097,NP-A1003,NP,2026-03-21,0,2026-04-20,0,cross_regime_pre2026_to_post2026,random_forest,0.065354523685567
separacion:4144,2026-0003104,NP-A2304,NP,2026-03-21,0,2026-04-20,0,cross_regime_pre2026_to_post2026,random_forest,0.065354523685567
separacion:3865,2026-0000164,MD-E38,MD,2026-03-22,75,2026-04-21,0,cross_regime_pre2026_to_post2026,random_forest,0.09061740073633534
separacion:4068,2026-0002131,GY-1502,GY,2026-03-22,21,2026-04-21,0,cross_regime_pre2026_to_post2026,random_forest,0.3233450251839754
separacion:4069,2026-0002138,SL-1505,SL,2026-03-22,21,2026-04-21,0,cross_regime_pre2026_to_post2026,random_forest,0.2821104364675096
separacion:4107,2026-0002813,GY-303,GY,2026-03-22,7,2026-04-21,0,cross_regime_pre2026_to_post2026,random_forest,0.19471534980539126
separacion:4108,2026-0002822,SL-403,SL,2026-03-22,7,2026-04-21,0,cross_regime_pre2026_to_post2026,random_forest,0.13260931728629954
separacion:4109,2026-0002890,MT-A57,MT,2026-03-22,7,2026-04-21,0,cross_regime_pre2026_to_post2026,random_forest,0.04769484028060617
separacion:4110,2026-0002888,MT-A409,MT,2026-03-22,7,2026-04-21,1,cross_regime_pre2026_to_post2026,random_forest,0.09709087875688198
separacion:4113,2026-0002937,NP-A306,NP,2026-03-22,7,2026-04-21,0,cross_regime_pre2026_to_post2026,random_forest,0.10092509345812145
separacion:4114,2026-0002949,FX-1102,FX,2026-03-22,7,2026-04-21,0,cross_regime_pre2026_to_post2026,random_forest,0.16158770847260795
separacion:4115,2026-0002954,NP-A1205,NP,2026-03-22,7,2026-04-21,0,cross_regime_pre2026_to_post2026,random_forest,0.10092509345812145
separacion:4116,2026-0002965,NP-A706,NP,2026-03-22,7,2026-04-21,0,cross_regime_pre2026_to_post2026,random_forest,0.10092509345812145
separacion:4117,2026-0002964,FX-901,FX,2026-03-22,7,2026-04-21,1,cross_regime_pre2026_to_post2026,random_forest,0.16158770847260795
separacion:4118,2026-0002963,SL-1306,SL,2026-03-22,7,2026-04-21,1,cross_regime_pre2026_to_post2026,random_forest,0.13260931728629954
separacion:4119,2026-0002952,MT-A801,MT,2026-03-22,7,2026-04-21,0,cross_regime_pre2026_to_post2026,random_forest,0.09709087875688198
separacion:4145,2026-0003084,MD-2301,MD,2026-03-22,0,2026-04-21,0,cross_regime_pre2026_to_post2026,random_forest,0.11256208727448916
separacion:4146,2026-0003116,MT-B905,MT,2026-03-22,0,2026-04-21,0,cross_regime_pre2026_to_post2026,random_forest,0.11581187250317246
separacion:4147,2026-0003115,CP-B1203,CP,2026-03-22,0,2026-04-21,0,cross_regime_pre2026_to_post2026,random_forest,0.1782702039855937
separacion:4148,2026-0003118,GY-43,GY,2026-03-22,0,2026-04-21,0,cross_regime_pre2026_to_post2026,random_forest,0.09315259812693405
separacion:4149,2026-0003123,CP-B501,CP,2026-03-22,0,2026-04-21,0,cross_regime_pre2026_to_post2026,random_forest,0.1782702039855937
separacion:4150,2026-0003125,NP-A1304,NP,2026-03-22,0,2026-04-21,0,cross_regime_pre2026_to_post2026,random_forest,0.07484456274473633
separacion:3866,2026-0000134,NP-A-E62,NP,2026-03-23,75,2026-04-22,0,cross_regime_pre2026_to_post2026,random_forest,0.05373830858760407
separacion:3922,2026-0000826,MD-E43,MD,2026-03-23,60,2026-04-22,0,cross_regime_pre2026_to_post2026,random_forest,0.06094137809394717
separacion:3923,2026-0000825,MD-E36,MD,2026-03-23,60,2026-04-22,0,cross_regime_pre2026_to_post2026,random_forest,0.06094137809394717
separacion:3983,2026-0001402,SL-E8,SL,2026-03-23,45,2026-04-22,0,cross_regime_pre2026_to_post2026,random_forest,0.048588427042735874
separacion:4075,2026-0002152,NP-A802,NP,2026-03-23,21,2026-04-22,1,cross_regime_pre2026_to_post2026,random_forest,0.1362118300267049
separacion:4153,2026-0003145,GY-27,GY,2026-03-23,0,2026-04-22,0,cross_regime_pre2026_to_post2026,random_forest,0.05870891800336741
separacion:4156,2026-0003166,FX-1001,FX,2026-03-23,0,2026-04-22,0,cross_regime_pre2026_to_post2026,random_forest,0.07124335174899425
separacion:4157,2026-0003167,FX-801,FX,2026-03-23,0,2026-04-22,0,cross_regime_pre2026_to_post2026,random_forest,0.07124335174899425
separacion:3931,2026-0000856,MT-A23,MT,2026-03-24,60,2026-04-23,0,cross_regime_pre2026_to_post2026,random_forest,0.05017871673655756
separacion:3989,2026-0001432,EEUU-D15,EEUU,2026-03-24,45,2026-04-23,0,cross_regime_pre2026_to_post2026,random_forest,0.07505997353864742
separacion:4085,2026-0002366,NP-A2405,NP,2026-03-24,14,2026-04-23,0,cross_regime_pre2026_to_post2026,random_forest,0.1437963065813389
separacion:4121,2026-0002874,MT-A1008,MT,2026-03-24,7,2026-04-23,0,cross_regime_pre2026_to_post2026,random_forest,0.09634013217731756
separacion:4122,2026-0002991,GY-D7,GY,2026-03-24,7,2026-04-23,0,cross_regime_pre2026_to_post2026,random_forest,0.08838755519238933
separacion:4158,2026-0003168,EEUU-501,EEUU,2026-03-24,0,2026-04-23,0,cross_regime_pre2026_to_post2026,random_forest,0.1946508254814362
separacion:4163,2026-0003190,MD-E18,MD,2026-03-24,0,2026-04-23,0,cross_regime_pre2026_to_post2026,random_forest,0.05825272635411321
separacion:3873,2026-0000225,SL-1408,SL,2026-03-25,75,2026-04-24,1,cross_regime_pre2026_to_post2026,random_forest,0.1536586916318762
separacion:4040,2026-0001859,TZ-17,TZ,2026-03-25,30,2026-04-24,0,cross_regime_pre2026_to_post2026,random_forest,0.056651324595534014
separacion:4130,2026-0003010,SL-1001,SL,2026-03-25,7,2026-04-24,0,cross_regime_pre2026_to_post2026,random_forest,0.10709424419734459
separacion:4131,2026-0003014,EEUU-E50,EEUU,2026-03-25,7,2026-04-24,0,cross_regime_pre2026_to_post2026,random_forest,0.10927689887537442
separacion:4132,2026-0003024,CP-A1001,CP,2026-03-25,7,2026-04-24,0,cross_regime_pre2026_to_post2026,random_forest,0.20131870245029188
separacion:4133,2026-0003028,MT-B705,MT,2026-03-25,7,2026-04-24,0,cross_regime_pre2026_to_post2026,random_forest,0.08591819700984626
separacion:4164,2026-0003197,NP-A-E19,NP,2026-03-25,0,2026-04-24,0,cross_regime_pre2026_to_post2026,random_forest,0.05030619185437639
separacion:4044,2026-0001915,SL-1405,SL,2026-03-26,30,2026-04-25,0,cross_regime_pre2026_to_post2026,random_forest,0.2199874295183194
separacion:4045,2026-0001919,FX-E24,FX,2026-03-26,30,2026-04-25,0,cross_regime_pre2026_to_post2026,random_forest,0.04614285129546286
separacion:4088,2026-0002498,NP-A1601,NP,2026-03-26,14,2026-04-25,0,cross_regime_pre2026_to_post2026,random_forest,0.1697159130582939
separacion:4089,2026-0002499,NP-A1603,NP,2026-03-26,14,2026-04-25,0,cross_regime_pre2026_to_post2026,random_forest,0.1697159130582939
separacion:4135,2026-0003039,NP-A1802,NP,2026-03-26,7,2026-04-25,0,cross_regime_pre2026_to_post2026,random_forest,0.11180642310874912
separacion:4136,2026-0003041,MT-A04,MT,2026-03-26,7,2026-04-25,0,cross_regime_pre2026_to_post2026,random_forest,0.027964120786852932
separacion:4165,2026-0003207,NP-A2201,NP,2026-03-26,0,2026-04-25,0,cross_regime_pre2026_to_post2026,random_forest,0.08099464212114574
separacion:4166,2026-0003221,CP-E52,CP,2026-03-26,0,2026-04-25,0,cross_regime_pre2026_to_post2026,random_forest,0.03280587368277523
separacion:4167,2026-0003226,SL-1004,SL,2026-03-26,0,2026-04-25,0,cross_regime_pre2026_to_post2026,random_forest,0.08845872568727964
separacion:3950,2026-0001016,MD-E21,MD,2026-03-27,60,2026-04-26,0,cross_regime_pre2026_to_post2026,random_forest,0.061517491241527014
separacion:4050,2026-0001938,FX-1301,FX,2026-03-27,30,2026-04-26,0,cross_regime_pre2026_to_post2026,random_forest,0.18319327598159563
separacion:4091,2026-0002513,SL-702,SL,2026-03-27,14,2026-04-26,0,cross_regime_pre2026_to_post2026,random_forest,0.26568122869041194
separacion:4093,2026-0002593,NP-A2403,NP,2026-03-27,14,2026-04-26,0,cross_regime_pre2026_to_post2026,random_forest,0.20649671913021758
separacion:4140,2026-0003067,GY-14,GY,2026-03-27,7,2026-04-26,0,cross_regime_pre2026_to_post2026,random_forest,0.03344078990689578
separacion:4191,2026-0003242,NP-A2005,NP,2026-03-27,0,2026-04-26,0,cross_regime_pre2026_to_post2026,random_forest,0.08617386557654384
separacion:4080,2026-0002276,GY-1602,GY,2026-03-28,21,2026-04-27,1,cross_regime_pre2026_to_post2026,random_forest,0.3073776624570677
separacion:4100,2026-0002696,GY-1003,GY,2026-03-28,14,2026-04-27,0,cross_regime_pre2026_to_post2026,random_forest,0.2807072505502346
separacion:4103,2026-0002746,CP-A301,CP,2026-03-28,14,2026-04-27,0,cross_regime_pre2026_to_post2026,random_forest,0.2303581767812275
separacion:4104,2026-0002599,NP-A2303,NP,2026-03-28,14,2026-04-27,0,cross_regime_pre2026_to_post2026,random_forest,0.15813845759738018
separacion:4106,2026-0002781,FX-E16,FX,2026-03-28,14,2026-04-27,0,cross_regime_pre2026_to_post2026,random_forest,0.051485806527565944
separacion:4142,2026-0003094,GY-203,GY,2026-03-28,7,2026-04-27,0,cross_regime_pre2026_to_post2026,random_forest,0.17347395820645123
separacion:4143,2026-0003097,NP-A1003,NP,2026-03-28,7,2026-04-27,0,cross_regime_pre2026_to_post2026,random_forest,0.09412884308452016
separacion:4144,2026-0003104,NP-A2304,NP,2026-03-28,7,2026-04-27,0,cross_regime_pre2026_to_post2026,random_forest,0.09412884308452016
separacion:4192,2026-0003243,CP-B1306,CP,2026-03-28,0,2026-04-27,0,cross_regime_pre2026_to_post2026,random_forest,0.2759722672784748
separacion:4193,2026-0003246,NP-A-E138,NP,2026-03-28,0,2026-04-27,0,cross_regime_pre2026_to_post2026,random_forest,0.06575866648528589
separacion:3954,2026-0001053,MT-A58,MT,2026-03-29,60,2026-04-28,0,cross_regime_pre2026_to_post2026,random_forest,0.05161399684091105
separacion:3956,2026-0001082,EEUU-D13,EEUU,2026-03-29,60,2026-04-28,0,cross_regime_pre2026_to_post2026,random_forest,0.07214681613402285
separacion:4107,2026-0002813,GY-303,GY,2026-03-29,14,2026-04-28,0,cross_regime_pre2026_to_post2026,random_forest,0.2973998228194547
separacion:4108,2026-0002822,SL-403,SL,2026-03-29,14,2026-04-28,0,cross_regime_pre2026_to_post2026,random_forest,0.2667235796890224
separacion:4109,2026-0002890,MT-A57,MT,2026-03-29,14,2026-04-28,0,cross_regime_pre2026_to_post2026,random_forest,0.04990754826477605
separacion:4116,2026-0002965,NP-A706,NP,2026-03-29,14,2026-04-28,0,cross_regime_pre2026_to_post2026,random_forest,0.16981471207475096
separacion:4117,2026-0002964,FX-901,FX,2026-03-29,14,2026-04-28,1,cross_regime_pre2026_to_post2026,random_forest,0.21031812878830267
separacion:4119,2026-0002952,MT-A801,MT,2026-03-29,14,2026-04-28,0,cross_regime_pre2026_to_post2026,random_forest,0.1316546563913173
separacion:4145,2026-0003084,MD-2301,MD,2026-03-29,7,2026-04-28,0,cross_regime_pre2026_to_post2026,random_forest,0.1255675271761988
separacion:4146,2026-0003116,MT-B905,MT,2026-03-29,7,2026-04-28,0,cross_regime_pre2026_to_post2026,random_forest,0.09709087875688198
separacion:4148,2026-0003118,GY-43,GY,2026-03-29,7,2026-04-28,0,cross_regime_pre2026_to_post2026,random_forest,0.07942358297868499
separacion:4150,2026-0003125,NP-A1304,NP,2026-03-29,7,2026-04-28,0,cross_regime_pre2026_to_post2026,random_forest,0.10092509345812145
separacion:4002,2026-0001591,MT-A09,MT,2026-03-30,45,2026-04-29,0,cross_regime_pre2026_to_post2026,random_forest,0.058137064066248315
separacion:4062,2026-0002065,FX-1502,FX,2026-03-30,30,2026-04-29,0,cross_regime_pre2026_to_post2026,random_forest,0.1703593976943923
separacion:4153,2026-0003145,GY-27,GY,2026-03-30,7,2026-04-29,0,cross_regime_pre2026_to_post2026,random_forest,0.04483053558242753
separacion:4156,2026-0003166,FX-1001,FX,2026-03-30,7,2026-04-29,0,cross_regime_pre2026_to_post2026,random_forest,0.056644254443855686
separacion:4201,2026-0003312,FX-705,FX,2026-03-30,0,2026-04-29,0,cross_regime_pre2026_to_post2026,random_forest,0.07124335174899425
separacion:4202,2026-0003313,NP-A2203,NP,2026-03-30,0,2026-04-29,0,cross_regime_pre2026_to_post2026,random_forest,0.0530678284240232
separacion:4203,2026-0003315,NP-A2204,NP,2026-03-30,0,2026-04-29,0,cross_regime_pre2026_to_post2026,random_forest,0.0530678284240232
separacion:4006,2026-0001533,SL-1305,SL,2026-03-31,45,2026-04-30,1,cross_regime_pre2026_to_post2026,random_forest,0.1770151203996646
separacion:4068,2026-0002131,GY-1502,GY,2026-03-31,30,2026-04-30,0,cross_regime_pre2026_to_post2026,random_forest,0.31622248156648725
separacion:4122,2026-0002991,GY-D7,GY,2026-03-31,14,2026-04-30,0,cross_regime_pre2026_to_post2026,random_forest,0.09762991212616667
separacion:4158,2026-0003168,EEUU-501,EEUU,2026-03-31,7,2026-04-30,0,cross_regime_pre2026_to_post2026,random_forest,0.1582125465564529
separacion:4163,2026-0003190,MD-E18,MD,2026-03-31,7,2026-04-30,0,cross_regime_pre2026_to_post2026,random_forest,0.05316664756639461
separacion:4207,2026-0003353,FX-1203,FX,2026-03-31,0,2026-04-30,0,cross_regime_pre2026_to_post2026,random_forest,0.10649034810852644
separacion:3890,2026-0000526,MD-E58,MD,2026-04-01,75,2026-05-01,0,cross_regime_pre2026_to_post2026,random_forest,0.05870478947161861
separacion:4130,2026-0003010,SL-1001,SL,2026-04-01,14,2026-05-01,1,cross_regime_pre2026_to_post2026,random_forest,0.17740955014983625
separacion:4131,2026-0003014,EEUU-E50,EEUU,2026-04-01,14,2026-05-01,0,cross_regime_pre2026_to_post2026,random_forest,0.029334116245068896
separacion:4164,2026-0003197,NP-A-E19,NP,2026-04-01,7,2026-05-01,0,cross_regime_pre2026_to_post2026,random_forest,0.04271749101474724
separacion:3968,2026-0001236,NP-A-E61,NP,2026-04-02,60,2026-05-02,0,cross_regime_pre2026_to_post2026,random_forest,0.04430309112666075
separacion:3970,2026-0001264,MD-E22,MD,2026-04-02,60,2026-05-02,0,cross_regime_pre2026_to_post2026,random_forest,0.06029724510472814
separacion:4088,2026-0002498,NP-A1601,NP,2026-04-02,21,2026-05-02,0,cross_regime_pre2026_to_post2026,random_forest,0.17844638106704092
separacion:4089,2026-0002499,NP-A1603,NP,2026-04-02,21,2026-05-02,0,cross_regime_pre2026_to_post2026,random_forest,0.17844638106704092
separacion:4136,2026-0003041,MT-A04,MT,2026-04-02,14,2026-05-02,0,cross_regime_pre2026_to_post2026,random_forest,0.009491817237507137
separacion:4166,2026-0003221,CP-E52,CP,2026-04-02,7,2026-05-02,0,cross_regime_pre2026_to_post2026,random_forest,0.03096653695814699
separacion:3834,2026-0000043,MT-A29,MT,2026-04-03,90,2026-05-03,0,cross_regime_pre2026_to_post2026,random_forest,0.02235660075414008
separacion:3835,2026-0000071,GY-35,GY,2026-04-03,90,2026-05-03,0,cross_regime_pre2026_to_post2026,random_forest,0.03098745443196465
separacion:4014,2026-0001698,EEUU-E48,EEUU,2026-04-03,45,2026-05-03,0,cross_regime_pre2026_to_post2026,random_forest,0.023513969967540817
separacion:4091,2026-0002513,SL-702,SL,2026-04-03,21,2026-05-03,0,cross_regime_pre2026_to_post2026,random_forest,0.27369006408006097
separacion:4093,2026-0002593,NP-A2403,NP,2026-04-03,21,2026-05-03,0,cross_regime_pre2026_to_post2026,random_forest,0.24013749871132523
separacion:4140,2026-0003067,GY-14,GY,2026-04-03,14,2026-05-03,0,cross_regime_pre2026_to_post2026,random_forest,0.01595787782200372
separacion:4191,2026-0003242,NP-A2005,NP,2026-04-03,7,2026-05-03,0,cross_regime_pre2026_to_post2026,random_forest,0.124140456198969
separacion:3837,2026-0000095,NP-A-E27,NP,2026-04-04,90,2026-05-04,0,cross_regime_pre2026_to_post2026,random_forest,0.032170824000773125
separacion:3838,2026-0000102,EEUU-E40,EEUU,2026-04-04,90,2026-05-04,0,cross_regime_pre2026_to_post2026,random_forest,0.03121108524555716
separacion:3904,2026-0000701,EEUU-E14,EEUU,2026-04-04,75,2026-05-04,0,cross_regime_pre2026_to_post2026,random_forest,0.032339056639661204
separacion:3974,2026-0001297,GY-25,GY,2026-04-04,60,2026-05-04,0,cross_regime_pre2026_to_post2026,random_forest,0.04972809238537585
separacion:3976,2026-0001320,GY-21,GY,2026-04-04,60,2026-05-04,0,cross_regime_pre2026_to_post2026,random_forest,0.04972809238537585
separacion:4106,2026-0002781,FX-E16,FX,2026-04-04,21,2026-05-04,0,cross_regime_pre2026_to_post2026,random_forest,0.058191499845031226
separacion:4192,2026-0003243,CP-B1306,CP,2026-04-04,7,2026-05-04,0,cross_regime_pre2026_to_post2026,random_forest,0.26061443498664016
separacion:4193,2026-0003246,NP-A-E138,NP,2026-04-04,7,2026-05-04,0,cross_regime_pre2026_to_post2026,random_forest,0.05344239234580952
separacion:4209,2026-0003385,NP-A2710,NP,2026-04-04,0,2026-05-04,0,cross_regime_pre2026_to_post2026,random_forest,0.05829151687352524
separacion:3909,2026-0000732,EEUU-D16,EEUU,2026-04-05,75,2026-05-05,0,cross_regime_pre2026_to_post2026,random_forest,0.06579104295818278
separacion:4026,2026-0001742,CP-E27,CP,2026-04-05,45,2026-05-05,0,cross_regime_pre2026_to_post2026,random_forest,0.0649393708266858
separacion:4107,2026-0002813,GY-303,GY,2026-04-05,21,2026-05-05,0,cross_regime_pre2026_to_post2026,random_forest,0.3317712776861124
separacion:4109,2026-0002890,MT-A57,MT,2026-04-05,21,2026-05-05,0,cross_regime_pre2026_to_post2026,random_forest,0.05526482950046655
separacion:4117,2026-0002964,FX-901,FX,2026-04-05,21,2026-05-05,1,cross_regime_pre2026_to_post2026,random_forest,0.23801101772752858
separacion:4145,2026-0003084,MD-2301,MD,2026-04-05,14,2026-05-05,0,cross_regime_pre2026_to_post2026,random_forest,0.18980805372608892
separacion:4148,2026-0003118,GY-43,GY,2026-04-05,14,2026-05-05,0,cross_regime_pre2026_to_post2026,random_forest,0.05021971871893509
separacion:4150,2026-0003125,NP-A1304,NP,2026-04-05,14,2026-05-05,0,cross_regime_pre2026_to_post2026,random_forest,0.16774482870004678
separacion:3865,2026-0000164,MD-E38,MD,2026-04-06,90,2026-05-06,0,cross_regime_pre2026_to_post2026,random_forest,0.0559039956880596
separacion:4080,2026-0002276,GY-1602,GY,2026-04-06,30,2026-05-06,1,cross_regime_pre2026_to_post2026,random_forest,0.3044672834506978
separacion:4153,2026-0003145,GY-27,GY,2026-04-06,14,2026-05-06,0,cross_regime_pre2026_to_post2026,random_forest,0.0297131088320916
separacion:4156,2026-0003166,FX-1001,FX,2026-04-06,14,2026-05-06,0,cross_regime_pre2026_to_post2026,random_forest,0.07365699204923813
separacion:4202,2026-0003313,NP-A2203,NP,2026-04-06,7,2026-05-06,0,cross_regime_pre2026_to_post2026,random_forest,0.06898356657190952
separacion:4203,2026-0003315,NP-A2204,NP,2026-04-06,7,2026-05-06,0,cross_regime_pre2026_to_post2026,random_forest,0.06898356657190952
separacion:4210,2026-0003409,SL-E4,SL,2026-04-06,0,2026-05-06,0,cross_regime_pre2026_to_post2026,random_forest,0.04175540487074924
separacion:4213,2026-0003412,MT-A54,MT,2026-04-06,0,2026-05-06,0,cross_regime_pre2026_to_post2026,random_forest,0.04673026796011699
separacion:4214,2026-0003419,GY-8,GY,2026-04-06,0,2026-05-06,1,cross_regime_pre2026_to_post2026,random_forest,0.05497233409007167
separacion:4216,2026-0003420,CP-E87,CP,2026-04-06,0,2026-05-06,0,cross_regime_pre2026_to_post2026,random_forest,0.03760829283850932
separacion:3922,2026-0000826,MD-E43,MD,2026-04-07,75,2026-05-07,0,cross_regime_pre2026_to_post2026,random_forest,0.05993118273438529
separacion:3923,2026-0000825,MD-E36,MD,2026-04-07,75,2026-05-07,0,cross_regime_pre2026_to_post2026,random_forest,0.05993118273438529
separacion:3983,2026-0001402,SL-E8,SL,2026-04-07,60,2026-05-07,0,cross_regime_pre2026_to_post2026,random_forest,0.04251065387222599
separacion:4122,2026-0002991,GY-D7,GY,2026-04-07,21,2026-05-07,0,cross_regime_pre2026_to_post2026,random_forest,0.09334274162829269
separacion:4158,2026-0003168,EEUU-501,EEUU,2026-04-07,14,2026-05-07,0,cross_regime_pre2026_to_post2026,random_forest,0.16310353495718213
separacion:4163,2026-0003190,MD-E18,MD,2026-04-07,14,2026-05-07,0,cross_regime_pre2026_to_post2026,random_forest,0.05529564800718394
separacion:4207,2026-0003353,FX-1203,FX,2026-04-07,7,2026-05-07,0,cross_regime_pre2026_to_post2026,random_forest,0.07614086584894503
separacion:4217,2026-0003401,NP-A2110,NP,2026-04-07,0,2026-05-07,0,cross_regime_pre2026_to_post2026,random_forest,0.08275401131299466
separacion:4273,2026-0003451,CP-B1008,CP,2026-04-07,0,2026-05-07,0,cross_regime_pre2026_to_post2026,random_forest,0.12452653872081516
separacion:3931,2026-0000856,MT-A23,MT,2026-04-08,75,2026-05-08,0,cross_regime_pre2026_to_post2026,random_forest,0.02895546940855774
separacion:3989,2026-0001432,EEUU-D15,EEUU,2026-04-08,60,2026-05-08,0,cross_regime_pre2026_to_post2026,random_forest,0.06526433416851982
separacion:4130,2026-0003010,SL-1001,SL,2026-04-08,21,2026-05-08,1,cross_regime_pre2026_to_post2026,random_forest,0.1708372917804024
separacion:4131,2026-0003014,EEUU-E50,EEUU,2026-04-08,21,2026-05-08,0,cross_regime_pre2026_to_post2026,random_forest,0.019204511204111686
separacion:4164,2026-0003197,NP-A-E19,NP,2026-04-08,14,2026-05-08,0,cross_regime_pre2026_to_post2026,random_forest,0.02285318905430161
separacion:4287,2026-0003479,NP-A1704,NP,2026-04-08,0,2026-05-08,0,cross_regime_pre2026_to_post2026,random_forest,0.09431635101599911
separacion:4040,2026-0001859,TZ-17,TZ,2026-04-09,45,2026-05-09,0,cross_regime_pre2026_to_post2026,random_forest,0.05377962802686904
separacion:4136,2026-0003041,MT-A04,MT,2026-04-09,21,2026-05-09,0,cross_regime_pre2026_to_post2026,random_forest,0.011573495978704319
separacion:4166,2026-0003221,CP-E52,CP,2026-04-09,14,2026-05-09,0,cross_regime_pre2026_to_post2026,random_forest,0.03940847940534847
separacion:4288,2026-0003484,MT-A27,MT,2026-04-09,0,2026-05-09,0,cross_regime_pre2026_to_post2026,random_forest,0.0379345321486222
separacion:4290,2026-0003499,MT-A45,MT,2026-04-09,0,2026-05-09,0,cross_regime_pre2026_to_post2026,random_forest,0.0379345321486222
separacion:4044,2026-0001915,SL-1405,SL,2026-04-10,45,2026-05-10,0,cross_regime_pre2026_to_post2026,random_forest,0.2342372874845379
separacion:4045,2026-0001919,FX-E24,FX,2026-04-10,45,2026-05-10,1,cross_regime_pre2026_to_post2026,random_forest,0.058150857453675195
separacion:4140,2026-0003067,GY-14,GY,2026-04-10,21,2026-05-10,0,cross_regime_pre2026_to_post2026,random_forest,0.01859106974327387
separacion:4191,2026-0003242,NP-A2005,NP,2026-04-10,14,2026-05-10,0,cross_regime_pre2026_to_post2026,random_forest,0.1960469401608129
separacion:4295,2026-0003502,SL-E7,SL,2026-04-10,0,2026-05-10,0,cross_regime_pre2026_to_post2026,random_forest,0.037471949242919855
separacion:3950,2026-0001016,MD-E21,MD,2026-04-11,75,2026-05-11,0,cross_regime_pre2026_to_post2026,random_forest,0.07294709024715845
separacion:4050,2026-0001938,FX-1301,FX,2026-04-11,45,2026-05-11,1,cross_regime_pre2026_to_post2026,random_forest,0.17734925665599233
separacion:4088,2026-0002498,NP-A1601,NP,2026-04-11,30,2026-05-11,0,cross_regime_pre2026_to_post2026,random_forest,0.19213533487996004
separacion:4089,2026-0002499,NP-A1603,NP,2026-04-11,30,2026-05-11,0,cross_regime_pre2026_to_post2026,random_forest,0.19213533487996004
separacion:4192,2026-0003243,CP-B1306,CP,2026-04-11,14,2026-05-11,0,cross_regime_pre2026_to_post2026,random_forest,0.3034338489502168
separacion:4193,2026-0003246,NP-A-E138,NP,2026-04-11,14,2026-05-11,0,cross_regime_pre2026_to_post2026,random_forest,0.026357592521362907
separacion:4209,2026-0003385,NP-A2710,NP,2026-04-11,7,2026-05-11,0,cross_regime_pre2026_to_post2026,random_forest,0.09172658031056813
separacion:4297,2026-0003545,SL-1403,SL,2026-04-11,0,2026-05-11,0,cross_regime_pre2026_to_post2026,random_forest,0.05683166487898197
separacion:4091,2026-0002513,SL-702,SL,2026-04-12,30,2026-05-12,1,cross_regime_pre2026_to_post2026,random_forest,0.32233027114372453
separacion:4093,2026-0002593,NP-A2403,NP,2026-04-12,30,2026-05-12,0,cross_regime_pre2026_to_post2026,random_forest,0.20591910741291009
separacion:4145,2026-0003084,MD-2301,MD,2026-04-12,21,2026-05-12,0,cross_regime_pre2026_to_post2026,random_forest,0.21227992022819187
separacion:4148,2026-0003118,GY-43,GY,2026-04-12,21,2026-05-12,0,cross_regime_pre2026_to_post2026,random_forest,0.05199875732997202
separacion:4150,2026-0003125,NP-A1304,NP,2026-04-12,21,2026-05-12,0,cross_regime_pre2026_to_post2026,random_forest,0.21811898970926258
separacion:3954,2026-0001053,MT-A58,MT,2026-04-13,75,2026-05-13,0,cross_regime_pre2026_to_post2026,random_forest,0.04337730314481905
separacion:3956,2026-0001082,EEUU-D13,EEUU,2026-04-13,75,2026-05-13,0,cross_regime_pre2026_to_post2026,random_forest,0.07178859964487723
separacion:4106,2026-0002781,FX-E16,FX,2026-04-13,30,2026-05-13,0,cross_regime_pre2026_to_post2026,random_forest,0.06745081313561621
separacion:4153,2026-0003145,GY-27,GY,2026-04-13,21,2026-05-13,0,cross_regime_pre2026_to_post2026,random_forest,0.03145204238754674
separacion:4156,2026-0003166,FX-1001,FX,2026-04-13,21,2026-05-13,0,cross_regime_pre2026_to_post2026,random_forest,0.09387201670564459
separacion:4202,2026-0003313,NP-A2203,NP,2026-04-13,14,2026-05-13,0,cross_regime_pre2026_to_post2026,random_forest,0.1148078276041105
separacion:4203,2026-0003315,NP-A2204,NP,2026-04-13,14,2026-05-13,0,cross_regime_pre2026_to_post2026,random_forest,0.1148078276041105
separacion:4210,2026-0003409,SL-E4,SL,2026-04-13,7,2026-05-13,0,cross_regime_pre2026_to_post2026,random_forest,0.034168321203575776
separacion:4213,2026-0003412,MT-A54,MT,2026-04-13,7,2026-05-13,0,cross_regime_pre2026_to_post2026,random_forest,0.03721821663267236
separacion:4216,2026-0003420,CP-E87,CP,2026-04-13,7,2026-05-13,0,cross_regime_pre2026_to_post2026,random_forest,0.035170742193884705
separacion:4298,2026-0003517,NP-A2310,NP,2026-04-13,0,2026-05-13,0,cross_regime_pre2026_to_post2026,random_forest,0.05826903923260812
separacion:4299,2026-0003613,NP-A701,NP,2026-04-13,0,2026-05-13,1,cross_regime_pre2026_to_post2026,random_forest,0.04802316325978118
separacion:4002,2026-0001591,MT-A09,MT,2026-04-14,60,2026-05-14,0,cross_regime_pre2026_to_post2026,random_forest,0.051117094544988355
separacion:4107,2026-0002813,GY-303,GY,2026-04-14,30,2026-05-14,0,cross_regime_pre2026_to_post2026,random_forest,0.3131561415475675
separacion:4109,2026-0002890,MT-A57,MT,2026-04-14,30,2026-05-14,0,cross_regime_pre2026_to_post2026,random_forest,0.05125898301131212
separacion:4158,2026-0003168,EEUU-501,EEUU,2026-04-14,21,2026-05-14,0,cross_regime_pre2026_to_post2026,random_forest,0.1362093298363647
separacion:4163,2026-0003190,MD-E18,MD,2026-04-14,21,2026-05-14,0,cross_regime_pre2026_to_post2026,random_forest,0.05118708185217097
separacion:4273,2026-0003451,CP-B1008,CP,2026-04-14,7,2026-05-14,0,cross_regime_pre2026_to_post2026,random_forest,0.13446390264585273
separacion:4300,2026-0003625,FX-1601,FX,2026-04-14,0,2026-05-14,0,cross_regime_pre2026_to_post2026,random_forest,0.096422831367291
separacion:4301,2026-0003630,NP-A-E08,NP,2026-04-14,0,2026-05-14,0,cross_regime_pre2026_to_post2026,random_forest,0.03426224120442182
separacion:4304,2026-0003643,NP-A1701,NP,2026-04-14,0,2026-05-14,0,cross_regime_pre2026_to_post2026,random_forest,0.07817844443604564
separacion:4006,2026-0001533,SL-1305,SL,2026-04-15,60,2026-05-15,1,cross_regime_pre2026_to_post2026,random_forest,0.15504967374679943
separacion:4164,2026-0003197,NP-A-E19,NP,2026-04-15,21,2026-05-15,0,cross_regime_pre2026_to_post2026,random_forest,0.02319694252380524
separacion:4287,2026-0003479,NP-A1704,NP,2026-04-15,7,2026-05-15,0,cross_regime_pre2026_to_post2026,random_forest,0.13016144567665827
separacion:3890,2026-0000526,MD-E58,MD,2026-04-16,90,2026-05-16,0,cross_regime_pre2026_to_post2026,random_forest,0.05369336523065457
separacion:4122,2026-0002991,GY-D7,GY,2026-04-16,30,2026-05-16,0,cross_regime_pre2026_to_post2026,random_forest,0.08469324816761067
separacion:4166,2026-0003221,CP-E52,CP,2026-04-16,21,2026-05-16,0,cross_regime_pre2026_to_post2026,random_forest,0.04074414079294011
separacion:4288,2026-0003484,MT-A27,MT,2026-04-16,7,2026-05-16,0,cross_regime_pre2026_to_post2026,random_forest,0.02711726823312918
separacion:4290,2026-0003499,MT-A45,MT,2026-04-16,7,2026-05-16,0,cross_regime_pre2026_to_post2026,random_forest,0.02711726823312918
separacion:3968,2026-0001236,NP-A-E61,NP,2026-04-17,75,2026-05-17,0,cross_regime_pre2026_to_post2026,random_forest,0.032344211684409985
separacion:3970,2026-0001264,MD-E22,MD,2026-04-17,75,2026-05-17,0,cross_regime_pre2026_to_post2026,random_forest,0.06111396526121826
separacion:4130,2026-0003010,SL-1001,SL,2026-04-17,30,2026-05-17,1,cross_regime_pre2026_to_post2026,random_forest,0.23439706402675192
separacion:4131,2026-0003014,EEUU-E50,EEUU,2026-04-17,30,2026-05-17,0,cross_regime_pre2026_to_post2026,random_forest,0.01637391223580378
separacion:4191,2026-0003242,NP-A2005,NP,2026-04-17,21,2026-05-17,0,cross_regime_pre2026_to_post2026,random_forest,0.24013749871132523
separacion:4295,2026-0003502,SL-E7,SL,2026-04-17,7,2026-05-17,0,cross_regime_pre2026_to_post2026,random_forest,0.028427388705378386
separacion:4014,2026-0001698,EEUU-E48,EEUU,2026-04-18,60,2026-05-18,0,cross_regime_pre2026_to_post2026,random_forest,0.03758921916816791
separacion:4136,2026-0003041,MT-A04,MT,2026-04-18,30,2026-05-18,0,cross_regime_pre2026_to_post2026,random_forest,0.026709832730171877
separacion:4192,2026-0003243,CP-B1306,CP,2026-04-18,21,2026-05-18,0,cross_regime_pre2026_to_post2026,random_forest,0.32522748826553327
separacion:4193,2026-0003246,NP-A-E138,NP,2026-04-18,21,2026-05-18,0,cross_regime_pre2026_to_post2026,random_forest,0.029397604156975277
separacion:4209,2026-0003385,NP-A2710,NP,2026-04-18,14,2026-05-18,0,cross_regime_pre2026_to_post2026,random_forest,0.1550403706540811
separacion:4297,2026-0003545,SL-1403,SL,2026-04-18,7,2026-05-18,0,cross_regime_pre2026_to_post2026,random_forest,0.10154719850015442
separacion:4332,2026-0003701,TZ-201,TZ,2026-04-18,0,2026-05-18,0,cross_regime_pre2026_to_post2026,random_forest,0.1641083166189412
separacion:4333,2026-0003716,GY-1301,GY,2026-04-18,0,2026-05-18,0,cross_regime_pre2026_to_post2026,random_forest,0.12768828936589388
separacion:4334,2026-0003726,SL-307,SL,2026-04-18,0,2026-05-18,0,cross_regime_pre2026_to_post2026,random_forest,0.05683166487898197
separacion:3904,2026-0000701,EEUU-E14,EEUU,2026-04-19,90,2026-05-19,0,cross_regime_pre2026_to_post2026,random_forest,0.03434691990546897
separacion:3974,2026-0001297,GY-25,GY,2026-04-19,75,2026-05-19,0,cross_regime_pre2026_to_post2026,random_forest,0.05536951447803862
separacion:3976,2026-0001320,GY-21,GY,2026-04-19,75,2026-05-19,0,cross_regime_pre2026_to_post2026,random_forest,0.05536951447803862
separacion:4140,2026-0003067,GY-14,GY,2026-04-19,30,2026-05-19,0,cross_regime_pre2026_to_post2026,random_forest,0.052500704294482226
separacion:3909,2026-0000732,EEUU-D16,EEUU,2026-04-20,90,2026-05-20,0,cross_regime_pre2026_to_post2026,random_forest,0.06974785407843348
separacion:4026,2026-0001742,CP-E27,CP,2026-04-20,60,2026-05-20,0,cross_regime_pre2026_to_post2026,random_forest,0.04617457462002115
separacion:4202,2026-0003313,NP-A2203,NP,2026-04-20,21,2026-05-20,0,cross_regime_pre2026_to_post2026,random_forest,0.13346516569247177
separacion:4203,2026-0003315,NP-A2204,NP,2026-04-20,21,2026-05-20,0,cross_regime_pre2026_to_post2026,random_forest,0.13346516569247177
separacion:4210,2026-0003409,SL-E4,SL,2026-04-20,14,2026-05-20,0,cross_regime_pre2026_to_post2026,random_forest,0.02125280552193358
separacion:4213,2026-0003412,MT-A54,MT,2026-04-20,14,2026-05-20,0,cross_regime_pre2026_to_post2026,random_forest,0.023253200207411215
separacion:4216,2026-0003420,CP-E87,CP,2026-04-20,14,2026-05-20,0,cross_regime_pre2026_to_post2026,random_forest,0.03903824585386079
separacion:4299,2026-0003613,NP-A701,NP,2026-04-20,7,2026-05-20,1,cross_regime_pre2026_to_post2026,random_forest,0.06898356657190952
separacion:4335,2026-0003784,NP-A1001,NP,2026-04-20,0,2026-05-20,0,cross_regime_pre2026_to_post2026,random_forest,0.04802316325978118
separacion:4145,2026-0003084,MD-2301,MD,2026-04-21,30,2026-05-21,0,cross_regime_pre2026_to_post2026,random_forest,0.21340160098558766
separacion:4148,2026-0003118,GY-43,GY,2026-04-21,30,2026-05-21,0,cross_regime_pre2026_to_post2026,random_forest,0.03598221162217068
separacion:4150,2026-0003125,NP-A1304,NP,2026-04-21,30,2026-05-21,1,cross_regime_pre2026_to_post2026,random_forest,0.18171459941932888
separacion:4300,2026-0003625,FX-1601,FX,2026-04-21,7,2026-05-21,0,cross_regime_pre2026_to_post2026,random_forest,0.07614086584894503
separacion:4301,2026-0003630,NP-A-E08,NP,2026-04-21,7,2026-05-21,0,cross_regime_pre2026_to_post2026,random_forest,0.035559349054322266
separacion:4304,2026-0003643,NP-A1701,NP,2026-04-21,7,2026-05-21,0,cross_regime_pre2026_to_post2026,random_forest,0.09851474033396922
separacion:4336,2026-0003787,FX-603,FX,2026-04-21,0,2026-05-21,1,cross_regime_pre2026_to_post2026,random_forest,0.09859448036050722
separacion:4337,2026-0003807,CP-E60,CP,2026-04-21,0,2026-05-21,0,cross_regime_pre2026_to_post2026,random_forest,0.03538692427511508
separacion:3922,2026-0000826,MD-E43,MD,2026-04-22,90,2026-05-22,0,cross_regime_pre2026_to_post2026,random_forest,0.055076836024747326
separacion:3923,2026-0000825,MD-E36,MD,2026-04-22,90,2026-05-22,0,cross_regime_pre2026_to_post2026,random_forest,0.055076836024747326
separacion:3983,2026-0001402,SL-E8,SL,2026-04-22,75,2026-05-22,0,cross_regime_pre2026_to_post2026,random_forest,0.025123389404168393
separacion:4153,2026-0003145,GY-27,GY,2026-04-22,30,2026-05-22,0,cross_regime_pre2026_to_post2026,random_forest,0.02740599543522091
separacion:4287,2026-0003479,NP-A1704,NP,2026-04-22,14,2026-05-22,0,cross_regime_pre2026_to_post2026,random_forest,0.17323016785054815
separacion:4338,2026-0003832,NP-A1201,NP,2026-04-22,0,2026-05-22,0,cross_regime_pre2026_to_post2026,random_forest,0.09431635101599911
separacion:4341,2026-0003845,FX-502,FX,2026-04-22,0,2026-05-22,0,cross_regime_pre2026_to_post2026,random_forest,0.11690806729780653
separacion:4342,2026-0003842,FX-702,FX,2026-04-22,0,2026-05-22,0,cross_regime_pre2026_to_post2026,random_forest,0.11690806729780653
separacion:4343,2026-0003846,FX-E43,FX,2026-04-22,0,2026-05-22,0,cross_regime_pre2026_to_post2026,random_forest,0.044084113459434374
separacion:4345,2026-0003857,GY-801,GY,2026-04-22,0,2026-05-22,0,cross_regime_pre2026_to_post2026,random_forest,0.21026870192520034
separacion:4346,2026-0003858,NP-A2401,NP,2026-04-22,0,2026-05-22,0,cross_regime_pre2026_to_post2026,random_forest,0.09431635101599911
separacion:3931,2026-0000856,MT-A23,MT,2026-04-23,90,2026-05-23,0,cross_regime_pre2026_to_post2026,random_forest,0.022372321390297684
separacion:3989,2026-0001432,EEUU-D15,EEUU,2026-04-23,75,2026-05-23,0,cross_regime_pre2026_to_post2026,random_forest,0.0571941010486374
separacion:4163,2026-0003190,MD-E18,MD,2026-04-23,30,2026-05-23,0,cross_regime_pre2026_to_post2026,random_forest,0.0526314849361236
separacion:4288,2026-0003484,MT-A27,MT,2026-04-23,14,2026-05-23,0,cross_regime_pre2026_to_post2026,random_forest,0.009491817237507137
separacion:4290,2026-0003499,MT-A45,MT,2026-04-23,14,2026-05-23,0,cross_regime_pre2026_to_post2026,random_forest,0.009491817237507137
separacion:4352,2026-0003901,EEUU-503,EEUU,2026-04-23,0,2026-05-23,0,cross_regime_pre2026_to_post2026,random_forest,0.23891066105585515
separacion:4040,2026-0001859,TZ-17,TZ,2026-04-24,60,2026-05-24,0,cross_regime_pre2026_to_post2026,random_forest,0.053470481483417064
separacion:4164,2026-0003197,NP-A-E19,NP,2026-04-24,30,2026-05-24,0,cross_regime_pre2026_to_post2026,random_forest,0.02605658056399215
separacion:4295,2026-0003502,SL-E7,SL,2026-04-24,14,2026-05-24,0,cross_regime_pre2026_to_post2026,random_forest,0.012606665926828487
separacion:4355,2026-0003914,NP-A2407,NP,2026-04-24,0,2026-05-24,0,cross_regime_pre2026_to_post2026,random_forest,0.07554279321540347
separacion:4363,2026-0003941,GY-33,GY,2026-04-24,0,2026-05-24,0,cross_regime_pre2026_to_post2026,random_forest,0.04576756849557759
separacion:4045,2026-0001919,FX-E24,FX,2026-04-25,60,2026-05-25,1,cross_regime_pre2026_to_post2026,random_forest,0.07468737175255658
separacion:4166,2026-0003221,CP-E52,CP,2026-04-25,30,2026-05-25,0,cross_regime_pre2026_to_post2026,random_forest,0.051455778988375146
separacion:4209,2026-0003385,NP-A2710,NP,2026-04-25,21,2026-05-25,0,cross_regime_pre2026_to_post2026,random_forest,0.20961443831653997
separacion:4297,2026-0003545,SL-1403,SL,2026-04-25,14,2026-05-25,0,cross_regime_pre2026_to_post2026,random_forest,0.2449445883958843
separacion:4332,2026-0003701,TZ-201,TZ,2026-04-25,7,2026-05-25,0,cross_regime_pre2026_to_post2026,random_forest,0.1746487438663008
separacion:4334,2026-0003726,SL-307,SL,2026-04-25,7,2026-05-25,0,cross_regime_pre2026_to_post2026,random_forest,0.10154719850015442
separacion:4364,2026-0003960,SL-1306,SL,2026-04-25,0,2026-05-25,0,cross_regime_pre2026_to_post2026,random_forest,0.05683166487898197
separacion:4365,2026-0003981,TZ-19,TZ,2026-04-25,0,2026-05-25,0,cross_regime_pre2026_to_post2026,random_forest,0.057696690056890196
separacion:3950,2026-0001016,MD-E21,MD,2026-04-26,90,2026-05-26,0,cross_regime_pre2026_to_post2026,random_forest,0.08868620863947052
separacion:4050,2026-0001938,FX-1301,FX,2026-04-26,60,2026-05-26,1,cross_regime_pre2026_to_post2026,random_forest,0.15597316554514873
separacion:4088,2026-0002498,NP-A1601,NP,2026-04-26,45,2026-05-26,0,cross_regime_pre2026_to_post2026,random_forest,0.19147756822584963
separacion:4089,2026-0002499,NP-A1603,NP,2026-04-26,45,2026-05-26,0,cross_regime_pre2026_to_post2026,random_forest,0.19147756822584963
separacion:4191,2026-0003242,NP-A2005,NP,2026-04-26,30,2026-05-26,0,cross_regime_pre2026_to_post2026,random_forest,0.20591910741291009
separacion:4366,2026-0004062,NP-A2306,NP,2026-04-26,0,2026-05-26,0,cross_regime_pre2026_to_post2026,random_forest,0.07018720636610755
separacion:4091,2026-0002513,SL-702,SL,2026-04-27,45,2026-05-27,1,cross_regime_pre2026_to_post2026,random_forest,0.2081926975259697
separacion:4192,2026-0003243,CP-B1306,CP,2026-04-27,30,2026-05-27,0,cross_regime_pre2026_to_post2026,random_forest,0.4083588720800418
separacion:4193,2026-0003246,NP-A-E138,NP,2026-04-27,30,2026-05-27,0,cross_regime_pre2026_to_post2026,random_forest,0.04011292474052998
separacion:4210,2026-0003409,SL-E4,SL,2026-04-27,21,2026-05-27,0,cross_regime_pre2026_to_post2026,random_forest,0.023423357835278664
separacion:4213,2026-0003412,MT-A54,MT,2026-04-27,21,2026-05-27,0,cross_regime_pre2026_to_post2026,random_forest,0.027655237316751794
separacion:4216,2026-0003420,CP-E87,CP,2026-04-27,21,2026-05-27,0,cross_regime_pre2026_to_post2026,random_forest,0.04238496824898893
separacion:4367,2026-0004067,TZ-50,TZ,2026-04-27,0,2026-05-27,0,cross_regime_pre2026_to_post2026,random_forest,0.050588086533236945
separacion:4368,2026-0004009,MT-A901,MT,2026-04-27,0,2026-05-27,0,cross_regime_pre2026_to_post2026,random_forest,0.06691949618124812
separacion:3954,2026-0001053,MT-A58,MT,2026-04-28,90,2026-05-28,0,cross_regime_pre2026_to_post2026,random_forest,0.03649799653434142
separacion:3956,2026-0001082,EEUU-D13,EEUU,2026-04-28,90,2026-05-28,0,cross_regime_pre2026_to_post2026,random_forest,0.06182535211275658
separacion:4106,2026-0002781,FX-E16,FX,2026-04-28,45,2026-05-28,0,cross_regime_pre2026_to_post2026,random_forest,0.06235574827027033
separacion:4300,2026-0003625,FX-1601,FX,2026-04-28,14,2026-05-28,0,cross_regime_pre2026_to_post2026,random_forest,0.08754935251863713
separacion:4301,2026-0003630,NP-A-E08,NP,2026-04-28,14,2026-05-28,0,cross_regime_pre2026_to_post2026,random_forest,0.0402125486977344
separacion:4336,2026-0003787,FX-603,FX,2026-04-28,7,2026-05-28,1,cross_regime_pre2026_to_post2026,random_forest,0.0815047481902024
separacion:4337,2026-0003807,CP-E60,CP,2026-04-28,7,2026-05-28,0,cross_regime_pre2026_to_post2026,random_forest,0.03326110579587662
separacion:4370,2026-0004112,NP-A-E06,NP,2026-04-28,0,2026-05-28,0,cross_regime_pre2026_to_post2026,random_forest,0.044177550367037834
separacion:4002,2026-0001591,MT-A09,MT,2026-04-29,75,2026-05-29,0,cross_regime_pre2026_to_post2026,random_forest,0.02895546940855774
separacion:4107,2026-0002813,GY-303,GY,2026-04-29,45,2026-05-29,0,cross_regime_pre2026_to_post2026,random_forest,0.28466621635378747
separacion:4109,2026-0002890,MT-A57,MT,2026-04-29,45,2026-05-29,1,cross_regime_pre2026_to_post2026,random_forest,0.044792241551123387
separacion:4202,2026-0003313,NP-A2203,NP,2026-04-29,30,2026-05-29,0,cross_regime_pre2026_to_post2026,random_forest,0.18799279316357964
separacion:4203,2026-0003315,NP-A2204,NP,2026-04-29,30,2026-05-29,0,cross_regime_pre2026_to_post2026,random_forest,0.18799279316357964
separacion:4343,2026-0003846,FX-E43,FX,2026-04-29,7,2026-05-29,0,cross_regime_pre2026_to_post2026,random_forest,0.04075811262163184
separacion:4345,2026-0003857,GY-801,GY,2026-04-29,7,2026-05-29,0,cross_regime_pre2026_to_post2026,random_forest,0.25003167226137285
separacion:4371,2026-0004020,NP-A1801,NP,2026-04-29,0,2026-05-29,0,cross_regime_pre2026_to_post2026,random_forest,0.09420624205771638
separacion:4377,2026-0004146,CP-B1108,CP,2026-04-29,0,2026-05-29,0,cross_regime_pre2026_to_post2026,random_forest,0.16735398291160256
separacion:4288,2026-0003484,MT-A27,MT,2026-04-30,21,2026-05-30,0,cross_regime_pre2026_to_post2026,random_forest,0.011573495978704319
separacion:4290,2026-0003499,MT-A45,MT,2026-04-30,21,2026-05-30,0,cross_regime_pre2026_to_post2026,random_forest,0.011573495978704319
separacion:4352,2026-0003901,EEUU-503,EEUU,2026-04-30,7,2026-05-30,0,cross_regime_pre2026_to_post2026,random_forest,0.17446010302578435
separacion:4384,2026-0004153,CP-B705,CP,2026-04-30,0,2026-05-30,0,cross_regime_pre2026_to_post2026,random_forest,0.1621246461311118
separacion:4385,2026-0004150,GY-201,GY,2026-04-30,0,2026-05-30,0,cross_regime_pre2026_to_post2026,random_forest,0.13666069288897506
separacion:4122,2026-0002991,GY-D7,GY,2026-05-01,45,2026-05-31,0,cross_regime_pre2026_to_post2026,random_forest,0.10253773291580953
separacion:4295,2026-0003502,SL-E7,SL,2026-05-01,21,2026-05-31,0,cross_regime_pre2026_to_post2026,random_forest,0.01679226024890559
separacion:4363,2026-0003941,GY-33,GY,2026-05-01,7,2026-05-31,0,cross_regime_pre2026_to_post2026,random_forest,0.04264035300315428
separacion:4389,2026-0004188,SL-E1,SL,2026-05-01,0,2026-05-31,0,cross_regime_pre2026_to_post2026,random_forest,0.04453992813513033
separacion:4131,2026-0003014,EEUU-E50,EEUU,2026-05-02,45,2026-06-01,0,cross_regime_pre2026_to_post2026,random_forest,0.03792339521725381
separacion:4365,2026-0003981,TZ-19,TZ,2026-05-02,7,2026-06-01,0,cross_regime_pre2026_to_post2026,random_forest,0.045428225176212346
separacion:4393,2026-0004251,CP-B507,CP,2026-05-02,0,2026-06-01,0,cross_regime_pre2026_to_post2026,random_forest,0.16775168922892061
separacion:4394,2026-0004235,FX-304,FX,2026-05-02,0,2026-06-01,0,cross_regime_pre2026_to_post2026,random_forest,0.15343007742278
separacion:4395,2026-0004267,GY-605,GY,2026-05-02,0,2026-06-01,0,cross_regime_pre2026_to_post2026,random_forest,0.17022242222537398
separacion:4553,2026-0005356,NP-A-E161,NP,2026-05-02,0,2026-06-01,0,cross_regime_pre2026_to_post2026,random_forest,0.07349040199531234
separacion:4014,2026-0001698,EEUU-E48,EEUU,2026-05-03,75,2026-06-02,0,cross_regime_pre2026_to_post2026,random_forest,0.03880892171704906
separacion:4136,2026-0003041,MT-A04,MT,2026-05-03,45,2026-06-02,0,cross_regime_pre2026_to_post2026,random_forest,0.05536366735498463
separacion:4366,2026-0004062,NP-A2306,NP,2026-05-03,7,2026-06-02,0,cross_regime_pre2026_to_post2026,random_forest,0.1363919358876993
separacion:4140,2026-0003067,GY-14,GY,2026-05-04,45,2026-06-03,0,cross_regime_pre2026_to_post2026,random_forest,0.06676625903758515
separacion:4367,2026-0004067,TZ-50,TZ,2026-05-04,7,2026-06-03,0,cross_regime_pre2026_to_post2026,random_forest,0.05927492761402097
separacion:4400,2026-0004310,NP-A-E134,NP,2026-05-04,0,2026-06-03,0,cross_regime_pre2026_to_post2026,random_forest,0.04788543191276813
separacion:4401,2026-0004311,MD-1901,MD,2026-05-04,0,2026-06-03,0,cross_regime_pre2026_to_post2026,random_forest,0.1562389263772807
separacion:4026,2026-0001742,CP-E27,CP,2026-05-05,75,2026-06-04,0,cross_regime_pre2026_to_post2026,random_forest,0.03924113960185069
separacion:4301,2026-0003630,NP-A-E08,NP,2026-05-05,21,2026-06-04,0,cross_regime_pre2026_to_post2026,random_forest,0.042027435113210714
separacion:4336,2026-0003787,FX-603,FX,2026-05-05,14,2026-06-04,1,cross_regime_pre2026_to_post2026,random_forest,0.09680238986251506
separacion:4337,2026-0003807,CP-E60,CP,2026-05-05,14,2026-06-04,0,cross_regime_pre2026_to_post2026,random_forest,0.03617515357942924
separacion:4370,2026-0004112,NP-A-E06,NP,2026-05-05,7,2026-06-04,0,cross_regime_pre2026_to_post2026,random_forest,0.04197856841639717
separacion:4402,2026-0004319,MD-1803,MD,2026-05-05,0,2026-06-04,0,cross_regime_pre2026_to_post2026,random_forest,0.23009509559408375
separacion:4403,2026-0004320,MD-E97,MD,2026-05-05,0,2026-06-04,0,cross_regime_pre2026_to_post2026,random_forest,0.06531376113219883
separacion:4405,2026-0004331,NP-A1501,NP,2026-05-05,0,2026-06-04,0,cross_regime_pre2026_to_post2026,random_forest,0.09580378510752968
separacion:4407,2026-0004338,NP-A2210,NP,2026-05-05,0,2026-06-04,0,cross_regime_pre2026_to_post2026,random_forest,0.09580378510752968
separacion:4148,2026-0003118,GY-43,GY,2026-05-06,45,2026-06-05,0,cross_regime_pre2026_to_post2026,random_forest,0.04768602063510121
separacion:4150,2026-0003125,NP-A1304,NP,2026-05-06,45,2026-06-05,1,cross_regime_pre2026_to_post2026,random_forest,0.21345273428948686
separacion:4210,2026-0003409,SL-E4,SL,2026-05-06,30,2026-06-05,0,cross_regime_pre2026_to_post2026,random_forest,0.022105824953527885
separacion:4213,2026-0003412,MT-A54,MT,2026-05-06,30,2026-06-05,0,cross_regime_pre2026_to_post2026,random_forest,0.02420508899990901
separacion:4216,2026-0003420,CP-E87,CP,2026-05-06,30,2026-06-05,0,cross_regime_pre2026_to_post2026,random_forest,0.03630345409806645
separacion:4343,2026-0003846,FX-E43,FX,2026-05-06,14,2026-06-05,0,cross_regime_pre2026_to_post2026,random_forest,0.03829937546430327
separacion:4345,2026-0003857,GY-801,GY,2026-05-06,14,2026-06-05,0,cross_regime_pre2026_to_post2026,random_forest,0.32215360789644654
separacion:4408,2026-0004330,SL-1308,SL,2026-05-06,0,2026-06-05,0,cross_regime_pre2026_to_post2026,random_forest,0.16132076843907445
separacion:4409,2026-0004351,SL-E47,SL,2026-05-06,0,2026-06-05,0,cross_regime_pre2026_to_post2026,random_forest,0.04334920729806764
separacion:4413,2026-0004374,MT-B24,MT,2026-05-06,0,2026-06-05,0,cross_regime_pre2026_to_post2026,random_forest,0.04772427261285411
separacion:4153,2026-0003145,GY-27,GY,2026-05-07,45,2026-06-06,0,cross_regime_pre2026_to_post2026,random_forest,0.03804083850907679
separacion:4352,2026-0003901,EEUU-503,EEUU,2026-05-07,14,2026-06-06,0,cross_regime_pre2026_to_post2026,random_forest,0.19848355849930152
separacion:4384,2026-0004153,CP-B705,CP,2026-05-07,7,2026-06-06,0,cross_regime_pre2026_to_post2026,random_forest,0.19402913047328618
separacion:4385,2026-0004150,GY-201,GY,2026-05-07,7,2026-06-06,0,cross_regime_pre2026_to_post2026,random_forest,0.20882347292804662
separacion:4415,2026-0004385,EEUU-1404,EEUU,2026-05-07,0,2026-06-06,0,cross_regime_pre2026_to_post2026,random_forest,0.2545351521992229
separacion:4416,2026-0004370,TZ-106,TZ,2026-05-07,0,2026-06-06,0,cross_regime_pre2026_to_post2026,random_forest,0.25215613593454095
separacion:4417,2026-0004387,FX-405,FX,2026-05-07,0,2026-06-06,0,cross_regime_pre2026_to_post2026,random_forest,0.13333445180255235
separacion:4163,2026-0003190,MD-E18,MD,2026-05-08,45,2026-06-07,0,cross_regime_pre2026_to_post2026,random_forest,0.05759208037780537
separacion:4363,2026-0003941,GY-33,GY,2026-05-08,14,2026-06-07,0,cross_regime_pre2026_to_post2026,random_forest,0.023249535543316976
separacion:4389,2026-0004188,SL-E1,SL,2026-05-08,7,2026-06-07,0,cross_regime_pre2026_to_post2026,random_forest,0.034336562066879885
separacion:4040,2026-0001859,TZ-17,TZ,2026-05-09,75,2026-06-08,0,cross_regime_pre2026_to_post2026,random_forest,0.05613378627517768
separacion:4164,2026-0003197,NP-A-E19,NP,2026-05-09,45,2026-06-08,0,cross_regime_pre2026_to_post2026,random_forest,0.045499200338865356
separacion:4288,2026-0003484,MT-A27,MT,2026-05-09,30,2026-06-08,0,cross_regime_pre2026_to_post2026,random_forest,0.03088585114868595
separacion:4290,2026-0003499,MT-A45,MT,2026-05-09,30,2026-06-08,0,cross_regime_pre2026_to_post2026,random_forest,0.03088585114868595
separacion:4365,2026-0003981,TZ-19,TZ,2026-05-09,14,2026-06-08,0,cross_regime_pre2026_to_post2026,random_forest,0.02458282302623446
separacion:4393,2026-0004251,CP-B507,CP,2026-05-09,7,2026-06-08,0,cross_regime_pre2026_to_post2026,random_forest,0.208334846806389
separacion:4394,2026-0004235,FX-304,FX,2026-05-09,7,2026-06-08,0,cross_regime_pre2026_to_post2026,random_forest,0.17402805714192307
separacion:4395,2026-0004267,GY-605,GY,2026-05-09,7,2026-06-08,0,cross_regime_pre2026_to_post2026,random_forest,0.22488517793186008
separacion:4422,2026-0004435,NP-A1810,NP,2026-05-09,0,2026-06-08,0,cross_regime_pre2026_to_post2026,random_forest,0.11246842365957146
separacion:4423,2026-0004300,MT-B1303,MT,2026-05-09,0,2026-06-08,0,cross_regime_pre2026_to_post2026,random_forest,0.2134231424577404
separacion:4553,2026-0005356,NP-A-E161,NP,2026-05-09,7,2026-06-08,0,cross_regime_pre2026_to_post2026,random_forest,0.060819862316318876
separacion:4166,2026-0003221,CP-E52,CP,2026-05-10,45,2026-06-09,0,cross_regime_pre2026_to_post2026,random_forest,0.06930725983998438
separacion:4295,2026-0003502,SL-E7,SL,2026-05-10,30,2026-06-09,0,cross_regime_pre2026_to_post2026,random_forest,0.04545884687535803
separacion:4366,2026-0004062,NP-A2306,NP,2026-05-10,14,2026-06-09,0,cross_regime_pre2026_to_post2026,random_forest,0.20638136482060396
separacion:4424,2026-0004451,SL-903,SL,2026-05-10,0,2026-06-09,0,cross_regime_pre2026_to_post2026,random_forest,0.2682787563905275
separacion:4088,2026-0002498,NP-A1601,NP,2026-05-11,60,2026-06-10,0,cross_regime_pre2026_to_post2026,random_forest,0.16270550114399535
separacion:4089,2026-0002499,NP-A1603,NP,2026-05-11,60,2026-06-10,0,cross_regime_pre2026_to_post2026,random_forest,0.16270550114399535
separacion:4191,2026-0003242,NP-A2005,NP,2026-05-11,45,2026-06-10,0,cross_regime_pre2026_to_post2026,random_forest,0.20587096533257734
separacion:4367,2026-0004067,TZ-50,TZ,2026-05-11,14,2026-06-10,0,cross_regime_pre2026_to_post2026,random_forest,0.07007247237223417
separacion:4400,2026-0004310,NP-A-E134,NP,2026-05-11,7,2026-06-10,0,cross_regime_pre2026_to_post2026,random_forest,0.040837915552195264
separacion:4401,2026-0004311,MD-1901,MD,2026-05-11,7,2026-06-10,0,cross_regime_pre2026_to_post2026,random_forest,0.13486472946965733
separacion:4427,2026-0004436,SL-808,SL,2026-05-11,0,2026-06-10,0,cross_regime_pre2026_to_post2026,random_forest,0.08062730953675444
separacion:4192,2026-0003243,CP-B1306,CP,2026-05-12,45,2026-06-11,0,cross_regime_pre2026_to_post2026,random_forest,0.38071479918668705
separacion:4193,2026-0003246,NP-A-E138,NP,2026-05-12,45,2026-06-11,0,cross_regime_pre2026_to_post2026,random_forest,0.05465021639523572
separacion:4337,2026-0003807,CP-E60,CP,2026-05-12,21,2026-06-11,0,cross_regime_pre2026_to_post2026,random_forest,0.037178534151091874
separacion:4370,2026-0004112,NP-A-E06,NP,2026-05-12,14,2026-06-11,0,cross_regime_pre2026_to_post2026,random_forest,0.02466327452330614
separacion:4402,2026-0004319,MD-1803,MD,2026-05-12,7,2026-06-11,0,cross_regime_pre2026_to_post2026,random_forest,0.19811160243282366
separacion:4403,2026-0004320,MD-E97,MD,2026-05-12,7,2026-06-11,0,cross_regime_pre2026_to_post2026,random_forest,0.060409326705318664
separacion:4407,2026-0004338,NP-A2210,NP,2026-05-12,7,2026-06-11,0,cross_regime_pre2026_to_post2026,random_forest,0.11486852926606954
separacion:4451,2026-0004523,NP-A-E154,NP,2026-05-12,0,2026-06-11,0,cross_regime_pre2026_to_post2026,random_forest,0.048335569558594235
separacion:4106,2026-0002781,FX-E16,FX,2026-05-13,60,2026-06-12,0,cross_regime_pre2026_to_post2026,random_forest,0.06124064846926795
separacion:4343,2026-0003846,FX-E43,FX,2026-05-13,21,2026-06-12,0,cross_regime_pre2026_to_post2026,random_forest,0.039585606167424084
separacion:4345,2026-0003857,GY-801,GY,2026-05-13,21,2026-06-12,0,cross_regime_pre2026_to_post2026,random_forest,0.31655314824504865
separacion:4408,2026-0004330,SL-1308,SL,2026-05-13,7,2026-06-12,0,cross_regime_pre2026_to_post2026,random_forest,0.17295498195712433
separacion:4409,2026-0004351,SL-E47,SL,2026-05-13,7,2026-06-12,0,cross_regime_pre2026_to_post2026,random_forest,0.034588425450847206
separacion:4413,2026-0004374,MT-B24,MT,2026-05-13,7,2026-06-12,0,cross_regime_pre2026_to_post2026,random_forest,0.03805197580737471
separacion:4452,2026-0004527,SL-207,SL,2026-05-13,0,2026-06-12,0,cross_regime_pre2026_to_post2026,random_forest,0.10185895625784257
separacion:4107,2026-0002813,GY-303,GY,2026-05-14,60,2026-06-13,0,cross_regime_pre2026_to_post2026,random_forest,0.2174288617740508
separacion:4109,2026-0002890,MT-A57,MT,2026-05-14,60,2026-06-13,1,cross_regime_pre2026_to_post2026,random_forest,0.04885345434809557
separacion:4202,2026-0003313,NP-A2203,NP,2026-05-14,45,2026-06-13,0,cross_regime_pre2026_to_post2026,random_forest,0.20675317963492088
separacion:4203,2026-0003315,NP-A2204,NP,2026-05-14,45,2026-06-13,0,cross_regime_pre2026_to_post2026,random_forest,0.20675317963492088
separacion:4301,2026-0003630,NP-A-E08,NP,2026-05-14,30,2026-06-13,0,cross_regime_pre2026_to_post2026,random_forest,0.044946298912848244
separacion:4352,2026-0003901,EEUU-503,EEUU,2026-05-14,21,2026-06-13,0,cross_regime_pre2026_to_post2026,random_forest,0.16221156421465924
separacion:4384,2026-0004153,CP-B705,CP,2026-05-14,14,2026-06-13,1,cross_regime_pre2026_to_post2026,random_forest,0.20560926841177768
separacion:4385,2026-0004150,GY-201,GY,2026-05-14,14,2026-06-13,0,cross_regime_pre2026_to_post2026,random_forest,0.27297898602505555
separacion:4415,2026-0004385,EEUU-1404,EEUU,2026-05-14,7,2026-06-13,0,cross_regime_pre2026_to_post2026,random_forest,0.20493575540547412
separacion:4455,2026-0004548,NP-A1901,NP,2026-05-14,0,2026-06-13,0,cross_regime_pre2026_to_post2026,random_forest,0.08324661056560503
separacion:4457,2026-0004561,MT-B28,MT,2026-05-14,0,2026-06-13,0,cross_regime_pre2026_to_post2026,random_forest,0.02740319974325895
separacion:4363,2026-0003941,GY-33,GY,2026-05-15,21,2026-06-14,0,cross_regime_pre2026_to_post2026,random_forest,0.02448785107232307
separacion:4389,2026-0004188,SL-E1,SL,2026-05-15,14,2026-06-14,0,cross_regime_pre2026_to_post2026,random_forest,0.01635326431952098
separacion:4463,2026-0004597,TZ-40,TZ,2026-05-15,0,2026-06-14,0,cross_regime_pre2026_to_post2026,random_forest,0.049211246765019014
separacion:4464,2026-0004616,TZ-43,TZ,2026-05-15,0,2026-06-14,0,cross_regime_pre2026_to_post2026,random_forest,0.049211246765019014
separacion:4122,2026-0002991,GY-D7,GY,2026-05-16,60,2026-06-15,0,cross_regime_pre2026_to_post2026,random_forest,0.11334336658995492
separacion:4365,2026-0003981,TZ-19,TZ,2026-05-16,21,2026-06-15,0,cross_regime_pre2026_to_post2026,random_forest,0.025562502999028677
separacion:4393,2026-0004251,CP-B507,CP,2026-05-16,14,2026-06-15,0,cross_regime_pre2026_to_post2026,random_forest,0.2527007737874061
separacion:4394,2026-0004235,FX-304,FX,2026-05-16,14,2026-06-15,0,cross_regime_pre2026_to_post2026,random_forest,0.2182278179947736
separacion:4422,2026-0004435,NP-A1810,NP,2026-05-16,7,2026-06-15,0,cross_regime_pre2026_to_post2026,random_forest,0.13258256311889768
separacion:4423,2026-0004300,MT-B1303,MT,2026-05-16,7,2026-06-15,0,cross_regime_pre2026_to_post2026,random_forest,0.23278629600595632
separacion:4466,2026-0004655,NP-A1506,NP,2026-05-16,0,2026-06-15,0,cross_regime_pre2026_to_post2026,random_forest,0.07916504290168747
separacion:4468,2026-0004668,EEUU-203,EEUU,2026-05-16,0,2026-06-15,1,cross_regime_pre2026_to_post2026,random_forest,0.21572383152493388
separacion:4471,2026-0004712,FX-402,FX,2026-05-16,0,2026-06-15,1,cross_regime_pre2026_to_post2026,random_forest,0.15343007742278
separacion:4553,2026-0005356,NP-A-E161,NP,2026-05-16,14,2026-06-15,0,cross_regime_pre2026_to_post2026,random_forest,0.03337086529762483
separacion:4131,2026-0003014,EEUU-E50,EEUU,2026-05-17,60,2026-06-16,0,cross_regime_pre2026_to_post2026,random_forest,0.04547055343014155
separacion:4366,2026-0004062,NP-A2306,NP,2026-05-17,21,2026-06-16,0,cross_regime_pre2026_to_post2026,random_forest,0.2586927626159437
separacion:4424,2026-0004451,SL-903,SL,2026-05-17,7,2026-06-16,0,cross_regime_pre2026_to_post2026,random_forest,0.3099820683529754
separacion:4472,2026-0004699,SL-908,SL,2026-05-17,0,2026-06-16,0,cross_regime_pre2026_to_post2026,random_forest,0.2682787563905275
separacion:4473,2026-0004716,NP-A2707,NP,2026-05-17,0,2026-06-16,0,cross_regime_pre2026_to_post2026,random_forest,0.1304576336659278
separacion:4474,2026-0004773,SL-1006,SL,2026-05-17,0,2026-06-16,0,cross_regime_pre2026_to_post2026,random_forest,0.14158317580719929
separacion:4475,2026-0004774,SL-406,SL,2026-05-17,0,2026-06-16,0,cross_regime_pre2026_to_post2026,random_forest,0.14158317580719929
separacion:4477,2026-0004791,SL-1302,SL,2026-05-17,0,2026-06-16,0,cross_regime_pre2026_to_post2026,random_forest,0.14158317580719929
separacion:4478,2026-0004831,SL-1506,SL,2026-05-17,0,2026-06-16,0,cross_regime_pre2026_to_post2026,random_forest,0.14158317580719929
separacion:4479,2026-0004836,GY-1603,GY,2026-05-17,0,2026-06-16,0,cross_regime_pre2026_to_post2026,random_forest,0.22651888833765801
separacion:4480,2026-0004850,MD-1403,MD,2026-05-17,0,2026-06-16,0,cross_regime_pre2026_to_post2026,random_forest,0.13780024778561395
separacion:4481,2026-0004572,FX-901,FX,2026-05-17,0,2026-06-16,1,cross_regime_pre2026_to_post2026,random_forest,0.16682912824379276
separacion:4482,2026-0004857,NP-A1008,NP,2026-05-17,0,2026-06-16,1,cross_regime_pre2026_to_post2026,random_forest,0.10006048281933701
separacion:4483,2026-0004861,NP-A2608,NP,2026-05-17,0,2026-06-16,0,cross_regime_pre2026_to_post2026,random_forest,0.10006048281933701
separacion:4136,2026-0003041,MT-A04,MT,2026-05-18,60,2026-06-17,0,cross_regime_pre2026_to_post2026,random_forest,0.05583216743816475
separacion:4367,2026-0004067,TZ-50,TZ,2026-05-18,21,2026-06-17,0,cross_regime_pre2026_to_post2026,random_forest,0.07244329910014473
separacion:4400,2026-0004310,NP-A-E134,NP,2026-05-18,14,2026-06-17,0,cross_regime_pre2026_to_post2026,random_forest,0.027079898874520204
separacion:4427,2026-0004436,SL-808,SL,2026-05-18,7,2026-06-17,0,cross_regime_pre2026_to_post2026,random_forest,0.08586794492473684
separacion:4484,2026-0004638,CP-E18,CP,2026-05-18,0,2026-06-17,0,cross_regime_pre2026_to_post2026,random_forest,0.05736509699051014
separacion:4486,2026-0004887,MT-A701,MT,2026-05-18,0,2026-06-17,0,cross_regime_pre2026_to_post2026,random_forest,0.06564536689549388
separacion:4495,2026-0004886,NP-A904,NP,2026-05-18,0,2026-06-17,0,cross_regime_pre2026_to_post2026,random_forest,0.0641467681699529
separacion:4498,2026-0004746,NP-A2706,NP,2026-05-18,0,2026-06-17,0,cross_regime_pre2026_to_post2026,random_forest,0.07919780582961079
separacion:4140,2026-0003067,GY-14,GY,2026-05-19,60,2026-06-18,0,cross_regime_pre2026_to_post2026,random_forest,0.06320772747075609
separacion:4370,2026-0004112,NP-A-E06,NP,2026-05-19,21,2026-06-18,0,cross_regime_pre2026_to_post2026,random_forest,0.025303244807581723
separacion:4403,2026-0004320,MD-E97,MD,2026-05-19,14,2026-06-18,0,cross_regime_pre2026_to_post2026,random_forest,0.05708276431515498
separacion:4407,2026-0004338,NP-A2210,NP,2026-05-19,14,2026-06-18,0,cross_regime_pre2026_to_post2026,random_forest,0.14956265285785655
separacion:4451,2026-0004523,NP-A-E154,NP,2026-05-19,7,2026-06-18,0,cross_regime_pre2026_to_post2026,random_forest,0.04197856841639717
separacion:4502,2026-0004895,NP-A802,NP,2026-05-19,0,2026-06-18,0,cross_regime_pre2026_to_post2026,random_forest,0.09580378510752968
separacion:4409,2026-0004351,SL-E47,SL,2026-05-20,14,2026-06-19,0,cross_regime_pre2026_to_post2026,random_forest,0.017454368893408945
separacion:4413,2026-0004374,MT-B24,MT,2026-05-20,14,2026-06-19,0,cross_regime_pre2026_to_post2026,random_forest,0.014832012863946491
separacion:4452,2026-0004527,SL-207,SL,2026-05-20,7,2026-06-19,0,cross_regime_pre2026_to_post2026,random_forest,0.11659592705234101
separacion:4505,2026-0004947,MT-A1002,MT,2026-05-20,0,2026-06-19,0,cross_regime_pre2026_to_post2026,random_forest,0.08533709918617163
separacion:4148,2026-0003118,GY-43,GY,2026-05-21,60,2026-06-20,0,cross_regime_pre2026_to_post2026,random_forest,0.04539069019433223
separacion:4210,2026-0003409,SL-E4,SL,2026-05-21,45,2026-06-20,0,cross_regime_pre2026_to_post2026,random_forest,0.0234749721534394
separacion:4213,2026-0003412,MT-A54,MT,2026-05-21,45,2026-06-20,0,cross_regime_pre2026_to_post2026,random_forest,0.02994460023066029
separacion:4216,2026-0003420,CP-E87,CP,2026-05-21,45,2026-06-20,0,cross_regime_pre2026_to_post2026,random_forest,0.03895252681631037
separacion:4337,2026-0003807,CP-E60,CP,2026-05-21,30,2026-06-20,0,cross_regime_pre2026_to_post2026,random_forest,0.040027577636441034
separacion:4384,2026-0004153,CP-B705,CP,2026-05-21,21,2026-06-20,1,cross_regime_pre2026_to_post2026,random_forest,0.20501831853780897
separacion:4385,2026-0004150,GY-201,GY,2026-05-21,21,2026-06-20,0,cross_regime_pre2026_to_post2026,random_forest,0.2776361866194475
separacion:4415,2026-0004385,EEUU-1404,EEUU,2026-05-21,14,2026-06-20,0,cross_regime_pre2026_to_post2026,random_forest,0.19848355849930152
separacion:4455,2026-0004548,NP-A1901,NP,2026-05-21,7,2026-06-20,0,cross_regime_pre2026_to_post2026,random_forest,0.11842751325963877
separacion:4457,2026-0004561,MT-B28,MT,2026-05-21,7,2026-06-20,0,cross_regime_pre2026_to_post2026,random_forest,0.025796414944871348
separacion:4508,2026-0004899,FX-605,FX,2026-05-21,0,2026-06-20,0,cross_regime_pre2026_to_post2026,random_forest,0.1592425690813761
separacion:4153,2026-0003145,GY-27,GY,2026-05-22,60,2026-06-21,0,cross_regime_pre2026_to_post2026,random_forest,0.045806579351410824
separacion:4343,2026-0003846,FX-E43,FX,2026-05-22,30,2026-06-21,0,cross_regime_pre2026_to_post2026,random_forest,0.054266348897445076
separacion:4345,2026-0003857,GY-801,GY,2026-05-22,30,2026-06-21,0,cross_regime_pre2026_to_post2026,random_forest,0.29919315167922256
separacion:4389,2026-0004188,SL-E1,SL,2026-05-22,21,2026-06-21,0,cross_regime_pre2026_to_post2026,random_forest,0.01679226024890559
separacion:4463,2026-0004597,TZ-40,TZ,2026-05-22,7,2026-06-21,0,cross_regime_pre2026_to_post2026,random_forest,0.053101091245043246
separacion:4464,2026-0004616,TZ-43,TZ,2026-05-22,7,2026-06-21,0,cross_regime_pre2026_to_post2026,random_forest,0.053101091245043246
separacion:4511,2026-0004992,CP-B1207,CP,2026-05-22,0,2026-06-21,0,cross_regime_pre2026_to_post2026,random_forest,0.17834329707013638
separacion:4163,2026-0003190,MD-E18,MD,2026-05-23,60,2026-06-22,0,cross_regime_pre2026_to_post2026,random_forest,0.07754916825345744
separacion:4352,2026-0003901,EEUU-503,EEUU,2026-05-23,30,2026-06-22,1,cross_regime_pre2026_to_post2026,random_forest,0.22660033862216397
separacion:4394,2026-0004235,FX-304,FX,2026-05-23,21,2026-06-22,0,cross_regime_pre2026_to_post2026,random_forest,0.24839896855599633
separacion:4468,2026-0004668,EEUU-203,EEUU,2026-05-23,7,2026-06-22,1,cross_regime_pre2026_to_post2026,random_forest,0.222686685595903
separacion:4512,2026-0004858,SL-1008,SL,2026-05-23,0,2026-06-22,0,cross_regime_pre2026_to_post2026,random_forest,0.13184066530974792
separacion:4553,2026-0005356,NP-A-E161,NP,2026-05-23,21,2026-06-22,0,cross_regime_pre2026_to_post2026,random_forest,0.03554533787875366
separacion:4164,2026-0003197,NP-A-E19,NP,2026-05-24,60,2026-06-23,0,cross_regime_pre2026_to_post2026,random_forest,0.0668611113565289
separacion:4288,2026-0003484,MT-A27,MT,2026-05-24,45,2026-06-23,0,cross_regime_pre2026_to_post2026,random_forest,0.05536366735498463
separacion:4290,2026-0003499,MT-A45,MT,2026-05-24,45,2026-06-23,0,cross_regime_pre2026_to_post2026,random_forest,0.05536366735498463
separacion:4363,2026-0003941,GY-33,GY,2026-05-24,30,2026-06-23,0,cross_regime_pre2026_to_post2026,random_forest,0.05860812568881371
separacion:4424,2026-0004451,SL-903,SL,2026-05-24,14,2026-06-23,0,cross_regime_pre2026_to_post2026,random_forest,0.40725936406661795
separacion:4472,2026-0004699,SL-908,SL,2026-05-24,7,2026-06-23,0,cross_regime_pre2026_to_post2026,random_forest,0.3099820683529754
separacion:4474,2026-0004773,SL-1006,SL,2026-05-24,7,2026-06-23,0,cross_regime_pre2026_to_post2026,random_forest,0.20867898239919797
separacion:4475,2026-0004774,SL-406,SL,2026-05-24,7,2026-06-23,0,cross_regime_pre2026_to_post2026,random_forest,0.20867898239919797
separacion:4477,2026-0004791,SL-1302,SL,2026-05-24,7,2026-06-23,0,cross_regime_pre2026_to_post2026,random_forest,0.20867898239919797
separacion:4479,2026-0004836,GY-1603,GY,2026-05-24,7,2026-06-23,0,cross_regime_pre2026_to_post2026,random_forest,0.26979077718315553
separacion:4480,2026-0004850,MD-1403,MD,2026-05-24,7,2026-06-23,1,cross_regime_pre2026_to_post2026,random_forest,0.1527104310613728
separacion:4483,2026-0004861,NP-A2608,NP,2026-05-24,7,2026-06-23,0,cross_regime_pre2026_to_post2026,random_forest,0.1363919358876993
separacion:4166,2026-0003221,CP-E52,CP,2026-05-25,60,2026-06-24,0,cross_regime_pre2026_to_post2026,random_forest,0.04661276035092925
separacion:4295,2026-0003502,SL-E7,SL,2026-05-25,45,2026-06-24,0,cross_regime_pre2026_to_post2026,random_forest,0.04634680555747482
separacion:4365,2026-0003981,TZ-19,TZ,2026-05-25,30,2026-06-24,0,cross_regime_pre2026_to_post2026,random_forest,0.036475468704581564
separacion:4400,2026-0004310,NP-A-E134,NP,2026-05-25,21,2026-06-24,0,cross_regime_pre2026_to_post2026,random_forest,0.028889360190708206
separacion:4427,2026-0004436,SL-808,SL,2026-05-25,14,2026-06-24,0,cross_regime_pre2026_to_post2026,random_forest,0.136758767280177
separacion:4484,2026-0004638,CP-E18,CP,2026-05-25,7,2026-06-24,0,cross_regime_pre2026_to_post2026,random_forest,0.042291702325369246
separacion:4486,2026-0004887,MT-A701,MT,2026-05-25,7,2026-06-24,0,cross_regime_pre2026_to_post2026,random_forest,0.0685788700082343
separacion:4495,2026-0004886,NP-A904,NP,2026-05-25,7,2026-06-24,0,cross_regime_pre2026_to_post2026,random_forest,0.08306010936310176
separacion:4498,2026-0004746,NP-A2706,NP,2026-05-25,7,2026-06-24,0,cross_regime_pre2026_to_post2026,random_forest,0.09147306407512165
separacion:4513,2026-0004955,MT-A1206,MT,2026-05-25,0,2026-06-24,0,cross_regime_pre2026_to_post2026,random_forest,0.07718732769869961
separacion:4191,2026-0003242,NP-A2005,NP,2026-05-26,60,2026-06-25,1,cross_regime_pre2026_to_post2026,random_forest,0.17294820178519288
separacion:4403,2026-0004320,MD-E97,MD,2026-05-26,21,2026-06-25,0,cross_regime_pre2026_to_post2026,random_forest,0.051470195073668276
separacion:4451,2026-0004523,NP-A-E154,NP,2026-05-26,14,2026-06-25,0,cross_regime_pre2026_to_post2026,random_forest,0.02466327452330614
separacion:4528,2026-0005078,SL-1206,SL,2026-05-26,0,2026-06-25,0,cross_regime_pre2026_to_post2026,random_forest,0.08737190096091534
separacion:4192,2026-0003243,CP-B1306,CP,2026-05-27,60,2026-06-26,0,cross_regime_pre2026_to_post2026,random_forest,0.30167366254823036
separacion:4193,2026-0003246,NP-A-E138,NP,2026-05-27,60,2026-06-26,0,cross_regime_pre2026_to_post2026,random_forest,0.052473441730041565
separacion:4367,2026-0004067,TZ-50,TZ,2026-05-27,30,2026-06-26,0,cross_regime_pre2026_to_post2026,random_forest,0.06375830261145053
separacion:4409,2026-0004351,SL-E47,SL,2026-05-27,21,2026-06-26,0,cross_regime_pre2026_to_post2026,random_forest,0.016007031085280156
separacion:4413,2026-0004374,MT-B24,MT,2026-05-27,21,2026-06-26,0,cross_regime_pre2026_to_post2026,random_forest,0.014889380087984926
separacion:4532,2026-0005086,NP-A2807,NP,2026-05-27,0,2026-06-26,0,cross_regime_pre2026_to_post2026,random_forest,0.10579433757896181
separacion:4106,2026-0002781,FX-E16,FX,2026-05-28,75,2026-06-27,0,cross_regime_pre2026_to_post2026,random_forest,0.059949788774404225
separacion:4370,2026-0004112,NP-A-E06,NP,2026-05-28,30,2026-06-27,0,cross_regime_pre2026_to_post2026,random_forest,0.02541491647825581
separacion:4455,2026-0004548,NP-A1901,NP,2026-05-28,14,2026-06-27,0,cross_regime_pre2026_to_post2026,random_forest,0.17399047479294513
separacion:4457,2026-0004561,MT-B28,MT,2026-05-28,14,2026-06-27,0,cross_regime_pre2026_to_post2026,random_forest,0.03164466574594063
separacion:4107,2026-0002813,GY-303,GY,2026-05-29,75,2026-06-28,1,cross_regime_pre2026_to_post2026,random_forest,0.19429050690610652
separacion:4202,2026-0003313,NP-A2203,NP,2026-05-29,60,2026-06-28,0,cross_regime_pre2026_to_post2026,random_forest,0.18711344371734756
separacion:4203,2026-0003315,NP-A2204,NP,2026-05-29,60,2026-06-28,0,cross_regime_pre2026_to_post2026,random_forest,0.18711344371734756
separacion:4301,2026-0003630,NP-A-E08,NP,2026-05-29,45,2026-06-28,0,cross_regime_pre2026_to_post2026,random_forest,0.05226546956160388
separacion:4463,2026-0004597,TZ-40,TZ,2026-05-29,14,2026-06-28,0,cross_regime_pre2026_to_post2026,random_forest,0.07962982315671717
separacion:4464,2026-0004616,TZ-43,TZ,2026-05-29,14,2026-06-28,0,cross_regime_pre2026_to_post2026,random_forest,0.07962982315671717
separacion:4542,2026-0005156,NP-A2601,NP,2026-05-29,0,2026-06-28,1,cross_regime_pre2026_to_post2026,random_forest,0.0947768441573135
separacion:4384,2026-0004153,CP-B705,CP,2026-05-30,30,2026-06-29,1,cross_regime_pre2026_to_post2026,random_forest,0.26082880069068276
separacion:4468,2026-0004668,EEUU-203,EEUU,2026-05-30,14,2026-06-29,1,cross_regime_pre2026_to_post2026,random_forest,0.25100483499721443
separacion:4544,2026-0005233,NP-A2104,NP,2026-05-30,0,2026-06-29,0,cross_regime_pre2026_to_post2026,random_forest,0.07916504290168747
separacion:4122,2026-0002991,GY-D7,GY,2026-05-31,75,2026-06-30,0,cross_regime_pre2026_to_post2026,random_forest,0.10993963236308697
separacion:4389,2026-0004188,SL-E1,SL,2026-05-31,30,2026-06-30,0,cross_regime_pre2026_to_post2026,random_forest,0.04545884687535803
separacion:4479,2026-0004836,GY-1603,GY,2026-05-31,14,2026-06-30,0,cross_regime_pre2026_to_post2026,random_forest,0.36740326653777905
separacion:4480,2026-0004850,MD-1403,MD,2026-05-31,14,2026-06-30,1,cross_regime_pre2026_to_post2026,random_forest,0.23021675150412882
separacion:4546,2026-0005276,NP-A-E158,NP,2026-05-31,0,2026-06-30,1,cross_regime_pre2026_to_post2026,random_forest,0.09397566455431243
separacion:4547,2026-0005274,NP-A2102,NP,2026-05-31,0,2026-06-30,0,cross_regime_pre2026_to_post2026,random_forest,0.10006048281933701
separacion:4131,2026-0003014,EEUU-E50,EEUU,2026-06-01,75,2026-07-01,0,cross_regime_pre2026_to_post2026,random_forest,0.028767894782945714
separacion:4484,2026-0004638,CP-E18,CP,2026-06-01,14,2026-07-01,0,cross_regime_pre2026_to_post2026,random_forest,0.031298002046540103
separacion:4553,2026-0005356,NP-A-E161,NP,2026-06-01,30,2026-07-01,0,cross_regime_pre2026_to_post2026,random_forest,0.03533044258529536
separacion:4136,2026-0003041,MT-A04,MT,2026-06-02,75,2026-07-02,0,cross_regime_pre2026_to_post2026,random_forest,0.027988574951998847
separacion:4451,2026-0004523,NP-A-E154,NP,2026-06-02,21,2026-07-02,0,cross_regime_pre2026_to_post2026,random_forest,0.021059697643707378
separacion:4528,2026-0005078,SL-1206,SL,2026-06-02,7,2026-07-02,0,cross_regime_pre2026_to_post2026,random_forest,0.08312718737847156
separacion:4551,2026-0005345,MD-1202,MD,2026-06-02,0,2026-07-02,0,cross_regime_pre2026_to_post2026,random_forest,0.21474527149025285
separacion:4554,2026-0005178,MT-B1202,MT,2026-06-02,0,2026-07-02,0,cross_regime_pre2026_to_post2026,random_forest,0.07396906736266916
separacion:4555,2026-0005288,MD-E66,MD,2026-06-02,0,2026-07-02,0,cross_regime_pre2026_to_post2026,random_forest,0.09523915179198397
separacion:4140,2026-0003067,GY-14,GY,2026-06-03,75,2026-07-03,0,cross_regime_pre2026_to_post2026,random_forest,0.03680886455227151
separacion:4400,2026-0004310,NP-A-E134,NP,2026-06-03,30,2026-07-03,0,cross_regime_pre2026_to_post2026,random_forest,0.02277981107557763
separacion:4403,2026-0004320,MD-E97,MD,2026-06-04,30,2026-07-04,0,cross_regime_pre2026_to_post2026,random_forest,0.048782671720241734
separacion:4455,2026-0004548,NP-A1901,NP,2026-06-04,21,2026-07-04,0,cross_regime_pre2026_to_post2026,random_forest,0.18476913913745288
separacion:4457,2026-0004561,MT-B28,MT,2026-06-04,21,2026-07-04,0,cross_regime_pre2026_to_post2026,random_forest,0.03040565078711796
separacion:4563,2026-0005384,CP-B808,CP,2026-06-04,0,2026-07-04,0,cross_regime_pre2026_to_post2026,random_forest,0.19588203652721956
separacion:4564,2026-0005299,NP-A2507,NP,2026-06-04,0,2026-07-04,0,cross_regime_pre2026_to_post2026,random_forest,0.10877379194854729
separacion:4577,2026-0005381,NP-A1710,NP,2026-06-04,0,2026-07-04,0,cross_regime_pre2026_to_post2026,random_forest,0.09196885946169182
separacion:4148,2026-0003118,GY-43,GY,2026-06-05,75,2026-07-05,0,cross_regime_pre2026_to_post2026,random_forest,0.029423345297859435
separacion:4210,2026-0003409,SL-E4,SL,2026-06-05,60,2026-07-05,0,cross_regime_pre2026_to_post2026,random_forest,0.02117433707932212
separacion:4213,2026-0003412,MT-A54,MT,2026-06-05,60,2026-07-05,0,cross_regime_pre2026_to_post2026,random_forest,0.027065130901266717
separacion:4216,2026-0003420,CP-E87,CP,2026-06-05,60,2026-07-05,0,cross_regime_pre2026_to_post2026,random_forest,0.040057647749041934
separacion:4337,2026-0003807,CP-E60,CP,2026-06-05,45,2026-07-05,0,cross_regime_pre2026_to_post2026,random_forest,0.03277211135148528
separacion:4409,2026-0004351,SL-E47,SL,2026-06-05,30,2026-07-05,0,cross_regime_pre2026_to_post2026,random_forest,0.01397467248613381
separacion:4413,2026-0004374,MT-B24,MT,2026-06-05,30,2026-07-05,0,cross_regime_pre2026_to_post2026,random_forest,0.017631890851449495
separacion:4463,2026-0004597,TZ-40,TZ,2026-06-05,21,2026-07-05,0,cross_regime_pre2026_to_post2026,random_forest,0.0752837291389083
separacion:4464,2026-0004616,TZ-43,TZ,2026-06-05,21,2026-07-05,0,cross_regime_pre2026_to_post2026,random_forest,0.0752837291389083
separacion:4153,2026-0003145,GY-27,GY,2026-06-06,75,2026-07-06,0,cross_regime_pre2026_to_post2026,random_forest,0.03662200051419561
separacion:4343,2026-0003846,FX-E43,FX,2026-06-06,45,2026-07-06,0,cross_regime_pre2026_to_post2026,random_forest,0.06328752141669625
separacion:4468,2026-0004668,EEUU-203,EEUU,2026-06-06,21,2026-07-06,1,cross_regime_pre2026_to_post2026,random_forest,0.17911328654846398
separacion:4544,2026-0005233,NP-A2104,NP,2026-06-06,7,2026-07-06,0,cross_regime_pre2026_to_post2026,random_forest,0.10297218389565822
separacion:4581,2026-0005412,FX-402,FX,2026-06-06,0,2026-07-06,0,cross_regime_pre2026_to_post2026,random_forest,0.18306779068294468
separacion:4163,2026-0003190,MD-E18,MD,2026-06-07,75,2026-07-07,0,cross_regime_pre2026_to_post2026,random_forest,0.09255048421472015
separacion:4352,2026-0003901,EEUU-503,EEUU,2026-06-07,45,2026-07-07,1,cross_regime_pre2026_to_post2026,random_forest,0.15301135014425532
separacion:4479,2026-0004836,GY-1603,GY,2026-06-07,21,2026-07-07,0,cross_regime_pre2026_to_post2026,random_forest,0.37455269632426313
separacion:4480,2026-0004850,MD-1403,MD,2026-06-07,21,2026-07-07,1,cross_regime_pre2026_to_post2026,random_forest,0.2496344424633207
separacion:4546,2026-0005276,NP-A-E158,NP,2026-06-07,7,2026-07-07,1,cross_regime_pre2026_to_post2026,random_forest,0.07887637930949397
separacion:4547,2026-0005274,NP-A2102,NP,2026-06-07,7,2026-07-07,0,cross_regime_pre2026_to_post2026,random_forest,0.11895537580673214
separacion:4550,2026-0005313,MT-A1202,MT,2026-06-07,7,2026-07-07,0,cross_regime_pre2026_to_post2026,random_forest,0.11545847795973227
separacion:4164,2026-0003197,NP-A-E19,NP,2026-06-08,75,2026-07-08,0,cross_regime_pre2026_to_post2026,random_forest,0.035994835193758436
separacion:4288,2026-0003484,MT-A27,MT,2026-06-08,60,2026-07-08,0,cross_regime_pre2026_to_post2026,random_forest,0.0454520113250648
separacion:4290,2026-0003499,MT-A45,MT,2026-06-08,60,2026-07-08,0,cross_regime_pre2026_to_post2026,random_forest,0.0454520113250648
separacion:4363,2026-0003941,GY-33,GY,2026-06-08,45,2026-07-08,0,cross_regime_pre2026_to_post2026,random_forest,0.05644506905110964
separacion:4484,2026-0004638,CP-E18,CP,2026-06-08,21,2026-07-08,0,cross_regime_pre2026_to_post2026,random_forest,0.03537547985660625
separacion:4582,2026-0005474,SL-1104,SL,2026-06-08,0,2026-07-08,0,cross_regime_pre2026_to_post2026,random_forest,0.09534583678417947
separacion:4166,2026-0003221,CP-E52,CP,2026-06-09,75,2026-07-09,0,cross_regime_pre2026_to_post2026,random_forest,0.037217482320505695
separacion:4295,2026-0003502,SL-E7,SL,2026-06-09,60,2026-07-09,0,cross_regime_pre2026_to_post2026,random_forest,0.02980629544740775
separacion:4365,2026-0003981,TZ-19,TZ,2026-06-09,45,2026-07-09,0,cross_regime_pre2026_to_post2026,random_forest,0.03228195927823754
separacion:4554,2026-0005178,MT-B1202,MT,2026-06-09,7,2026-07-09,0,cross_regime_pre2026_to_post2026,random_forest,0.08904265907128037
separacion:4555,2026-0005288,MD-E66,MD,2026-06-09,7,2026-07-09,0,cross_regime_pre2026_to_post2026,random_forest,0.08216440457906887
separacion:4191,2026-0003242,NP-A2005,NP,2026-06-10,75,2026-07-10,1,cross_regime_pre2026_to_post2026,random_forest,0.14766442672173724
separacion:4589,2026-0005520,NP-A2207,NP,2026-06-10,0,2026-07-10,0,cross_regime_pre2026_to_post2026,random_forest,0.0983858464805852
separacion:4192,2026-0003243,CP-B1306,CP,2026-06-11,75,2026-07-11,0,cross_regime_pre2026_to_post2026,random_forest,0.23076765884894745
separacion:4193,2026-0003246,NP-A-E138,NP,2026-06-11,75,2026-07-11,0,cross_regime_pre2026_to_post2026,random_forest,0.0245850928909591
separacion:4367,2026-0004067,TZ-50,TZ,2026-06-11,45,2026-07-11,0,cross_regime_pre2026_to_post2026,random_forest,0.058817742327550535
separacion:4451,2026-0004523,NP-A-E154,NP,2026-06-11,30,2026-07-11,0,cross_regime_pre2026_to_post2026,random_forest,0.02050687522876782
separacion:4563,2026-0005384,CP-B808,CP,2026-06-11,7,2026-07-11,0,cross_regime_pre2026_to_post2026,random_forest,0.20957998407691203
separacion:4564,2026-0005299,NP-A2507,NP,2026-06-11,7,2026-07-11,0,cross_regime_pre2026_to_post2026,random_forest,0.13182827493552365
separacion:4577,2026-0005381,NP-A1710,NP,2026-06-11,7,2026-07-11,0,cross_regime_pre2026_to_post2026,random_forest,0.12292626134069831
separacion:4591,2026-0005535,NP-A-E163,NP,2026-06-11,0,2026-07-11,0,cross_regime_pre2026_to_post2026,random_forest,0.043763211777763905
separacion:4592,2026-0005534,MD-1701,MD,2026-06-11,0,2026-07-11,0,cross_regime_pre2026_to_post2026,random_forest,0.1100168045507957
separacion:4596,2026-0005566,NP-A1303,NP,2026-06-11,0,2026-07-11,0,cross_regime_pre2026_to_post2026,random_forest,0.07906412727025437
separacion:4106,2026-0002781,FX-E16,FX,2026-06-12,90,2026-07-12,0,cross_regime_pre2026_to_post2026,random_forest,0.051752376587870276
separacion:4370,2026-0004112,NP-A-E06,NP,2026-06-12,45,2026-07-12,0,cross_regime_pre2026_to_post2026,random_forest,0.032522329511712966
separacion:4599,2026-0005574,CP-E2,CP,2026-06-12,0,2026-07-12,0,cross_regime_pre2026_to_post2026,random_forest,0.03553940046473704
separacion:4107,2026-0002813,GY-303,GY,2026-06-13,90,2026-07-13,1,cross_regime_pre2026_to_post2026,random_forest,0.18092188568558892
separacion:4202,2026-0003313,NP-A2203,NP,2026-06-13,75,2026-07-13,0,cross_regime_pre2026_to_post2026,random_forest,0.14021992694031765
separacion:4203,2026-0003315,NP-A2204,NP,2026-06-13,75,2026-07-13,0,cross_regime_pre2026_to_post2026,random_forest,0.14021992694031765
separacion:4301,2026-0003630,NP-A-E08,NP,2026-06-13,60,2026-07-13,0,cross_regime_pre2026_to_post2026,random_forest,0.058983415958615656
separacion:4455,2026-0004548,NP-A1901,NP,2026-06-13,30,2026-07-13,1,cross_regime_pre2026_to_post2026,random_forest,0.18737219465266525
separacion:4457,2026-0004561,MT-B28,MT,2026-06-13,30,2026-07-13,0,cross_regime_pre2026_to_post2026,random_forest,0.04377460563261085
separacion:4544,2026-0005233,NP-A2104,NP,2026-06-13,14,2026-07-13,0,cross_regime_pre2026_to_post2026,random_forest,0.15948769598507373
separacion:4600,2026-0005594,TZ-39,TZ,2026-06-13,0,2026-07-13,0,cross_regime_pre2026_to_post2026,random_forest,0.041529111080291746
separacion:4601,2026-0005611,FX-E28,FX,2026-06-13,0,2026-07-13,0,cross_regime_pre2026_to_post2026,random_forest,0.05125267750626766
separacion:4602,2026-0005677,MD-1204,MD,2026-06-13,0,2026-07-13,0,cross_regime_pre2026_to_post2026,random_forest,0.07813883382558189
separacion:4463,2026-0004597,TZ-40,TZ,2026-06-14,30,2026-07-14,0,cross_regime_pre2026_to_post2026,random_forest,0.08251565730076607
separacion:4464,2026-0004616,TZ-43,TZ,2026-06-14,30,2026-07-14,0,cross_regime_pre2026_to_post2026,random_forest,0.08251565730076607
separacion:4550,2026-0005313,MT-A1202,MT,2026-06-14,14,2026-07-14,1,cross_regime_pre2026_to_post2026,random_forest,0.13590680946075331
separacion:4603,2026-0005740,MD-405,MD,2026-06-14,0,2026-07-14,0,cross_regime_pre2026_to_post2026,random_forest,0.10456588948234873
separacion:4604,2026-0005781,SL-1001,SL,2026-06-14,0,2026-07-14,0,cross_regime_pre2026_to_post2026,random_forest,0.11656861817044963
separacion:4605,2026-0005789,NP-A2606,NP,2026-06-14,0,2026-07-14,0,cross_regime_pre2026_to_post2026,random_forest,0.07197870602030887
separacion:4606,2026-0005804,MD-E52,MD,2026-06-14,0,2026-07-14,0,cross_regime_pre2026_to_post2026,random_forest,0.16745567419650015
separacion:4122,2026-0002991,GY-D7,GY,2026-06-15,90,2026-07-15,0,cross_regime_pre2026_to_post2026,random_forest,0.09002243121803989
separacion:4389,2026-0004188,SL-E1,SL,2026-06-15,45,2026-07-15,0,cross_regime_pre2026_to_post2026,random_forest,0.03713367626825555
separacion:4582,2026-0005474,SL-1104,SL,2026-06-15,7,2026-07-15,0,cross_regime_pre2026_to_post2026,random_forest,0.10805537093417605
separacion:4609,2026-0005817,NP-A-E106,NP,2026-06-15,0,2026-07-15,0,cross_regime_pre2026_to_post2026,random_forest,0.038691274163280005
separacion:4611,2026-0005815,MD-1401,MD,2026-06-15,0,2026-07-15,0,cross_regime_pre2026_to_post2026,random_forest,0.13193161457914365
separacion:4131,2026-0003014,EEUU-E50,EEUU,2026-06-16,90,2026-07-16,0,cross_regime_pre2026_to_post2026,random_forest,0.022391121800363713
separacion:4479,2026-0004836,GY-1603,GY,2026-06-16,30,2026-07-16,0,cross_regime_pre2026_to_post2026,random_forest,0.3519726772695753
separacion:4480,2026-0004850,MD-1403,MD,2026-06-16,30,2026-07-16,1,cross_regime_pre2026_to_post2026,random_forest,0.2517379253871504
separacion:4553,2026-0005356,NP-A-E161,NP,2026-06-16,45,2026-07-16,0,cross_regime_pre2026_to_post2026,random_forest,0.043110208929767566
separacion:4555,2026-0005288,MD-E66,MD,2026-06-16,14,2026-07-16,0,cross_regime_pre2026_to_post2026,random_forest,0.06409498408186927
separacion:4625,2026-0005859,FX-1301,FX,2026-06-16,0,2026-07-16,0,cross_regime_pre2026_to_post2026,random_forest,0.09230326196087466
separacion:4136,2026-0003041,MT-A04,MT,2026-06-17,90,2026-07-17,0,cross_regime_pre2026_to_post2026,random_forest,0.01979872224382959
separacion:4484,2026-0004638,CP-E18,CP,2026-06-17,30,2026-07-17,0,cross_regime_pre2026_to_post2026,random_forest,0.020291561074161038
separacion:4648,2026-0005877,FX-1201,FX,2026-06-17,0,2026-07-17,0,cross_regime_pre2026_to_post2026,random_forest,0.13220236502654495
separacion:4649,2026-0005898,FX-1303,FX,2026-06-17,0,2026-07-17,0,cross_regime_pre2026_to_post2026,random_forest,0.11351268495786851
separacion:4650,2026-0005846,FX-505,FX,2026-06-17,0,2026-07-17,0,cross_regime_pre2026_to_post2026,random_forest,0.1440021779486164
separacion:4651,2026-0005821,CP-B1107,CP,2026-06-17,0,2026-07-17,0,cross_regime_pre2026_to_post2026,random_forest,0.18178121493944185
separacion:4652,2026-0005915,SL-303,SL,2026-06-17,0,2026-07-17,0,cross_regime_pre2026_to_post2026,random_forest,0.09849357350855822
separacion:4140,2026-0003067,GY-14,GY,2026-06-18,90,2026-07-18,0,cross_regime_pre2026_to_post2026,random_forest,0.02529209772685319
separacion:4400,2026-0004310,NP-A-E134,NP,2026-06-18,45,2026-07-18,0,cross_regime_pre2026_to_post2026,random_forest,0.031144021584536174
separacion:4563,2026-0005384,CP-B808,CP,2026-06-18,14,2026-07-18,0,cross_regime_pre2026_to_post2026,random_forest,0.1974473086902104
separacion:4591,2026-0005535,NP-A-E163,NP,2026-06-18,7,2026-07-18,0,cross_regime_pre2026_to_post2026,random_forest,0.03855636325556292
separacion:4592,2026-0005534,MD-1701,MD,2026-06-18,7,2026-07-18,0,cross_regime_pre2026_to_post2026,random_forest,0.1173755673248186
separacion:4596,2026-0005566,NP-A1303,NP,2026-06-18,7,2026-07-18,0,cross_regime_pre2026_to_post2026,random_forest,0.12307530982968293
separacion:4655,2026-0005954,EEUU-E1,EEUU,2026-06-18,0,2026-07-18,0,cross_regime_pre2026_to_post2026,random_forest,0.13737070588263334
separacion:4403,2026-0004320,MD-E97,MD,2026-06-19,45,2026-07-19,0,cross_regime_pre2026_to_post2026,random_forest,0.05300086002320282
separacion:4599,2026-0005574,CP-E2,CP,2026-06-19,7,2026-07-19,0,cross_regime_pre2026_to_post2026,random_forest,0.0331955673461623
separacion:4664,2026-0005875,NP-A2609,NP,2026-06-19,0,2026-07-19,0,cross_regime_pre2026_to_post2026,random_forest,0.08844367296622786
separacion:4148,2026-0003118,GY-43,GY,2026-06-20,90,2026-07-20,0,cross_regime_pre2026_to_post2026,random_forest,0.03197430336452903
separacion:4210,2026-0003409,SL-E4,SL,2026-06-20,75,2026-07-20,0,cross_regime_pre2026_to_post2026,random_forest,0.01883908120047943
separacion:4213,2026-0003412,MT-A54,MT,2026-06-20,75,2026-07-20,0,cross_regime_pre2026_to_post2026,random_forest,0.02405649925071783
separacion:4216,2026-0003420,CP-E87,CP,2026-06-20,75,2026-07-20,0,cross_regime_pre2026_to_post2026,random_forest,0.05054676221062755
separacion:4337,2026-0003807,CP-E60,CP,2026-06-20,60,2026-07-20,0,cross_regime_pre2026_to_post2026,random_forest,0.05018824487318906
separacion:4409,2026-0004351,SL-E47,SL,2026-06-20,45,2026-07-20,0,cross_regime_pre2026_to_post2026,random_forest,0.02161802145438156
separacion:4413,2026-0004374,MT-B24,MT,2026-06-20,45,2026-07-20,0,cross_regime_pre2026_to_post2026,random_forest,0.02820701850918216
separacion:4544,2026-0005233,NP-A2104,NP,2026-06-20,21,2026-07-20,0,cross_regime_pre2026_to_post2026,random_forest,0.2125990928349402
separacion:4600,2026-0005594,TZ-39,TZ,2026-06-20,7,2026-07-20,0,cross_regime_pre2026_to_post2026,random_forest,0.040594190829958646
separacion:4601,2026-0005611,FX-E28,FX,2026-06-20,7,2026-07-20,0,cross_regime_pre2026_to_post2026,random_forest,0.049969404689504664
separacion:4673,2026-0005998,GY-506,GY,2026-06-20,0,2026-07-20,0,cross_regime_pre2026_to_post2026,random_forest,0.13627921667987278
separacion:4153,2026-0003145,GY-27,GY,2026-06-21,90,2026-07-21,0,cross_regime_pre2026_to_post2026,random_forest,0.04561426985690013
separacion:4343,2026-0003846,FX-E43,FX,2026-06-21,60,2026-07-21,0,cross_regime_pre2026_to_post2026,random_forest,0.08549583469354577
separacion:4550,2026-0005313,MT-A1202,MT,2026-06-21,21,2026-07-21,1,cross_regime_pre2026_to_post2026,random_forest,0.15687322767119372
separacion:4603,2026-0005740,MD-405,MD,2026-06-21,7,2026-07-21,0,cross_regime_pre2026_to_post2026,random_forest,0.14253286733127551
separacion:4604,2026-0005781,SL-1001,SL,2026-06-21,7,2026-07-21,0,cross_regime_pre2026_to_post2026,random_forest,0.2015459531263958
separacion:4605,2026-0005789,NP-A2606,NP,2026-06-21,7,2026-07-21,0,cross_regime_pre2026_to_post2026,random_forest,0.11895537580673214
separacion:4606,2026-0005804,MD-E52,MD,2026-06-21,7,2026-07-21,1,cross_regime_pre2026_to_post2026,random_forest,0.16258485526720093
separacion:4163,2026-0003190,MD-E18,MD,2026-06-22,90,2026-07-22,0,cross_regime_pre2026_to_post2026,random_forest,0.05286427641932698
separacion:4582,2026-0005474,SL-1104,SL,2026-06-22,14,2026-07-22,0,cross_regime_pre2026_to_post2026,random_forest,0.1696277676693854
separacion:4609,2026-0005817,NP-A-E106,NP,2026-06-22,7,2026-07-22,0,cross_regime_pre2026_to_post2026,random_forest,0.039710843741446525
separacion:4611,2026-0005815,MD-1401,MD,2026-06-22,7,2026-07-22,0,cross_regime_pre2026_to_post2026,random_forest,0.11656953786043536
separacion:4678,2026-0006039,MT-A601,MT,2026-06-22,0,2026-07-22,0,cross_regime_pre2026_to_post2026,random_forest,0.04719520559577815
separacion:4679,2026-0006048,NP-A-E165,NP,2026-06-22,0,2026-07-22,0,cross_regime_pre2026_to_post2026,random_forest,0.04447202988329819
separacion:4684,2026-0006056,SL-E12,SL,2026-06-22,0,2026-07-22,0,cross_regime_pre2026_to_post2026,random_forest,0.0410211838497711
separacion:4687,2026-0006060,MT-A1006,MT,2026-06-22,0,2026-07-22,0,cross_regime_pre2026_to_post2026,random_forest,0.04719520559577815
separacion:4164,2026-0003197,NP-A-E19,NP,2026-06-23,90,2026-07-23,0,cross_regime_pre2026_to_post2026,random_forest,0.027616541511277525
separacion:4288,2026-0003484,MT-A27,MT,2026-06-23,75,2026-07-23,0,cross_regime_pre2026_to_post2026,random_forest,0.027988574951998847
separacion:4290,2026-0003499,MT-A45,MT,2026-06-23,75,2026-07-23,0,cross_regime_pre2026_to_post2026,random_forest,0.027988574951998847
separacion:4363,2026-0003941,GY-33,GY,2026-06-23,60,2026-07-23,0,cross_regime_pre2026_to_post2026,random_forest,0.052443435308055876
separacion:4555,2026-0005288,MD-E66,MD,2026-06-23,21,2026-07-23,0,cross_regime_pre2026_to_post2026,random_forest,0.05361023472336987
separacion:4625,2026-0005859,FX-1301,FX,2026-06-23,7,2026-07-23,0,cross_regime_pre2026_to_post2026,random_forest,0.08668727892624935
separacion:4708,2026-0006085,GY-1401,GY,2026-06-23,0,2026-07-23,0,cross_regime_pre2026_to_post2026,random_forest,0.2582577109615324
separacion:4166,2026-0003221,CP-E52,CP,2026-06-24,90,2026-07-24,0,cross_regime_pre2026_to_post2026,random_forest,0.03096524416849602
separacion:4295,2026-0003502,SL-E7,SL,2026-06-24,75,2026-07-24,0,cross_regime_pre2026_to_post2026,random_forest,0.016744600236623053
separacion:4365,2026-0003981,TZ-19,TZ,2026-06-24,60,2026-07-24,0,cross_regime_pre2026_to_post2026,random_forest,0.0263488366586885
separacion:4648,2026-0005877,FX-1201,FX,2026-06-24,7,2026-07-24,0,cross_regime_pre2026_to_post2026,random_forest,0.12408348312376985
separacion:4649,2026-0005898,FX-1303,FX,2026-06-24,7,2026-07-24,0,cross_regime_pre2026_to_post2026,random_forest,0.11596084651507085
separacion:4650,2026-0005846,FX-505,FX,2026-06-24,7,2026-07-24,0,cross_regime_pre2026_to_post2026,random_forest,0.11808894551492953
separacion:4651,2026-0005821,CP-B1107,CP,2026-06-24,7,2026-07-24,0,cross_regime_pre2026_to_post2026,random_forest,0.16680673966777917
separacion:4652,2026-0005915,SL-303,SL,2026-06-24,7,2026-07-24,0,cross_regime_pre2026_to_post2026,random_forest,0.12342196290450501
separacion:4591,2026-0005535,NP-A-E163,NP,2026-06-25,14,2026-07-25,0,cross_regime_pre2026_to_post2026,random_forest,0.01976862142577086
separacion:4592,2026-0005534,MD-1701,MD,2026-06-25,14,2026-07-25,0,cross_regime_pre2026_to_post2026,random_forest,0.1454502182489727
separacion:4596,2026-0005566,NP-A1303,NP,2026-06-25,14,2026-07-25,0,cross_regime_pre2026_to_post2026,random_forest,0.16523784836859232
separacion:4192,2026-0003243,CP-B1306,CP,2026-06-26,90,2026-07-26,0,cross_regime_pre2026_to_post2026,random_forest,0.220553251071288
separacion:4193,2026-0003246,NP-A-E138,NP,2026-06-26,90,2026-07-26,0,cross_regime_pre2026_to_post2026,random_forest,0.022207607497389325
separacion:4367,2026-0004067,TZ-50,TZ,2026-06-26,60,2026-07-26,0,cross_regime_pre2026_to_post2026,random_forest,0.05693094285965151
separacion:4451,2026-0004523,NP-A-E154,NP,2026-06-26,45,2026-07-26,0,cross_regime_pre2026_to_post2026,random_forest,0.032522329511712966
separacion:4599,2026-0005574,CP-E2,CP,2026-06-26,14,2026-07-26,0,cross_regime_pre2026_to_post2026,random_forest,0.04017038649952569
separacion:4370,2026-0004112,NP-A-E06,NP,2026-06-27,60,2026-07-27,0,cross_regime_pre2026_to_post2026,random_forest,0.041746045718343706
separacion:4600,2026-0005594,TZ-39,TZ,2026-06-27,14,2026-07-27,0,cross_regime_pre2026_to_post2026,random_forest,0.057136279866681676
separacion:4601,2026-0005611,FX-E28,FX,2026-06-27,14,2026-07-27,0,cross_regime_pre2026_to_post2026,random_forest,0.05361155799717057
separacion:4742,2026-0006180,MT-A702,MT,2026-06-27,0,2026-07-27,0,cross_regime_pre2026_to_post2026,random_forest,0.09341190419615251
separacion:4743,2026-0006183,MD-E49,MD,2026-06-27,0,2026-07-27,0,cross_regime_pre2026_to_post2026,random_forest,0.05719583745791498
separacion:4202,2026-0003313,NP-A2203,NP,2026-06-28,90,2026-07-28,0,cross_regime_pre2026_to_post2026,random_forest,0.1333788442474391
separacion:4203,2026-0003315,NP-A2204,NP,2026-06-28,90,2026-07-28,0,cross_regime_pre2026_to_post2026,random_forest,0.1333788442474391
separacion:4301,2026-0003630,NP-A-E08,NP,2026-06-28,75,2026-07-28,0,cross_regime_pre2026_to_post2026,random_forest,0.07016273092515218
separacion:4455,2026-0004548,NP-A1901,NP,2026-06-28,45,2026-07-28,1,cross_regime_pre2026_to_post2026,random_forest,0.19005097650362654
separacion:4457,2026-0004561,MT-B28,MT,2026-06-28,45,2026-07-28,0,cross_regime_pre2026_to_post2026,random_forest,0.056999370191946286
separacion:4604,2026-0005781,SL-1001,SL,2026-06-28,14,2026-07-28,0,cross_regime_pre2026_to_post2026,random_forest,0.31450750035590835
separacion:4606,2026-0005804,MD-E52,MD,2026-06-28,14,2026-07-28,1,cross_regime_pre2026_to_post2026,random_forest,0.11650978459888144
separacion:4745,2026-0006261,NP-A-E77,NP,2026-06-28,0,2026-07-28,0,cross_regime_pre2026_to_post2026,random_forest,0.08803817629854414
separacion:4746,2026-0006279,NP-A2607,NP,2026-06-28,0,2026-07-28,0,cross_regime_pre2026_to_post2026,random_forest,0.07197870602030887
separacion:4463,2026-0004597,TZ-40,TZ,2026-06-29,45,2026-07-29,0,cross_regime_pre2026_to_post2026,random_forest,0.0723216599089302
separacion:4464,2026-0004616,TZ-43,TZ,2026-06-29,45,2026-07-29,0,cross_regime_pre2026_to_post2026,random_forest,0.0723216599089302
separacion:4544,2026-0005233,NP-A2104,NP,2026-06-29,30,2026-07-29,0,cross_regime_pre2026_to_post2026,random_forest,0.1751829856082633
separacion:4609,2026-0005817,NP-A-E106,NP,2026-06-29,14,2026-07-29,0,cross_regime_pre2026_to_post2026,random_forest,0.0414593277417484
separacion:4611,2026-0005815,MD-1401,MD,2026-06-29,14,2026-07-29,0,cross_regime_pre2026_to_post2026,random_forest,0.12602926842818224
separacion:4679,2026-0006048,NP-A-E165,NP,2026-06-29,7,2026-07-29,0,cross_regime_pre2026_to_post2026,random_forest,0.036841722491301895
separacion:4684,2026-0006056,SL-E12,SL,2026-06-29,7,2026-07-29,0,cross_regime_pre2026_to_post2026,random_forest,0.031196899037020543
separacion:4389,2026-0004188,SL-E1,SL,2026-06-30,60,2026-07-30,0,cross_regime_pre2026_to_post2026,random_forest,0.02980629544740775
separacion:4550,2026-0005313,MT-A1202,MT,2026-06-30,30,2026-07-30,1,cross_regime_pre2026_to_post2026,random_forest,0.14692543974425273
separacion:4625,2026-0005859,FX-1301,FX,2026-06-30,14,2026-07-30,0,cross_regime_pre2026_to_post2026,random_forest,0.09142705059274495
separacion:4708,2026-0006085,GY-1401,GY,2026-06-30,7,2026-07-30,0,cross_regime_pre2026_to_post2026,random_forest,0.2825258862025739
separacion:4752,2026-0006331,NP-A2107,NP,2026-06-30,0,2026-07-30,0,cross_regime_pre2026_to_post2026,random_forest,0.07877612817067778
separacion:4553,2026-0005356,NP-A-E161,NP,2026-07-01,60,2026-07-31,0,cross_regime_pre2026_to_post2026,random_forest,0.042431857554498506
separacion:4648,2026-0005877,FX-1201,FX,2026-07-01,14,2026-07-31,0,cross_regime_pre2026_to_post2026,random_forest,0.12690860650073027
separacion:4649,2026-0005898,FX-1303,FX,2026-07-01,14,2026-07-31,0,cross_regime_pre2026_to_post2026,random_forest,0.12179302490973598
separacion:4484,2026-0004638,CP-E18,CP,2026-07-02,45,2026-08-01,0,cross_regime_pre2026_to_post2026,random_forest,0.020743202368380894
separacion:4555,2026-0005288,MD-E66,MD,2026-07-02,30,2026-08-01,0,cross_regime_pre2026_to_post2026,random_forest,0.04958270771727026
separacion:4591,2026-0005535,NP-A-E163,NP,2026-07-02,21,2026-08-01,0,cross_regime_pre2026_to_post2026,random_forest,0.019837254099525577
separacion:4596,2026-0005566,NP-A1303,NP,2026-07-02,21,2026-08-01,0,cross_regime_pre2026_to_post2026,random_forest,0.18445949230968794
separacion:4400,2026-0004310,NP-A-E134,NP,2026-07-03,60,2026-08-02,0,cross_regime_pre2026_to_post2026,random_forest,0.039019686198784945
separacion:4599,2026-0005574,CP-E2,CP,2026-07-03,21,2026-08-02,0,cross_regime_pre2026_to_post2026,random_forest,0.03240103329688154
separacion:4761,2026-0006417,FX-201,FX,2026-07-03,0,2026-08-02,1,cross_regime_pre2026_to_post2026,random_forest,0.13830008458651327
separacion:4403,2026-0004320,MD-E97,MD,2026-07-04,60,2026-08-03,0,cross_regime_pre2026_to_post2026,random_forest,0.0675479111500891
separacion:4601,2026-0005611,FX-E28,FX,2026-07-04,21,2026-08-03,0,cross_regime_pre2026_to_post2026,random_forest,0.0479382109647966
separacion:4743,2026-0006183,MD-E49,MD,2026-07-04,7,2026-08-03,0,cross_regime_pre2026_to_post2026,random_forest,0.057529047707869145
separacion:4762,2026-0006421,TZ-28,TZ,2026-07-04,0,2026-08-03,0,cross_regime_pre2026_to_post2026,random_forest,0.04082934078743405
separacion:4210,2026-0003409,SL-E4,SL,2026-07-05,90,2026-08-04,0,cross_regime_pre2026_to_post2026,random_forest,0.02736931511235381
separacion:4213,2026-0003412,MT-A54,MT,2026-07-05,90,2026-08-04,0,cross_regime_pre2026_to_post2026,random_forest,0.03302236805303525
separacion:4216,2026-0003420,CP-E87,CP,2026-07-05,90,2026-08-04,0,cross_regime_pre2026_to_post2026,random_forest,0.047670385345350674
separacion:4337,2026-0003807,CP-E60,CP,2026-07-05,75,2026-08-04,0,cross_regime_pre2026_to_post2026,random_forest,0.05307742081410556
separacion:4409,2026-0004351,SL-E47,SL,2026-07-05,60,2026-08-04,0,cross_regime_pre2026_to_post2026,random_forest,0.03948498357598872
separacion:4413,2026-0004374,MT-B24,MT,2026-07-05,60,2026-08-04,0,cross_regime_pre2026_to_post2026,random_forest,0.045983222156048734
separacion:4604,2026-0005781,SL-1001,SL,2026-07-05,21,2026-08-04,0,cross_regime_pre2026_to_post2026,random_forest,0.260709949942701
separacion:4606,2026-0005804,MD-E52,MD,2026-07-05,21,2026-08-04,1,cross_regime_pre2026_to_post2026,random_forest,0.09933482670655253
separacion:4745,2026-0006261,NP-A-E77,NP,2026-07-05,7,2026-08-04,0,cross_regime_pre2026_to_post2026,random_forest,0.07952250229765859
separacion:4343,2026-0003846,FX-E43,FX,2026-07-06,75,2026-08-05,0,cross_regime_pre2026_to_post2026,random_forest,0.05239872432822242
separacion:4609,2026-0005817,NP-A-E106,NP,2026-07-06,21,2026-08-05,0,cross_regime_pre2026_to_post2026,random_forest,0.04402257994900867
separacion:4611,2026-0005815,MD-1401,MD,2026-07-06,21,2026-08-05,0,cross_regime_pre2026_to_post2026,random_forest,0.16444213314193337
separacion:4679,2026-0006048,NP-A-E165,NP,2026-07-06,14,2026-08-05,0,cross_regime_pre2026_to_post2026,random_forest,0.021700962186563727
separacion:4684,2026-0006056,SL-E12,SL,2026-07-06,14,2026-08-05,0,cross_regime_pre2026_to_post2026,random_forest,0.015440517893722803
separacion:4773,2026-0006518,MD-2106,MD,2026-07-06,0,2026-08-05,0,cross_regime_pre2026_to_post2026,random_forest,0.14792293398631423
separacion:4625,2026-0005859,FX-1301,FX,2026-07-07,21,2026-08-06,0,cross_regime_pre2026_to_post2026,random_forest,0.10971760045642982
separacion:4708,2026-0006085,GY-1401,GY,2026-07-07,14,2026-08-06,0,cross_regime_pre2026_to_post2026,random_forest,0.2958995716898154
separacion:4775,2026-0006528,NP-A1306,NP,2026-07-07,0,2026-08-06,0,cross_regime_pre2026_to_post2026,random_forest,0.08767592532048213
separacion:4777,2026-0006546,GY-1602,GY,2026-07-07,0,2026-08-06,0,cross_regime_pre2026_to_post2026,random_forest,0.2942530786276064
separacion:4288,2026-0003484,MT-A27,MT,2026-07-08,90,2026-08-07,0,cross_regime_pre2026_to_post2026,random_forest,0.019410528807287098
separacion:4290,2026-0003499,MT-A45,MT,2026-07-08,90,2026-08-07,0,cross_regime_pre2026_to_post2026,random_forest,0.019410528807287098
separacion:4363,2026-0003941,GY-33,GY,2026-07-08,75,2026-08-07,0,cross_regime_pre2026_to_post2026,random_forest,0.034914918859572625
separacion:4648,2026-0005877,FX-1201,FX,2026-07-08,21,2026-08-07,0,cross_regime_pre2026_to_post2026,random_forest,0.13766952910802543
separacion:4649,2026-0005898,FX-1303,FX,2026-07-08,21,2026-08-07,0,cross_regime_pre2026_to_post2026,random_forest,0.11958904322666196
separacion:4295,2026-0003502,SL-E7,SL,2026-07-09,90,2026-08-08,0,cross_regime_pre2026_to_post2026,random_forest,0.01102196094770217
separacion:4365,2026-0003981,TZ-19,TZ,2026-07-09,75,2026-08-08,0,cross_regime_pre2026_to_post2026,random_forest,0.015694207072945224
separacion:4798,2026-0006629,TZ-27,TZ,2026-07-10,0,2026-08-09,0,cross_regime_pre2026_to_post2026,random_forest,0.04514524000880944
separacion:4451,2026-0004523,NP-A-E154,NP,2026-07-11,60,2026-08-10,0,cross_regime_pre2026_to_post2026,random_forest,0.04070526267098172
separacion:4591,2026-0005535,NP-A-E163,NP,2026-07-11,30,2026-08-10,0,cross_regime_pre2026_to_post2026,random_forest,0.02472917616625692
separacion:4596,2026-0005566,NP-A1303,NP,2026-07-11,30,2026-08-10,0,cross_regime_pre2026_to_post2026,random_forest,0.17810989103491834
separacion:4743,2026-0006183,MD-E49,MD,2026-07-11,14,2026-08-10,0,cross_regime_pre2026_to_post2026,random_forest,0.06081808887457452
separacion:4762,2026-0006421,TZ-28,TZ,2026-07-11,7,2026-08-10,0,cross_regime_pre2026_to_post2026,random_forest,0.03809540054902302
separacion:4803,2026-0006693,SL-1606,SL,2026-07-11,0,2026-08-10,0,cross_regime_pre2026_to_post2026,random_forest,0.08083967789297346
separacion:4370,2026-0004112,NP-A-E06,NP,2026-07-12,75,2026-08-11,0,cross_regime_pre2026_to_post2026,random_forest,0.04249766002096772
separacion:4599,2026-0005574,CP-E2,CP,2026-07-12,30,2026-08-11,0,cross_regime_pre2026_to_post2026,random_forest,0.04834473107018493
separacion:4745,2026-0006261,NP-A-E77,NP,2026-07-12,14,2026-08-11,0,cross_regime_pre2026_to_post2026,random_forest,0.04586863396295776
separacion:4804,2026-0006713,CP-B908,CP,2026-07-12,0,2026-08-11,0,cross_regime_pre2026_to_post2026,random_forest,0.17712289697734412
separacion:4805,2026-0006709,MT-A1205,MT,2026-07-12,0,2026-08-11,0,cross_regime_pre2026_to_post2026,random_forest,0.12443188245624454
separacion:4301,2026-0003630,NP-A-E08,NP,2026-07-13,90,2026-08-12,0,cross_regime_pre2026_to_post2026,random_forest,0.03867378417025305
separacion:4457,2026-0004561,MT-B28,MT,2026-07-13,60,2026-08-12,0,cross_regime_pre2026_to_post2026,random_forest,0.048102057731503
separacion:4601,2026-0005611,FX-E28,FX,2026-07-13,30,2026-08-12,0,cross_regime_pre2026_to_post2026,random_forest,0.06533391094980548
separacion:4679,2026-0006048,NP-A-E165,NP,2026-07-13,21,2026-08-12,0,cross_regime_pre2026_to_post2026,random_forest,0.023965608147114757
separacion:4684,2026-0006056,SL-E12,SL,2026-07-13,21,2026-08-12,0,cross_regime_pre2026_to_post2026,random_forest,0.017576796425012666
separacion:4809,2026-0006749,NP-A-E169,NP,2026-07-13,0,2026-08-12,1,cross_regime_pre2026_to_post2026,random_forest,0.04523005653118444
separacion:4810,2026-0006752,NP-A-E16,NP,2026-07-13,0,2026-08-12,0,cross_regime_pre2026_to_post2026,random_forest,0.04523005653118444
separacion:4811,2026-0006758,MT-A602,MT,2026-07-13,0,2026-08-12,1,cross_regime_pre2026_to_post2026,random_forest,0.04791666035057258
separacion:4463,2026-0004597,TZ-40,TZ,2026-07-14,60,2026-08-13,0,cross_regime_pre2026_to_post2026,random_forest,0.0699836920979311
separacion:4464,2026-0004616,TZ-43,TZ,2026-07-14,60,2026-08-13,0,cross_regime_pre2026_to_post2026,random_forest,0.0699836920979311
separacion:4606,2026-0005804,MD-E52,MD,2026-07-14,30,2026-08-13,1,cross_regime_pre2026_to_post2026,random_forest,0.051550332371625374
separacion:4775,2026-0006528,NP-A1306,NP,2026-07-14,7,2026-08-13,0,cross_regime_pre2026_to_post2026,random_forest,0.1186798389958953
separacion:4777,2026-0006546,GY-1602,GY,2026-07-14,7,2026-08-13,0,cross_regime_pre2026_to_post2026,random_forest,0.3061702527776165
separacion:4389,2026-0004188,SL-E1,SL,2026-07-15,75,2026-08-14,0,cross_regime_pre2026_to_post2026,random_forest,0.016312369954573126
separacion:4609,2026-0005817,NP-A-E106,NP,2026-07-15,30,2026-08-14,0,cross_regime_pre2026_to_post2026,random_forest,0.03603605201350121
separacion:4611,2026-0005815,MD-1401,MD,2026-07-15,30,2026-08-14,1,cross_regime_pre2026_to_post2026,random_forest,0.2588775520596059
separacion:4553,2026-0005356,NP-A-E161,NP,2026-07-16,75,2026-08-15,0,cross_regime_pre2026_to_post2026,random_forest,0.024064721583268153
separacion:4625,2026-0005859,FX-1301,FX,2026-07-16,30,2026-08-15,0,cross_regime_pre2026_to_post2026,random_forest,0.12944183990539285
separacion:4817,2026-0006802,CP-E78,CP,2026-07-16,0,2026-08-15,0,cross_regime_pre2026_to_post2026,random_forest,0.050599410055154344
separacion:4818,2026-0006805,MD-E29,MD,2026-07-16,0,2026-08-15,1,cross_regime_pre2026_to_post2026,random_forest,0.1011737688493959
separacion:4823,2026-0006814,GY-806,GY,2026-07-16,0,2026-08-15,0,cross_regime_pre2026_to_post2026,random_forest,0.1826926888301677
separacion:4824,2026-0006815,GY-42,GY,2026-07-16,0,2026-08-15,0,cross_regime_pre2026_to_post2026,random_forest,0.05036867503144055
separacion:4484,2026-0004638,CP-E18,CP,2026-07-17,60,2026-08-16,0,cross_regime_pre2026_to_post2026,random_forest,0.025656611835332285
separacion:4555,2026-0005288,MD-E66,MD,2026-07-17,45,2026-08-16,0,cross_regime_pre2026_to_post2026,random_forest,0.05742850944653667
separacion:4798,2026-0006629,TZ-27,TZ,2026-07-17,7,2026-08-16,0,cross_regime_pre2026_to_post2026,random_forest,0.046984107557794495
separacion:4400,2026-0004310,NP-A-E134,NP,2026-07-18,75,2026-08-17,0,cross_regime_pre2026_to_post2026,random_forest,0.027673411755678855
separacion:4743,2026-0006183,MD-E49,MD,2026-07-18,21,2026-08-17,0,cross_regime_pre2026_to_post2026,random_forest,0.05557815946840375
separacion:4762,2026-0006421,TZ-28,TZ,2026-07-18,14,2026-08-17,0,cross_regime_pre2026_to_post2026,random_forest,0.052452849588061234
separacion:4803,2026-0006693,SL-1606,SL,2026-07-18,7,2026-08-17,0,cross_regime_pre2026_to_post2026,random_forest,0.13610592797546262
separacion:4858,2026-0006846,FX-204,FX,2026-07-18,0,2026-08-17,0,cross_regime_pre2026_to_post2026,random_forest,0.1347866245396338
separacion:4859,2026-0006847,MD-1302,MD,2026-07-18,0,2026-08-17,0,cross_regime_pre2026_to_post2026,random_forest,0.0888163077108646
separacion:4860,2026-0006852,MT-A501,MT,2026-07-18,0,2026-08-17,0,cross_regime_pre2026_to_post2026,random_forest,0.08878657988247768
separacion:4403,2026-0004320,MD-E97,MD,2026-07-19,75,2026-08-18,0,cross_regime_pre2026_to_post2026,random_forest,0.08241412258645538
separacion:4745,2026-0006261,NP-A-E77,NP,2026-07-19,21,2026-08-18,0,cross_regime_pre2026_to_post2026,random_forest,0.04586147991689139
separacion:4805,2026-0006709,MT-A1205,MT,2026-07-19,7,2026-08-18,0,cross_regime_pre2026_to_post2026,random_forest,0.11460817598765478
separacion:3832,2026-0000010,MT-A1109,MT,2026-01-02,0,2026-02-01,0,cross_regime_pre2026_to_post2026,hist_gradient_boosting,0.020469823841119658
separacion:3833,2026-0000035,NP-A2704,NP,2026-01-02,0,2026-02-01,0,cross_regime_pre2026_to_post2026,hist_gradient_boosting,0.04999412871544842
separacion:3834,2026-0000043,MT-A29,MT,2026-01-03,0,2026-02-02,0,cross_regime_pre2026_to_post2026,hist_gradient_boosting,0.00761916466976769
separacion:3835,2026-0000071,GY-35,GY,2026-01-03,0,2026-02-02,0,cross_regime_pre2026_to_post2026,hist_gradient_boosting,0.007291403125184516
separacion:3836,2026-0000078,EEUU-1701,EEUU,2026-01-03,0,2026-02-02,0,cross_regime_pre2026_to_post2026,hist_gradient_boosting,0.0689846727839227
separacion:3837,2026-0000095,NP-A-E27,NP,2026-01-04,0,2026-02-03,0,cross_regime_pre2026_to_post2026,hist_gradient_boosting,0.012563373055082438
separacion:3838,2026-0000102,EEUU-E40,EEUU,2026-01-04,0,2026-02-03,0,cross_regime_pre2026_to_post2026,hist_gradient_boosting,0.013148910512057757
separacion:3839,2026-0000029,GY-206,GY,2026-01-04,0,2026-02-03,0,cross_regime_pre2026_to_post2026,hist_gradient_boosting,0.02952132355876701
separacion:3855,2025-0009127,MD-1704,MD,2026-01-05,0,2026-02-04,1,cross_regime_pre2026_to_post2026,hist_gradient_boosting,0.040958765930858815
separacion:3857,2025-0009124,SL-1208,SL,2026-01-05,0,2026-02-04,0,cross_regime_pre2026_to_post2026,hist_gradient_boosting,0.028174476694523182
separacion:3862,2026-0000133,GY-501,GY,2026-01-05,0,2026-02-04,0,cross_regime_pre2026_to_post2026,hist_gradient_boosting,0.09560446448511224
separacion:3865,2026-0000164,MD-E38,MD,2026-01-06,0,2026-02-05,0,cross_regime_pre2026_to_post2026,hist_gradient_boosting,0.017717282264596144
separacion:3866,2026-0000134,NP-A-E62,NP,2026-01-07,0,2026-02-06,0,cross_regime_pre2026_to_post2026,hist_gradient_boosting,0.006941258720018691
separacion:3873,2026-0000225,SL-1408,SL,2026-01-09,0,2026-02-08,0,cross_regime_pre2026_to_post2026,hist_gradient_boosting,0.040112352558494525
separacion:3875,2026-0000132,SL-805,SL,2026-01-09,0,2026-02-08,0,cross_regime_pre2026_to_post2026,hist_gradient_boosting,0.07020873588691122
separacion:3834,2026-0000043,MT-A29,MT,2026-01-10,7,2026-02-09,0,cross_regime_pre2026_to_post2026,hist_gradient_boosting,0.007761105502832274
separacion:3835,2026-0000071,GY-35,GY,2026-01-10,7,2026-02-09,0,cross_regime_pre2026_to_post2026,hist_gradient_boosting,0.008105293058821836
separacion:3836,2026-0000078,EEUU-1701,EEUU,2026-01-10,7,2026-02-09,0,cross_regime_pre2026_to_post2026,hist_gradient_boosting,0.06675568786125431
separacion:3876,2026-0000218,GY-1504,GY,2026-01-10,0,2026-02-09,0,cross_regime_pre2026_to_post2026,hist_gradient_boosting,0.028281573410127592
separacion:3877,2026-0000222,EEUU-803,EEUU,2026-01-10,0,2026-02-09,0,cross_regime_pre2026_to_post2026,hist_gradient_boosting,0.04536359535547459
separacion:3837,2026-0000095,NP-A-E27,NP,2026-01-11,7,2026-02-10,0,cross_regime_pre2026_to_post2026,hist_gradient_boosting,0.011941613944084608
separacion:3838,2026-0000102,EEUU-E40,EEUU,2026-01-11,7,2026-02-10,0,cross_regime_pre2026_to_post2026,hist_gradient_boosting,0.01158577779519009
separacion:3839,2026-0000029,GY-206,GY,2026-01-11,7,2026-02-10,0,cross_regime_pre2026_to_post2026,hist_gradient_boosting,0.025282577567094948
separacion:3878,2026-0000335,NP-A1504,NP,2026-01-11,0,2026-02-10,0,cross_regime_pre2026_to_post2026,hist_gradient_boosting,0.033965141237817215
separacion:3879,2026-0000341,NP-A2301,NP,2026-01-11,0,2026-02-10,1,cross_regime_pre2026_to_post2026,hist_gradient_boosting,0.033965141237817215
separacion:3855,2025-0009127,MD-1704,MD,2026-01-12,7,2026-02-11,1,cross_regime_pre2026_to_post2026,hist_gradient_boosting,0.05217716601385789
separacion:3857,2025-0009124,SL-1208,SL,2026-01-12,7,2026-02-11,0,cross_regime_pre2026_to_post2026,hist_gradient_boosting,0.054460722337130896
separacion:3862,2026-0000133,GY-501,GY,2026-01-12,7,2026-02-11,0,cross_regime_pre2026_to_post2026,hist_gradient_boosting,0.09672163075365382
separacion:3880,2026-0000350,GY-903,GY,2026-01-12,0,2026-02-11,0,cross_regime_pre2026_to_post2026,hist_gradient_boosting,0.09560446448511224
separacion:3865,2026-0000164,MD-E38,MD,2026-01-13,7,2026-02-12,0,cross_regime_pre2026_to_post2026,hist_gradient_boosting,0.016122852583697226
separacion:3883,2026-0000369,MT-A308,MT,2026-01-13,0,2026-02-12,0,cross_regime_pre2026_to_post2026,hist_gradient_boosting,0.016851586762164264
separacion:3884,2026-0000402,MT-B1005,MT,2026-01-13,0,2026-02-12,0,cross_regime_pre2026_to_post2026,hist_gradient_boosting,0.030343668571779305
separacion:3866,2026-0000134,NP-A-E62,NP,2026-01-14,7,2026-02-13,0,cross_regime_pre2026_to_post2026,hist_gradient_boosting,0.005376409471829223
separacion:3888,2026-0000443,NP-A2103,NP,2026-01-15,0,2026-02-14,0,cross_regime_pre2026_to_post2026,hist_gradient_boosting,0.10125162247549943
separacion:3889,2026-0000493,FX-405,FX,2026-01-15,0,2026-02-14,0,cross_regime_pre2026_to_post2026,hist_gradient_boosting,0.20504809660511095
separacion:3873,2026-0000225,SL-1408,SL,2026-01-16,7,2026-02-15,0,cross_regime_pre2026_to_post2026,hist_gradient_boosting,0.059777307525108285
separacion:3890,2026-0000526,MD-E58,MD,2026-01-16,0,2026-02-15,0,cross_regime_pre2026_to_post2026,hist_gradient_boosting,0.007405771109485176
separacion:3891,2026-0000527,NP-A1806,NP,2026-01-16,0,2026-02-15,0,cross_regime_pre2026_to_post2026,hist_gradient_boosting,0.04999412871544842
separacion:3834,2026-0000043,MT-A29,MT,2026-01-17,14,2026-02-16,0,cross_regime_pre2026_to_post2026,hist_gradient_boosting,0.007493863718235286
separacion:3835,2026-0000071,GY-35,GY,2026-01-17,14,2026-02-16,0,cross_regime_pre2026_to_post2026,hist_gradient_boosting,0.007465461180811081
separacion:3836,2026-0000078,EEUU-1701,EEUU,2026-01-17,14,2026-02-16,0,cross_regime_pre2026_to_post2026,hist_gradient_boosting,0.05604907418237536
separacion:3876,2026-0000218,GY-1504,GY,2026-01-17,7,2026-02-16,0,cross_regime_pre2026_to_post2026,hist_gradient_boosting,0.025743948106146382
separacion:3877,2026-0000222,EEUU-803,EEUU,2026-01-17,7,2026-02-16,0,cross_regime_pre2026_to_post2026,hist_gradient_boosting,0.04497427507552405
separacion:3893,2026-0000574,MD-1607,MD,2026-01-17,0,2026-02-16,0,cross_regime_pre2026_to_post2026,hist_gradient_boosting,0.03980201611514132
separacion:3837,2026-0000095,NP-A-E27,NP,2026-01-18,14,2026-02-17,0,cross_regime_pre2026_to_post2026,hist_gradient_boosting,0.010261698598631725
separacion:3838,2026-0000102,EEUU-E40,EEUU,2026-01-18,14,2026-02-17,0,cross_regime_pre2026_to_post2026,hist_gradient_boosting,0.010150616793272003
separacion:3839,2026-0000029,GY-206,GY,2026-01-18,14,2026-02-17,0,cross_regime_pre2026_to_post2026,hist_gradient_boosting,0.03020818808645046
separacion:3879,2026-0000341,NP-A2301,NP,2026-01-18,7,2026-02-17,1,cross_regime_pre2026_to_post2026,hist_gradient_boosting,0.032809670438077185
separacion:3855,2025-0009127,MD-1704,MD,2026-01-19,14,2026-02-18,1,cross_regime_pre2026_to_post2026,hist_gradient_boosting,0.059592343984843206
separacion:3857,2025-0009124,SL-1208,SL,2026-01-19,14,2026-02-18,0,cross_regime_pre2026_to_post2026,hist_gradient_boosting,0.06217913905133022
separacion:3862,2026-0000133,GY-501,GY,2026-01-19,14,2026-02-18,0,cross_regime_pre2026_to_post2026,hist_gradient_boosting,0.13413072049796926
separacion:3904,2026-0000701,EEUU-E14,EEUU,2026-01-19,0,2026-02-18,0,cross_regime_pre2026_to_post2026,hist_gradient_boosting,0.0292723838010629
separacion:3905,2026-0000706,MT-A503,MT,2026-01-19,0,2026-02-18,0,cross_regime_pre2026_to_post2026,hist_gradient_boosting,0.03221688188644019
separacion:3865,2026-0000164,MD-E38,MD,2026-01-20,14,2026-02-19,0,cross_regime_pre2026_to_post2026,hist_gradient_boosting,0.017607306460567622
separacion:3883,2026-0000369,MT-A308,MT,2026-01-20,7,2026-02-19,0,cross_regime_pre2026_to_post2026,hist_gradient_boosting,0.014248635023317592
separacion:3909,2026-0000732,EEUU-D16,EEUU,2026-01-20,0,2026-02-19,0,cross_regime_pre2026_to_post2026,hist_gradient_boosting,0.010577391176148221
separacion:3911,2026-0000743,EEUU-1202,EEUU,2026-01-20,0,2026-02-19,1,cross_regime_pre2026_to_post2026,hist_gradient_boosting,0.09473528659074064
separacion:3866,2026-0000134,NP-A-E62,NP,2026-01-21,14,2026-02-20,0,cross_regime_pre2026_to_post2026,hist_gradient_boosting,0.00504474530409978
separacion:3913,2026-0000767,NP-A2801,NP,2026-01-21,0,2026-02-20,1,cross_regime_pre2026_to_post2026,hist_gradient_boosting,0.05752137008149513
separacion:3916,2026-0000782,EEUU-902,EEUU,2026-01-21,0,2026-02-20,0,cross_regime_pre2026_to_post2026,hist_gradient_boosting,0.17430758529806867
separacion:3888,2026-0000443,NP-A2103,NP,2026-01-22,7,2026-02-21,0,cross_regime_pre2026_to_post2026,hist_gradient_boosting,0.09089590861020289
separacion:3889,2026-0000493,FX-405,FX,2026-01-22,7,2026-02-21,0,cross_regime_pre2026_to_post2026,hist_gradient_boosting,0.1898634815982715
separacion:3917,2026-0000806,SL-1207,SL,2026-01-22,0,2026-02-21,0,cross_regime_pre2026_to_post2026,hist_gradient_boosting,0.2011279810864441
separacion:3918,2026-0000807,MD-1205,MD,2026-01-22,0,2026-02-21,0,cross_regime_pre2026_to_post2026,hist_gradient_boosting,0.2208808827428994
separacion:3921,2026-0000820,NP-A1510,NP,2026-01-22,0,2026-02-21,0,cross_regime_pre2026_to_post2026,hist_gradient_boosting,0.15230281499123252
separacion:3922,2026-0000826,MD-E43,MD,2026-01-22,0,2026-02-21,0,cross_regime_pre2026_to_post2026,hist_gradient_boosting,0.036656012106669335
separacion:3923,2026-0000825,MD-E36,MD,2026-01-22,0,2026-02-21,0,cross_regime_pre2026_to_post2026,hist_gradient_boosting,0.036656012106669335
separacion:3924,2026-0000828,NP-A1304,NP,2026-01-22,0,2026-02-21,0,cross_regime_pre2026_to_post2026,hist_gradient_boosting,0.15230281499123252
separacion:3925,2026-0000800,GY-1603,GY,2026-01-22,0,2026-02-21,0,cross_regime_pre2026_to_post2026,hist_gradient_boosting,0.19048701876790858
separacion:3873,2026-0000225,SL-1408,SL,2026-01-23,14,2026-02-22,0,cross_regime_pre2026_to_post2026,hist_gradient_boosting,0.09960492577175477
separacion:3890,2026-0000526,MD-E58,MD,2026-01-23,7,2026-02-22,0,cross_regime_pre2026_to_post2026,hist_gradient_boosting,0.009558465006933642
separacion:3891,2026-0000527,NP-A1806,NP,2026-01-23,7,2026-02-22,0,cross_regime_pre2026_to_post2026,hist_gradient_boosting,0.06177230522243018
separacion:3926,2026-0000832,NP-A207,NP,2026-01-23,0,2026-02-22,1,cross_regime_pre2026_to_post2026,hist_gradient_boosting,0.0334954167805306
separacion:3927,2026-0000822,GY-701,GY,2026-01-23,0,2026-02-22,1,cross_regime_pre2026_to_post2026,hist_gradient_boosting,0.032644733612345954
separacion:3931,2026-0000856,MT-A23,MT,2026-01-23,0,2026-02-22,0,cross_regime_pre2026_to_post2026,hist_gradient_boosting,0.0047530459211108135
separacion:3932,2026-0000872,MD-1108,MD,2026-01-23,0,2026-02-22,0,cross_regime_pre2026_to_post2026,hist_gradient_boosting,0.05322627672975731
separacion:3834,2026-0000043,MT-A29,MT,2026-01-24,21,2026-02-23,0,cross_regime_pre2026_to_post2026,hist_gradient_boosting,0.007493863718235286
separacion:3835,2026-0000071,GY-35,GY,2026-01-24,21,2026-02-23,0,cross_regime_pre2026_to_post2026,hist_gradient_boosting,0.007465461180811081
separacion:3876,2026-0000218,GY-1504,GY,2026-01-24,14,2026-02-23,0,cross_regime_pre2026_to_post2026,hist_gradient_boosting,0.03075660763152089
separacion:3877,2026-0000222,EEUU-803,EEUU,2026-01-24,14,2026-02-23,0,cross_regime_pre2026_to_post2026,hist_gradient_boosting,0.03528864852166536
separacion:3893,2026-0000574,MD-1607,MD,2026-01-24,7,2026-02-23,0,cross_regime_pre2026_to_post2026,hist_gradient_boosting,0.044065106032225715
separacion:3933,2026-0000887,MD-604,MD,2026-01-24,0,2026-02-23,1,cross_regime_pre2026_to_post2026,hist_gradient_boosting,0.03980201611514132
separacion:3934,2026-0000785,MT-A405,MT,2026-01-24,0,2026-02-23,0,cross_regime_pre2026_to_post2026,hist_gradient_boosting,0.012753292471508538
separacion:3837,2026-0000095,NP-A-E27,NP,2026-01-25,21,2026-02-24,0,cross_regime_pre2026_to_post2026,hist_gradient_boosting,0.013578015074079927
separacion:3838,2026-0000102,EEUU-E40,EEUU,2026-01-25,21,2026-02-24,0,cross_regime_pre2026_to_post2026,hist_gradient_boosting,0.010150616793272003
separacion:3839,2026-0000029,GY-206,GY,2026-01-25,21,2026-02-24,0,cross_regime_pre2026_to_post2026,hist_gradient_boosting,0.03020818808645046
separacion:3879,2026-0000341,NP-A2301,NP,2026-01-25,14,2026-02-24,1,cross_regime_pre2026_to_post2026,hist_gradient_boosting,0.04809707332553329
separacion:3936,2026-0000854,GY-1102,GY,2026-01-25,0,2026-02-24,0,cross_regime_pre2026_to_post2026,hist_gradient_boosting,0.02952132355876701
separacion:3938,2026-0000956,GY-701,GY,2026-01-25,0,2026-02-24,0,cross_regime_pre2026_to_post2026,hist_gradient_boosting,0.04675513650294973
separacion:3939,2026-0000961,NP-A2806,NP,2026-01-25,0,2026-02-24,0,cross_regime_pre2026_to_post2026,hist_gradient_boosting,0.033965141237817215
separacion:3940,2026-0000944,MT-A1108,MT,2026-01-25,0,2026-02-24,0,cross_regime_pre2026_to_post2026,hist_gradient_boosting,0.030350981017033207
separacion:3941,2026-0000976,NP-A2702,NP,2026-01-25,0,2026-02-24,0,cross_regime_pre2026_to_post2026,hist_gradient_boosting,0.033965141237817215
separacion:3942,2026-0000938,MT-B1105,MT,2026-01-25,0,2026-02-24,0,cross_regime_pre2026_to_post2026,hist_gradient_boosting,0.030350981017033207
separacion:3855,2025-0009127,MD-1704,MD,2026-01-26,21,2026-02-25,1,cross_regime_pre2026_to_post2026,hist_gradient_boosting,0.07871240284608341
separacion:3857,2025-0009124,SL-1208,SL,2026-01-26,21,2026-02-25,0,cross_regime_pre2026_to_post2026,hist_gradient_boosting,0.08205674476344568
separacion:3904,2026-0000701,EEUU-E14,EEUU,2026-01-26,7,2026-02-25,0,cross_regime_pre2026_to_post2026,hist_gradient_boosting,0.026942284010779412
separacion:3905,2026-0000706,MT-A503,MT,2026-01-26,7,2026-02-25,0,cross_regime_pre2026_to_post2026,hist_gradient_boosting,0.031753006734272955
separacion:3949,2026-0001010,NP-A2303,NP,2026-01-26,0,2026-02-25,1,cross_regime_pre2026_to_post2026,hist_gradient_boosting,0.04482852552547749
separacion:3950,2026-0001016,MD-E21,MD,2026-01-26,0,2026-02-25,0,cross_regime_pre2026_to_post2026,hist_gradient_boosting,0.031336684245985125
separacion:3951,2026-0000933,EEUU-501,EEUU,2026-01-26,0,2026-02-25,1,cross_regime_pre2026_to_post2026,hist_gradient_boosting,0.05846487999671234
separacion:3865,2026-0000164,MD-E38,MD,2026-01-27,21,2026-02-26,0,cross_regime_pre2026_to_post2026,hist_gradient_boosting,0.017607306460567622
separacion:3909,2026-0000732,EEUU-D16,EEUU,2026-01-27,7,2026-02-26,0,cross_regime_pre2026_to_post2026,hist_gradient_boosting,0.008794312080449684
separacion:3952,2026-0001043,EEUU-603,EEUU,2026-01-27,0,2026-02-26,0,cross_regime_pre2026_to_post2026,hist_gradient_boosting,0.09473528659074064
separacion:3953,2026-0001041,GY-1604,GY,2026-01-27,0,2026-02-26,0,cross_regime_pre2026_to_post2026,hist_gradient_boosting,0.09004222649806672
separacion:3866,2026-0000134,NP-A-E62,NP,2026-01-28,21,2026-02-27,0,cross_regime_pre2026_to_post2026,hist_gradient_boosting,0.00510187747435295
separacion:3913,2026-0000767,NP-A2801,NP,2026-01-28,7,2026-02-27,1,cross_regime_pre2026_to_post2026,hist_gradient_boosting,0.05339673509434683
separacion:3954,2026-0001053,MT-A58,MT,2026-01-28,0,2026-02-27,0,cross_regime_pre2026_to_post2026,hist_gradient_boosting,0.009154976652760766
separacion:3956,2026-0001082,EEUU-D13,EEUU,2026-01-28,0,2026-02-27,0,cross_regime_pre2026_to_post2026,hist_gradient_boosting,0.015673248701580343
separacion:3889,2026-0000493,FX-405,FX,2026-01-29,14,2026-02-28,1,cross_regime_pre2026_to_post2026,hist_gradient_boosting,0.21374571637118903
separacion:3921,2026-0000820,NP-A1510,NP,2026-01-29,7,2026-02-28,0,cross_regime_pre2026_to_post2026,hist_gradient_boosting,0.1468082917513834
separacion:3922,2026-0000826,MD-E43,MD,2026-01-29,7,2026-02-28,0,cross_regime_pre2026_to_post2026,hist_gradient_boosting,0.036308358175540845
separacion:3923,2026-0000825,MD-E36,MD,2026-01-29,7,2026-02-28,0,cross_regime_pre2026_to_post2026,hist_gradient_boosting,0.036308358175540845
separacion:3924,2026-0000828,NP-A1304,NP,2026-01-29,7,2026-02-28,1,cross_regime_pre2026_to_post2026,hist_gradient_boosting,0.1468082917513834
separacion:3925,2026-0000800,GY-1603,GY,2026-01-29,7,2026-02-28,0,cross_regime_pre2026_to_post2026,hist_gradient_boosting,0.20181889756187713
separacion:3957,2026-0001100,GY-1501,GY,2026-01-29,0,2026-02-28,0,cross_regime_pre2026_to_post2026,hist_gradient_boosting,0.3395550233316614
separacion:3959,2026-0001124,FX-1602,FX,2026-01-29,0,2026-02-28,0,cross_regime_pre2026_to_post2026,hist_gradient_boosting,0.20504809660511095
separacion:3962,2026-0001127,CP-B803,CP,2026-01-29,0,2026-02-28,0,cross_regime_pre2026_to_post2026,hist_gradient_boosting,0.26192693235561
separacion:3963,2026-0001013,SL-604,SL,2026-01-29,0,2026-02-28,0,cross_regime_pre2026_to_post2026,hist_gradient_boosting,0.08229267777379468
separacion:3873,2026-0000225,SL-1408,SL,2026-01-30,21,2026-03-01,0,cross_regime_pre2026_to_post2026,hist_gradient_boosting,0.09960492577175477
separacion:3890,2026-0000526,MD-E58,MD,2026-01-30,14,2026-03-01,0,cross_regime_pre2026_to_post2026,hist_gradient_boosting,0.012229087557722628
separacion:3891,2026-0000527,NP-A1806,NP,2026-01-30,14,2026-03-01,1,cross_regime_pre2026_to_post2026,hist_gradient_boosting,0.08930852140666072
separacion:3931,2026-0000856,MT-A23,MT,2026-01-30,7,2026-03-01,0,cross_regime_pre2026_to_post2026,hist_gradient_boosting,0.005343659774971358
separacion:3964,2026-0001141,MD-1909,MD,2026-01-30,0,2026-03-01,0,cross_regime_pre2026_to_post2026,hist_gradient_boosting,0.05322627672975731
separacion:3933,2026-0000887,MD-604,MD,2026-01-31,7,2026-03-02,1,cross_regime_pre2026_to_post2026,hist_gradient_boosting,0.044065106032225715
separacion:3966,2026-0001164,GY-1106,GY,2026-01-31,0,2026-03-02,0,cross_regime_pre2026_to_post2026,hist_gradient_boosting,0.036229774188010454
separacion:3879,2026-0000341,NP-A2301,NP,2026-02-01,21,2026-03-03,1,cross_regime_pre2026_to_post2026,hist_gradient_boosting,0.34415578214906556
separacion:3968,2026-0001236,NP-A-E61,NP,2026-02-01,0,2026-03-03,0,cross_regime_pre2026_to_post2026,hist_gradient_boosting,0.06156818448788746
separacion:3969,2026-0001263,MD-1805,MD,2026-02-01,0,2026-03-03,0,cross_regime_pre2026_to_post2026,hist_gradient_boosting,0.25112070836238415
separacion:3970,2026-0001264,MD-E22,MD,2026-02-01,0,2026-03-03,0,cross_regime_pre2026_to_post2026,hist_gradient_boosting,0.07483430933766844
separacion:3834,2026-0000043,MT-A29,MT,2026-02-02,30,2026-03-04,0,cross_regime_pre2026_to_post2026,hist_gradient_boosting,0.040240266160339704
separacion:3835,2026-0000071,GY-35,GY,2026-02-02,30,2026-03-04,0,cross_regime_pre2026_to_post2026,hist_gradient_boosting,0.06813740647219409
separacion:3904,2026-0000701,EEUU-E14,EEUU,2026-02-02,14,2026-03-04,0,cross_regime_pre2026_to_post2026,hist_gradient_boosting,0.048188205948589934
separacion:3949,2026-0001010,NP-A2303,NP,2026-02-02,7,2026-03-04,1,cross_regime_pre2026_to_post2026,hist_gradient_boosting,0.09093485362719411
separacion:3950,2026-0001016,MD-E21,MD,2026-02-02,7,2026-03-04,0,cross_regime_pre2026_to_post2026,hist_gradient_boosting,0.05459962848210609
separacion:3951,2026-0000933,EEUU-501,EEUU,2026-02-02,7,2026-03-04,1,cross_regime_pre2026_to_post2026,hist_gradient_boosting,0.10818990585904169
separacion:3971,2026-0001284,NP-A303,NP,2026-02-02,0,2026-03-04,1,cross_regime_pre2026_to_post2026,hist_gradient_boosting,0.10722495609666188
separacion:3837,2026-0000095,NP-A-E27,NP,2026-02-03,30,2026-03-05,0,cross_regime_pre2026_to_post2026,hist_gradient_boosting,0.040446864433008135
separacion:3838,2026-0000102,EEUU-E40,EEUU,2026-02-03,30,2026-03-05,0,cross_regime_pre2026_to_post2026,hist_gradient_boosting,0.043524912320978354
separacion:3839,2026-0000029,GY-206,GY,2026-02-03,30,2026-03-05,0,cross_regime_pre2026_to_post2026,hist_gradient_boosting,0.22238189664335695
separacion:3909,2026-0000732,EEUU-D16,EEUU,2026-02-03,14,2026-03-05,0,cross_regime_pre2026_to_post2026,hist_gradient_boosting,0.034348713053885684
separacion:3952,2026-0001043,EEUU-603,EEUU,2026-02-03,7,2026-03-05,0,cross_regime_pre2026_to_post2026,hist_gradient_boosting,0.30146379785099137
separacion:3972,2026-0001306,MD-1508,MD,2026-02-03,0,2026-03-05,0,cross_regime_pre2026_to_post2026,hist_gradient_boosting,0.3782512700180408
separacion:3973,2026-0001308,MD-2206,MD,2026-02-03,0,2026-03-05,0,cross_regime_pre2026_to_post2026,hist_gradient_boosting,0.3782512700180408
separacion:3974,2026-0001297,GY-25,GY,2026-02-03,0,2026-03-05,0,cross_regime_pre2026_to_post2026,hist_gradient_boosting,0.0667850443342275
separacion:3975,2026-0001317,NP-A1401,NP,2026-02-03,0,2026-03-05,0,cross_regime_pre2026_to_post2026,hist_gradient_boosting,0.2319975898006562
separacion:3976,2026-0001320,GY-21,GY,2026-02-03,0,2026-03-05,0,cross_regime_pre2026_to_post2026,hist_gradient_boosting,0.0667850443342275
separacion:3954,2026-0001053,MT-A58,MT,2026-02-04,7,2026-03-06,0,cross_regime_pre2026_to_post2026,hist_gradient_boosting,0.02462889414610603
separacion:3956,2026-0001082,EEUU-D13,EEUU,2026-02-04,7,2026-03-06,0,cross_regime_pre2026_to_post2026,hist_gradient_boosting,0.048102468611381455
separacion:3978,2026-0001332,EEUU-D4,EEUU,2026-02-04,0,2026-03-06,0,cross_regime_pre2026_to_post2026,hist_gradient_boosting,0.07418644686979249
separacion:3980,2026-0001337,FX-1502,FX,2026-02-04,0,2026-03-06,1,cross_regime_pre2026_to_post2026,hist_gradient_boosting,0.2174921013431206
separacion:3981,2026-0001309,MT-A1209,MT,2026-02-04,0,2026-03-06,0,cross_regime_pre2026_to_post2026,hist_gradient_boosting,0.07222036834226597
separacion:3865,2026-0000164,MD-E38,MD,2026-02-05,30,2026-03-07,0,cross_regime_pre2026_to_post2026,hist_gradient_boosting,0.04286681804329325
separacion:3889,2026-0000493,FX-405,FX,2026-02-05,21,2026-03-07,1,cross_regime_pre2026_to_post2026,hist_gradient_boosting,0.22580478343081398
separacion:3922,2026-0000826,MD-E43,MD,2026-02-05,14,2026-03-07,0,cross_regime_pre2026_to_post2026,hist_gradient_boosting,0.03543521457291763
separacion:3923,2026-0000825,MD-E36,MD,2026-02-05,14,2026-03-07,0,cross_regime_pre2026_to_post2026,hist_gradient_boosting,0.03543521457291763
separacion:3924,2026-0000828,NP-A1304,NP,2026-02-05,14,2026-03-07,1,cross_regime_pre2026_to_post2026,hist_gradient_boosting,0.24360523669250375
separacion:3866,2026-0000134,NP-A-E62,NP,2026-02-06,30,2026-03-08,0,cross_regime_pre2026_to_post2026,hist_gradient_boosting,0.03782864904331505
separacion:3890,2026-0000526,MD-E58,MD,2026-02-06,21,2026-03-08,0,cross_regime_pre2026_to_post2026,hist_gradient_boosting,0.07821242225313024
separacion:3891,2026-0000527,NP-A1806,NP,2026-02-06,21,2026-03-08,1,cross_regime_pre2026_to_post2026,hist_gradient_boosting,0.5876575401200408
separacion:3931,2026-0000856,MT-A23,MT,2026-02-06,14,2026-03-08,0,cross_regime_pre2026_to_post2026,hist_gradient_boosting,0.025049631855759494
separacion:3982,2026-0001398,SL-705,SL,2026-02-06,0,2026-03-08,0,cross_regime_pre2026_to_post2026,hist_gradient_boosting,0.17702946448384038
separacion:3983,2026-0001402,SL-E8,SL,2026-02-06,0,2026-03-08,0,cross_regime_pre2026_to_post2026,hist_gradient_boosting,0.03230843488513052
separacion:3985,2026-0001403,NP-A1803,NP,2026-02-06,0,2026-03-08,0,cross_regime_pre2026_to_post2026,hist_gradient_boosting,0.303751598089496
separacion:3986,2026-0001396,EEUU-203,EEUU,2026-02-06,0,2026-03-08,1,cross_regime_pre2026_to_post2026,hist_gradient_boosting,0.5497566787343963
separacion:3987,2026-0001331,CP-B203,CP,2026-02-06,0,2026-03-08,1,cross_regime_pre2026_to_post2026,hist_gradient_boosting,0.23859612304765396
separacion:3933,2026-0000887,MD-604,MD,2026-02-07,14,2026-03-09,1,cross_regime_pre2026_to_post2026,hist_gradient_boosting,0.3021976459953339
separacion:3966,2026-0001164,GY-1106,GY,2026-02-07,7,2026-03-09,0,cross_regime_pre2026_to_post2026,hist_gradient_boosting,0.18292508678514072
separacion:3988,2026-0001431,FX-205,FX,2026-02-07,0,2026-03-09,0,cross_regime_pre2026_to_post2026,hist_gradient_boosting,0.23505279434203322
separacion:3989,2026-0001432,EEUU-D15,EEUU,2026-02-07,0,2026-03-09,0,cross_regime_pre2026_to_post2026,hist_gradient_boosting,0.05628868569075469
separacion:3873,2026-0000225,SL-1408,SL,2026-02-08,30,2026-03-10,0,cross_regime_pre2026_to_post2026,hist_gradient_boosting,0.5036333186042695
separacion:3968,2026-0001236,NP-A-E61,NP,2026-02-08,7,2026-03-10,0,cross_regime_pre2026_to_post2026,hist_gradient_boosting,0.04999878695307695
separacion:3970,2026-0001264,MD-E22,MD,2026-02-08,7,2026-03-10,0,cross_regime_pre2026_to_post2026,hist_gradient_boosting,0.06200374925329318
separacion:3990,2026-0001471,GY-603,GY,2026-02-08,0,2026-03-10,0,cross_regime_pre2026_to_post2026,hist_gradient_boosting,0.23878513097404744
separacion:3991,2026-0001475,MD-1309,MD,2026-02-08,0,2026-03-10,0,cross_regime_pre2026_to_post2026,hist_gradient_boosting,0.25112070836238415
separacion:3904,2026-0000701,EEUU-E14,EEUU,2026-02-09,21,2026-03-11,0,cross_regime_pre2026_to_post2026,hist_gradient_boosting,0.04654454951265716
separacion:3949,2026-0001010,NP-A2303,NP,2026-02-09,14,2026-03-11,1,cross_regime_pre2026_to_post2026,hist_gradient_boosting,0.15660935940521595
separacion:3950,2026-0001016,MD-E21,MD,2026-02-09,14,2026-03-11,0,cross_regime_pre2026_to_post2026,hist_gradient_boosting,0.06630227167890777
separacion:3951,2026-0000933,EEUU-501,EEUU,2026-02-09,14,2026-03-11,1,cross_regime_pre2026_to_post2026,hist_gradient_boosting,0.14865387308143252
separacion:3971,2026-0001284,NP-A303,NP,2026-02-09,7,2026-03-11,1,cross_regime_pre2026_to_post2026,hist_gradient_boosting,0.09093485362719411
separacion:3992,2026-0001474,MD-1902,MD,2026-02-09,0,2026-03-11,0,cross_regime_pre2026_to_post2026,hist_gradient_boosting,0.0855978365743664
separacion:3909,2026-0000732,EEUU-D16,EEUU,2026-02-10,21,2026-03-12,0,cross_regime_pre2026_to_post2026,hist_gradient_boosting,0.03342383234200854
separacion:3952,2026-0001043,EEUU-603,EEUU,2026-02-10,14,2026-03-12,0,cross_regime_pre2026_to_post2026,hist_gradient_boosting,0.3790384587286491
separacion:3974,2026-0001297,GY-25,GY,2026-02-10,7,2026-03-12,0,cross_regime_pre2026_to_post2026,hist_gradient_boosting,0.05402707302013873
separacion:3976,2026-0001320,GY-21,GY,2026-02-10,7,2026-03-12,0,cross_regime_pre2026_to_post2026,hist_gradient_boosting,0.05402707302013873
separacion:3954,2026-0001053,MT-A58,MT,2026-02-11,14,2026-03-13,0,cross_regime_pre2026_to_post2026,hist_gradient_boosting,0.022163415552001006
separacion:3956,2026-0001082,EEUU-D13,EEUU,2026-02-11,14,2026-03-13,0,cross_regime_pre2026_to_post2026,hist_gradient_boosting,0.03919976661745428
separacion:3978,2026-0001332,EEUU-D4,EEUU,2026-02-11,7,2026-03-13,0,cross_regime_pre2026_to_post2026,hist_gradient_boosting,0.048102468611381455
separacion:3980,2026-0001337,FX-1502,FX,2026-02-11,7,2026-03-13,1,cross_regime_pre2026_to_post2026,hist_gradient_boosting,0.1700298676427377
separacion:3981,2026-0001309,MT-A1209,MT,2026-02-11,7,2026-03-13,0,cross_regime_pre2026_to_post2026,hist_gradient_boosting,0.058563299355230046
separacion:3993,2026-0001537,MD-1609,MD,2026-02-11,0,2026-03-13,0,cross_regime_pre2026_to_post2026,hist_gradient_boosting,0.45654584433176315
separacion:3994,2026-0001538,MD-1603,MD,2026-02-11,0,2026-03-13,0,cross_regime_pre2026_to_post2026,hist_gradient_boosting,0.45654584433176315
separacion:3922,2026-0000826,MD-E43,MD,2026-02-12,21,2026-03-14,0,cross_regime_pre2026_to_post2026,hist_gradient_boosting,0.03715619371373087
separacion:3923,2026-0000825,MD-E36,MD,2026-02-12,21,2026-03-14,0,cross_regime_pre2026_to_post2026,hist_gradient_boosting,0.03715619371373087
separacion:3924,2026-0000828,NP-A1304,NP,2026-02-12,21,2026-03-14,1,cross_regime_pre2026_to_post2026,hist_gradient_boosting,0.29135550545333605
separacion:3997,2026-0001566,GY-1001,GY,2026-02-12,0,2026-03-14,1,cross_regime_pre2026_to_post2026,hist_gradient_boosting,0.2776737723371487
separacion:3931,2026-0000856,MT-A23,MT,2026-02-13,21,2026-03-15,0,cross_regime_pre2026_to_post2026,hist_gradient_boosting,0.026279957724039786
separacion:3982,2026-0001398,SL-705,SL,2026-02-13,7,2026-03-15,0,cross_regime_pre2026_to_post2026,hist_gradient_boosting,0.2394103854793695
separacion:3983,2026-0001402,SL-E8,SL,2026-02-13,7,2026-03-15,0,cross_regime_pre2026_to_post2026,hist_gradient_boosting,0.04493022911392189
separacion:3985,2026-0001403,NP-A1803,NP,2026-02-13,7,2026-03-15,0,cross_regime_pre2026_to_post2026,hist_gradient_boosting,0.3442473968373961
separacion:3986,2026-0001396,EEUU-203,EEUU,2026-02-13,7,2026-03-15,1,cross_regime_pre2026_to_post2026,hist_gradient_boosting,0.5526128583303316
separacion:4002,2026-0001591,MT-A09,MT,2026-02-13,0,2026-03-15,0,cross_regime_pre2026_to_post2026,hist_gradient_boosting,0.01959091623456369
separacion:4005,2026-0001573,NP-A906,NP,2026-02-13,0,2026-03-15,0,cross_regime_pre2026_to_post2026,hist_gradient_boosting,0.20229813944402897
separacion:3889,2026-0000493,FX-405,FX,2026-02-14,30,2026-03-16,1,cross_regime_pre2026_to_post2026,hist_gradient_boosting,0.3649277052193647
separacion:3988,2026-0001431,FX-205,FX,2026-02-14,7,2026-03-16,0,cross_regime_pre2026_to_post2026,hist_gradient_boosting,0.22013544663864834
separacion:3989,2026-0001432,EEUU-D15,EEUU,2026-02-14,7,2026-03-16,0,cross_regime_pre2026_to_post2026,hist_gradient_boosting,0.046327000676912956
separacion:4006,2026-0001533,SL-1305,SL,2026-02-14,0,2026-03-16,0,cross_regime_pre2026_to_post2026,hist_gradient_boosting,0.2364960298143565
separacion:3890,2026-0000526,MD-E58,MD,2026-02-15,30,2026-03-17,0,cross_regime_pre2026_to_post2026,hist_gradient_boosting,0.08455610270183317
separacion:3891,2026-0000527,NP-A1806,NP,2026-02-15,30,2026-03-17,1,cross_regime_pre2026_to_post2026,hist_gradient_boosting,0.38425640516907694
separacion:3968,2026-0001236,NP-A-E61,NP,2026-02-15,14,2026-03-17,0,cross_regime_pre2026_to_post2026,hist_gradient_boosting,0.04870370419923789
separacion:3970,2026-0001264,MD-E22,MD,2026-02-15,14,2026-03-17,0,cross_regime_pre2026_to_post2026,hist_gradient_boosting,0.072878661902306
separacion:3991,2026-0001475,MD-1309,MD,2026-02-15,7,2026-03-17,1,cross_regime_pre2026_to_post2026,hist_gradient_boosting,0.21509231754505606
separacion:4007,2026-0001648,NP-A2502,NP,2026-02-15,0,2026-03-17,0,cross_regime_pre2026_to_post2026,hist_gradient_boosting,0.18358140051939353
separacion:3949,2026-0001010,NP-A2303,NP,2026-02-16,21,2026-03-18,1,cross_regime_pre2026_to_post2026,hist_gradient_boosting,0.17268698695227586
separacion:3950,2026-0001016,MD-E21,MD,2026-02-16,21,2026-03-18,0,cross_regime_pre2026_to_post2026,hist_gradient_boosting,0.06941448527245969
separacion:3951,2026-0000933,EEUU-501,EEUU,2026-02-16,21,2026-03-18,1,cross_regime_pre2026_to_post2026,hist_gradient_boosting,0.1850028912937597
separacion:3971,2026-0001284,NP-A303,NP,2026-02-16,14,2026-03-18,1,cross_regime_pre2026_to_post2026,hist_gradient_boosting,0.15660935940521595
separacion:4009,2026-0001667,GY-1103,GY,2026-02-16,0,2026-03-18,1,cross_regime_pre2026_to_post2026,hist_gradient_boosting,0.21292112202628002
separacion:4011,2026-0001676,NP-A406,NP,2026-02-16,0,2026-03-18,1,cross_regime_pre2026_to_post2026,hist_gradient_boosting,0.10722495609666188
separacion:4012,2026-0001672,NP-A2605,NP,2026-02-16,0,2026-03-18,0,cross_regime_pre2026_to_post2026,hist_gradient_boosting,0.10722495609666188
separacion:3834,2026-0000043,MT-A29,MT,2026-02-17,45,2026-03-19,0,cross_regime_pre2026_to_post2026,hist_gradient_boosting,0.035774900314154354
separacion:3835,2026-0000071,GY-35,GY,2026-02-17,45,2026-03-19,0,cross_regime_pre2026_to_post2026,hist_gradient_boosting,0.06075120223848323
separacion:3974,2026-0001297,GY-25,GY,2026-02-17,14,2026-03-19,0,cross_regime_pre2026_to_post2026,hist_gradient_boosting,0.048765823154190854
separacion:3976,2026-0001320,GY-21,GY,2026-02-17,14,2026-03-19,0,cross_regime_pre2026_to_post2026,hist_gradient_boosting,0.048765823154190854
separacion:4013,2026-0001693,EEUU-1402,EEUU,2026-02-17,0,2026-03-19,0,cross_regime_pre2026_to_post2026,hist_gradient_boosting,0.3907342706380095
separacion:4014,2026-0001698,EEUU-E48,EEUU,2026-02-17,0,2026-03-19,0,cross_regime_pre2026_to_post2026,hist_gradient_boosting,0.07007417577639323
separacion:4016,2026-0001707,NP-A402,NP,2026-02-17,0,2026-03-19,0,cross_regime_pre2026_to_post2026,hist_gradient_boosting,0.2319975898006562
separacion:3837,2026-0000095,NP-A-E27,NP,2026-02-18,45,2026-03-20,0,cross_regime_pre2026_to_post2026,hist_gradient_boosting,0.05072180903399765
separacion:3838,2026-0000102,EEUU-E40,EEUU,2026-02-18,45,2026-03-20,0,cross_regime_pre2026_to_post2026,hist_gradient_boosting,0.045373664244099506
separacion:3839,2026-0000029,GY-206,GY,2026-02-18,45,2026-03-20,0,cross_regime_pre2026_to_post2026,hist_gradient_boosting,0.20936081499017284
separacion:3904,2026-0000701,EEUU-E14,EEUU,2026-02-18,30,2026-03-20,0,cross_regime_pre2026_to_post2026,hist_gradient_boosting,0.045373664244099506
separacion:3954,2026-0001053,MT-A58,MT,2026-02-18,21,2026-03-20,0,cross_regime_pre2026_to_post2026,hist_gradient_boosting,0.02135407535911876
separacion:3956,2026-0001082,EEUU-D13,EEUU,2026-02-18,21,2026-03-20,0,cross_regime_pre2026_to_post2026,hist_gradient_boosting,0.03452439471585141
separacion:3978,2026-0001332,EEUU-D4,EEUU,2026-02-18,14,2026-03-20,0,cross_regime_pre2026_to_post2026,hist_gradient_boosting,0.03919976661745428
separacion:3980,2026-0001337,FX-1502,FX,2026-02-18,14,2026-03-20,1,cross_regime_pre2026_to_post2026,hist_gradient_boosting,0.20649187858744086
separacion:3993,2026-0001537,MD-1609,MD,2026-02-18,7,2026-03-20,0,cross_regime_pre2026_to_post2026,hist_gradient_boosting,0.3943818573237503
separacion:3994,2026-0001538,MD-1603,MD,2026-02-18,7,2026-03-20,0,cross_regime_pre2026_to_post2026,hist_gradient_boosting,0.3943818573237503
separacion:4017,2026-0001713,GY-1503,GY,2026-02-18,0,2026-03-20,1,cross_regime_pre2026_to_post2026,hist_gradient_boosting,0.45156743510737724
separacion:4018,2026-0001716,NP-A1704,NP,2026-02-18,0,2026-03-20,1,cross_regime_pre2026_to_post2026,hist_gradient_boosting,0.2995326791616278
separacion:4019,2026-0001717,NP-A1404,NP,2026-02-18,0,2026-03-20,0,cross_regime_pre2026_to_post2026,hist_gradient_boosting,0.2995326791616278
separacion:3909,2026-0000732,EEUU-D16,EEUU,2026-02-19,30,2026-03-21,0,cross_regime_pre2026_to_post2026,hist_gradient_boosting,0.025933973362194683
separacion:4025,2026-0001739,FX-705,FX,2026-02-19,0,2026-03-21,1,cross_regime_pre2026_to_post2026,hist_gradient_boosting,0.2663873873884796
separacion:4026,2026-0001742,CP-E27,CP,2026-02-19,0,2026-03-21,0,cross_regime_pre2026_to_post2026,hist_gradient_boosting,0.05949548156179279
separacion:3865,2026-0000164,MD-E38,MD,2026-02-20,45,2026-03-22,0,cross_regime_pre2026_to_post2026,hist_gradient_boosting,0.06174158558288629
separacion:3982,2026-0001398,SL-705,SL,2026-02-20,14,2026-03-22,0,cross_regime_pre2026_to_post2026,hist_gradient_boosting,0.46241917082202744
separacion:3983,2026-0001402,SL-E8,SL,2026-02-20,14,2026-03-22,0,cross_regime_pre2026_to_post2026,hist_gradient_boosting,0.055078351238009506
separacion:3985,2026-0001403,NP-A1803,NP,2026-02-20,14,2026-03-22,0,cross_regime_pre2026_to_post2026,hist_gradient_boosting,0.5274936292431598
separacion:3986,2026-0001396,EEUU-203,EEUU,2026-02-20,14,2026-03-22,1,cross_regime_pre2026_to_post2026,hist_gradient_boosting,0.5420240967816231
separacion:4002,2026-0001591,MT-A09,MT,2026-02-20,7,2026-03-22,0,cross_regime_pre2026_to_post2026,hist_gradient_boosting,0.021162455925088842
separacion:3866,2026-0000134,NP-A-E62,NP,2026-02-21,45,2026-03-23,0,cross_regime_pre2026_to_post2026,hist_gradient_boosting,0.029059162515449943
separacion:3922,2026-0000826,MD-E43,MD,2026-02-21,30,2026-03-23,0,cross_regime_pre2026_to_post2026,hist_gradient_boosting,0.059460424457663856
separacion:3923,2026-0000825,MD-E36,MD,2026-02-21,30,2026-03-23,0,cross_regime_pre2026_to_post2026,hist_gradient_boosting,0.059460424457663856
separacion:3924,2026-0000828,NP-A1304,NP,2026-02-21,30,2026-03-23,1,cross_regime_pre2026_to_post2026,hist_gradient_boosting,0.3814788893439929
separacion:3989,2026-0001432,EEUU-D15,EEUU,2026-02-21,14,2026-03-23,0,cross_regime_pre2026_to_post2026,hist_gradient_boosting,0.04064319022096113
separacion:4006,2026-0001533,SL-1305,SL,2026-02-21,7,2026-03-23,0,cross_regime_pre2026_to_post2026,hist_gradient_boosting,0.5748694316360884
separacion:4028,2026-0001802,MD-1208,MD,2026-02-21,0,2026-03-23,0,cross_regime_pre2026_to_post2026,hist_gradient_boosting,0.1836038642029275
separacion:4029,2026-0001819,MD-908,MD,2026-02-21,0,2026-03-23,0,cross_regime_pre2026_to_post2026,hist_gradient_boosting,0.1836038642029275
separacion:3931,2026-0000856,MT-A23,MT,2026-02-22,30,2026-03-24,0,cross_regime_pre2026_to_post2026,hist_gradient_boosting,0.04748995346323257
separacion:3968,2026-0001236,NP-A-E61,NP,2026-02-22,21,2026-03-24,0,cross_regime_pre2026_to_post2026,hist_gradient_boosting,0.06664096856582158
separacion:3970,2026-0001264,MD-E22,MD,2026-02-22,21,2026-03-24,0,cross_regime_pre2026_to_post2026,hist_gradient_boosting,0.07711249679095267
separacion:3991,2026-0001475,MD-1309,MD,2026-02-22,14,2026-03-24,1,cross_regime_pre2026_to_post2026,hist_gradient_boosting,0.3279482939749629
separacion:4007,2026-0001648,NP-A2502,NP,2026-02-22,7,2026-03-24,0,cross_regime_pre2026_to_post2026,hist_gradient_boosting,0.15484576889697424
separacion:4031,2026-0001823,MD-2101,MD,2026-02-22,0,2026-03-24,0,cross_regime_pre2026_to_post2026,hist_gradient_boosting,0.25112070836238415
separacion:3873,2026-0000225,SL-1408,SL,2026-02-23,45,2026-03-25,0,cross_regime_pre2026_to_post2026,hist_gradient_boosting,0.30310071123905385
separacion:4033,2026-0001854,TZ-6,TZ,2026-02-23,0,2026-03-25,0,cross_regime_pre2026_to_post2026,hist_gradient_boosting,0.05781162459184035
separacion:4034,2026-0001828,GY-703,GY,2026-02-23,0,2026-03-25,0,cross_regime_pre2026_to_post2026,hist_gradient_boosting,0.08366364574452553
separacion:4040,2026-0001859,TZ-17,TZ,2026-02-23,0,2026-03-25,0,cross_regime_pre2026_to_post2026,hist_gradient_boosting,0.05781162459184035
separacion:3974,2026-0001297,GY-25,GY,2026-02-24,21,2026-03-26,0,cross_regime_pre2026_to_post2026,hist_gradient_boosting,0.05109993002250516
separacion:3976,2026-0001320,GY-21,GY,2026-02-24,21,2026-03-26,0,cross_regime_pre2026_to_post2026,hist_gradient_boosting,0.05109993002250516
separacion:4014,2026-0001698,EEUU-E48,EEUU,2026-02-24,7,2026-03-26,0,cross_regime_pre2026_to_post2026,hist_gradient_boosting,0.04815996568734594
separacion:4044,2026-0001915,SL-1405,SL,2026-02-24,0,2026-03-26,0,cross_regime_pre2026_to_post2026,hist_gradient_boosting,0.14662471399477653
separacion:4045,2026-0001919,FX-E24,FX,2026-02-24,0,2026-03-26,0,cross_regime_pre2026_to_post2026,hist_gradient_boosting,0.06679368170181883
separacion:4046,2026-0001921,FX-1601,FX,2026-02-24,0,2026-03-26,1,cross_regime_pre2026_to_post2026,hist_gradient_boosting,0.18488181327188732
separacion:3950,2026-0001016,MD-E21,MD,2026-02-25,30,2026-03-27,0,cross_regime_pre2026_to_post2026,hist_gradient_boosting,0.08030636827281525
separacion:3978,2026-0001332,EEUU-D4,EEUU,2026-02-25,21,2026-03-27,0,cross_regime_pre2026_to_post2026,hist_gradient_boosting,0.03452439471585141
separacion:3993,2026-0001537,MD-1609,MD,2026-02-25,14,2026-03-27,0,cross_regime_pre2026_to_post2026,hist_gradient_boosting,0.49699379527253107
separacion:4047,2026-0001892,NP-A1302,NP,2026-02-25,0,2026-03-27,0,cross_regime_pre2026_to_post2026,hist_gradient_boosting,0.16993485833840974
separacion:4050,2026-0001938,FX-1301,FX,2026-02-25,0,2026-03-27,0,cross_regime_pre2026_to_post2026,hist_gradient_boosting,0.2174921013431206
separacion:4052,2026-0001943,GY-706,GY,2026-02-25,0,2026-03-27,0,cross_regime_pre2026_to_post2026,hist_gradient_boosting,0.45156743510737724
separacion:4026,2026-0001742,CP-E27,CP,2026-02-26,7,2026-03-28,0,cross_regime_pre2026_to_post2026,hist_gradient_boosting,0.037982246208701054
separacion:3954,2026-0001053,MT-A58,MT,2026-02-27,30,2026-03-29,0,cross_regime_pre2026_to_post2026,hist_gradient_boosting,0.04233931568362393
separacion:3956,2026-0001082,EEUU-D13,EEUU,2026-02-27,30,2026-03-29,0,cross_regime_pre2026_to_post2026,hist_gradient_boosting,0.05084063885236146
separacion:3983,2026-0001402,SL-E8,SL,2026-02-27,21,2026-03-29,0,cross_regime_pre2026_to_post2026,hist_gradient_boosting,0.0576962722504842
separacion:4002,2026-0001591,MT-A09,MT,2026-02-27,14,2026-03-29,0,cross_regime_pre2026_to_post2026,hist_gradient_boosting,0.025049631855759494
separacion:4058,2026-0001994,MD-102,MD,2026-02-27,0,2026-03-29,0,cross_regime_pre2026_to_post2026,hist_gradient_boosting,0.3063269626487056
separacion:3989,2026-0001432,EEUU-D15,EEUU,2026-02-28,21,2026-03-30,0,cross_regime_pre2026_to_post2026,hist_gradient_boosting,0.039383949659486314
separacion:4006,2026-0001533,SL-1305,SL,2026-02-28,14,2026-03-30,0,cross_regime_pre2026_to_post2026,hist_gradient_boosting,0.6327878835900937
separacion:4061,2026-0002052,SL-505,SL,2026-02-28,0,2026-03-30,0,cross_regime_pre2026_to_post2026,hist_gradient_boosting,0.10795937421013473
separacion:4062,2026-0002065,FX-1502,FX,2026-02-28,0,2026-03-30,0,cross_regime_pre2026_to_post2026,hist_gradient_boosting,0.23505279434203322
separacion:4063,2026-0002080,NP-A1703,NP,2026-02-28,0,2026-03-30,0,cross_regime_pre2026_to_post2026,hist_gradient_boosting,0.147571539544117
separacion:4064,2026-0002083,GY-1303,GY,2026-02-28,0,2026-03-30,0,cross_regime_pre2026_to_post2026,hist_gradient_boosting,0.17712293553575498
separacion:4065,2026-0002060,MT-A509,MT,2026-02-28,0,2026-03-30,0,cross_regime_pre2026_to_post2026,hist_gradient_boosting,0.0990788645289699
separacion:3991,2026-0001475,MD-1309,MD,2026-03-01,21,2026-03-31,1,cross_regime_pre2026_to_post2026,hist_gradient_boosting,0.27651646595358303
separacion:4066,2026-0002114,NP-A1910,NP,2026-03-01,0,2026-03-31,0,cross_regime_pre2026_to_post2026,hist_gradient_boosting,0.09728307558652576
separacion:4067,2026-0002061,NP-A2610,NP,2026-03-01,0,2026-03-31,0,cross_regime_pre2026_to_post2026,hist_gradient_boosting,0.07390525316913862
separacion:4068,2026-0002131,GY-1502,GY,2026-03-01,0,2026-03-31,0,cross_regime_pre2026_to_post2026,hist_gradient_boosting,0.15299527384072825
separacion:4069,2026-0002138,SL-1505,SL,2026-03-01,0,2026-03-31,0,cross_regime_pre2026_to_post2026,hist_gradient_boosting,0.08097322100506699
separacion:3890,2026-0000526,MD-E58,MD,2026-03-02,45,2026-04-01,0,cross_regime_pre2026_to_post2026,hist_gradient_boosting,0.06456487621381433
separacion:4033,2026-0001854,TZ-6,TZ,2026-03-02,7,2026-04-01,0,cross_regime_pre2026_to_post2026,hist_gradient_boosting,0.06122381893988633
separacion:4040,2026-0001859,TZ-17,TZ,2026-03-02,7,2026-04-01,0,cross_regime_pre2026_to_post2026,hist_gradient_boosting,0.06122381893988633
separacion:4070,2026-0002136,NP-A1202,NP,2026-03-02,0,2026-04-01,0,cross_regime_pre2026_to_post2026,hist_gradient_boosting,0.04215089556193817
separacion:4075,2026-0002152,NP-A802,NP,2026-03-02,0,2026-04-01,1,cross_regime_pre2026_to_post2026,hist_gradient_boosting,0.056800744055404404
separacion:4076,2026-0002177,EEUU-1002,EEUU,2026-03-02,0,2026-04-01,0,cross_regime_pre2026_to_post2026,hist_gradient_boosting,0.122739100319879
separacion:3968,2026-0001236,NP-A-E61,NP,2026-03-03,30,2026-04-02,0,cross_regime_pre2026_to_post2026,hist_gradient_boosting,0.024543213947296593
separacion:3970,2026-0001264,MD-E22,MD,2026-03-03,30,2026-04-02,0,cross_regime_pre2026_to_post2026,hist_gradient_boosting,0.06147166800886735
separacion:4014,2026-0001698,EEUU-E48,EEUU,2026-03-03,14,2026-04-02,0,cross_regime_pre2026_to_post2026,hist_gradient_boosting,0.028347966288947916
separacion:4044,2026-0001915,SL-1405,SL,2026-03-03,7,2026-04-02,0,cross_regime_pre2026_to_post2026,hist_gradient_boosting,0.08119015573435583
separacion:4045,2026-0001919,FX-E24,FX,2026-03-03,7,2026-04-02,0,cross_regime_pre2026_to_post2026,hist_gradient_boosting,0.030447217230547514
separacion:3834,2026-0000043,MT-A29,MT,2026-03-04,60,2026-04-03,0,cross_regime_pre2026_to_post2026,hist_gradient_boosting,0.01775478894243303
separacion:3835,2026-0000071,GY-35,GY,2026-03-04,60,2026-04-03,0,cross_regime_pre2026_to_post2026,hist_gradient_boosting,0.03100200535963976
separacion:4050,2026-0001938,FX-1301,FX,2026-03-04,7,2026-04-03,0,cross_regime_pre2026_to_post2026,hist_gradient_boosting,0.09083557741361338
separacion:4052,2026-0001943,GY-706,GY,2026-03-04,7,2026-04-03,0,cross_regime_pre2026_to_post2026,hist_gradient_boosting,0.2908504057321232
separacion:4077,2026-0002207,FX-401,FX,2026-03-04,0,2026-04-03,0,cross_regime_pre2026_to_post2026,hist_gradient_boosting,0.09166305645188327
separacion:3837,2026-0000095,NP-A-E27,NP,2026-03-05,60,2026-04-04,0,cross_regime_pre2026_to_post2026,hist_gradient_boosting,0.018364229351736913
separacion:3838,2026-0000102,EEUU-E40,EEUU,2026-03-05,60,2026-04-04,0,cross_regime_pre2026_to_post2026,hist_gradient_boosting,0.015947920620770602
separacion:3904,2026-0000701,EEUU-E14,EEUU,2026-03-05,45,2026-04-04,0,cross_regime_pre2026_to_post2026,hist_gradient_boosting,0.018091903311527574
separacion:3974,2026-0001297,GY-25,GY,2026-03-05,30,2026-04-04,0,cross_regime_pre2026_to_post2026,hist_gradient_boosting,0.015759750007399865
separacion:3976,2026-0001320,GY-21,GY,2026-03-05,30,2026-04-04,0,cross_regime_pre2026_to_post2026,hist_gradient_boosting,0.015759750007399865
separacion:4026,2026-0001742,CP-E27,CP,2026-03-05,14,2026-04-04,0,cross_regime_pre2026_to_post2026,hist_gradient_boosting,0.028388971232953444
separacion:3909,2026-0000732,EEUU-D16,EEUU,2026-03-06,45,2026-04-05,0,cross_regime_pre2026_to_post2026,hist_gradient_boosting,0.02986105483703221
separacion:3978,2026-0001332,EEUU-D4,EEUU,2026-03-06,30,2026-04-05,0,cross_regime_pre2026_to_post2026,hist_gradient_boosting,0.03545743861627942
separacion:4002,2026-0001591,MT-A09,MT,2026-03-06,21,2026-04-05,0,cross_regime_pre2026_to_post2026,hist_gradient_boosting,0.01806838211534219
separacion:3865,2026-0000164,MD-E38,MD,2026-03-07,60,2026-04-06,0,cross_regime_pre2026_to_post2026,hist_gradient_boosting,0.05693267574254583
separacion:4006,2026-0001533,SL-1305,SL,2026-03-07,21,2026-04-06,0,cross_regime_pre2026_to_post2026,hist_gradient_boosting,0.5452596327561704
separacion:4061,2026-0002052,SL-505,SL,2026-03-07,7,2026-04-06,0,cross_regime_pre2026_to_post2026,hist_gradient_boosting,0.11789282176528228
separacion:4062,2026-0002065,FX-1502,FX,2026-03-07,7,2026-04-06,0,cross_regime_pre2026_to_post2026,hist_gradient_boosting,0.16300514294584262
separacion:4063,2026-0002080,NP-A1703,NP,2026-03-07,7,2026-04-06,0,cross_regime_pre2026_to_post2026,hist_gradient_boosting,0.10096860519813987
separacion:4080,2026-0002276,GY-1602,GY,2026-03-07,0,2026-04-06,0,cross_regime_pre2026_to_post2026,hist_gradient_boosting,0.09967887230498737
separacion:3866,2026-0000134,NP-A-E62,NP,2026-03-08,60,2026-04-07,0,cross_regime_pre2026_to_post2026,hist_gradient_boosting,0.024189841099540706
separacion:3922,2026-0000826,MD-E43,MD,2026-03-08,45,2026-04-07,0,cross_regime_pre2026_to_post2026,hist_gradient_boosting,0.06042110790785426
separacion:3923,2026-0000825,MD-E36,MD,2026-03-08,45,2026-04-07,0,cross_regime_pre2026_to_post2026,hist_gradient_boosting,0.06042110790785426
separacion:3983,2026-0001402,SL-E8,SL,2026-03-08,30,2026-04-07,0,cross_regime_pre2026_to_post2026,hist_gradient_boosting,0.062347586976272816
separacion:4067,2026-0002061,NP-A2610,NP,2026-03-08,7,2026-04-07,0,cross_regime_pre2026_to_post2026,hist_gradient_boosting,0.08343161302167813
separacion:4068,2026-0002131,GY-1502,GY,2026-03-08,7,2026-04-07,0,cross_regime_pre2026_to_post2026,hist_gradient_boosting,0.170570722293431
separacion:4069,2026-0002138,SL-1505,SL,2026-03-08,7,2026-04-07,0,cross_regime_pre2026_to_post2026,hist_gradient_boosting,0.15112630643041655
separacion:3931,2026-0000856,MT-A23,MT,2026-03-09,45,2026-04-08,0,cross_regime_pre2026_to_post2026,hist_gradient_boosting,0.02875399733117874
separacion:3989,2026-0001432,EEUU-D15,EEUU,2026-03-09,30,2026-04-08,0,cross_regime_pre2026_to_post2026,hist_gradient_boosting,0.027500859393488043
separacion:4033,2026-0001854,TZ-6,TZ,2026-03-09,14,2026-04-08,0,cross_regime_pre2026_to_post2026,hist_gradient_boosting,0.07492687886653122
separacion:4040,2026-0001859,TZ-17,TZ,2026-03-09,14,2026-04-08,0,cross_regime_pre2026_to_post2026,hist_gradient_boosting,0.07492687886653122
separacion:4075,2026-0002152,NP-A802,NP,2026-03-09,7,2026-04-08,1,cross_regime_pre2026_to_post2026,hist_gradient_boosting,0.06178386128547752
separacion:4076,2026-0002177,EEUU-1002,EEUU,2026-03-09,7,2026-04-08,0,cross_regime_pre2026_to_post2026,hist_gradient_boosting,0.11666931265195786
separacion:3873,2026-0000225,SL-1408,SL,2026-03-10,60,2026-04-09,1,cross_regime_pre2026_to_post2026,hist_gradient_boosting,0.1483382397172214
separacion:3991,2026-0001475,MD-1309,MD,2026-03-10,30,2026-04-09,1,cross_regime_pre2026_to_post2026,hist_gradient_boosting,0.397673777517171
separacion:4014,2026-0001698,EEUU-E48,EEUU,2026-03-10,21,2026-04-09,0,cross_regime_pre2026_to_post2026,hist_gradient_boosting,0.02834398947446052
separacion:4044,2026-0001915,SL-1405,SL,2026-03-10,14,2026-04-09,0,cross_regime_pre2026_to_post2026,hist_gradient_boosting,0.15524511608859498
separacion:4045,2026-0001919,FX-E24,FX,2026-03-10,14,2026-04-09,0,cross_regime_pre2026_to_post2026,hist_gradient_boosting,0.03474647973432424
separacion:4085,2026-0002366,NP-A2405,NP,2026-03-10,0,2026-04-09,0,cross_regime_pre2026_to_post2026,hist_gradient_boosting,0.11701142739191119
separacion:4050,2026-0001938,FX-1301,FX,2026-03-11,14,2026-04-10,0,cross_regime_pre2026_to_post2026,hist_gradient_boosting,0.11538338669796074
separacion:4077,2026-0002207,FX-401,FX,2026-03-11,7,2026-04-10,0,cross_regime_pre2026_to_post2026,hist_gradient_boosting,0.09083557741361338
separacion:3950,2026-0001016,MD-E21,MD,2026-03-12,45,2026-04-11,0,cross_regime_pre2026_to_post2026,hist_gradient_boosting,0.025296620401721804
separacion:4026,2026-0001742,CP-E27,CP,2026-03-12,21,2026-04-11,0,cross_regime_pre2026_to_post2026,hist_gradient_boosting,0.03158602185597153
separacion:4088,2026-0002498,NP-A1601,NP,2026-03-12,0,2026-04-11,0,cross_regime_pre2026_to_post2026,hist_gradient_boosting,0.08520739787694871
separacion:4089,2026-0002499,NP-A1603,NP,2026-03-12,0,2026-04-11,0,cross_regime_pre2026_to_post2026,hist_gradient_boosting,0.08520739787694871
separacion:4090,2026-0002514,SL-704,SL,2026-03-13,0,2026-04-12,0,cross_regime_pre2026_to_post2026,hist_gradient_boosting,0.08367516470335089
separacion:4091,2026-0002513,SL-702,SL,2026-03-13,0,2026-04-12,0,cross_regime_pre2026_to_post2026,hist_gradient_boosting,0.08367516470335089
separacion:4093,2026-0002593,NP-A2403,NP,2026-03-13,0,2026-04-12,0,cross_regime_pre2026_to_post2026,hist_gradient_boosting,0.12595735995255114
separacion:4094,2026-0002550,MD-501,MD,2026-03-13,0,2026-04-12,0,cross_regime_pre2026_to_post2026,hist_gradient_boosting,0.14206410930298394
separacion:3954,2026-0001053,MT-A58,MT,2026-03-14,45,2026-04-13,0,cross_regime_pre2026_to_post2026,hist_gradient_boosting,0.022886910354885794
separacion:3956,2026-0001082,EEUU-D13,EEUU,2026-03-14,45,2026-04-13,0,cross_regime_pre2026_to_post2026,hist_gradient_boosting,0.02836436875332231
separacion:4061,2026-0002052,SL-505,SL,2026-03-14,14,2026-04-13,0,cross_regime_pre2026_to_post2026,hist_gradient_boosting,0.3229746697239024
separacion:4062,2026-0002065,FX-1502,FX,2026-03-14,14,2026-04-13,0,cross_regime_pre2026_to_post2026,hist_gradient_boosting,0.24790350234926814
separacion:4063,2026-0002080,NP-A1703,NP,2026-03-14,14,2026-04-13,0,cross_regime_pre2026_to_post2026,hist_gradient_boosting,0.21878165326504057
separacion:4080,2026-0002276,GY-1602,GY,2026-03-14,7,2026-04-13,0,cross_regime_pre2026_to_post2026,hist_gradient_boosting,0.13112981280244076
separacion:4095,2026-0002610,FX-501,FX,2026-03-14,0,2026-04-13,0,cross_regime_pre2026_to_post2026,hist_gradient_boosting,0.13660740062105556
separacion:4096,2026-0002615,MD-1709,MD,2026-03-14,0,2026-04-13,0,cross_regime_pre2026_to_post2026,hist_gradient_boosting,0.10174182083550691
separacion:4098,2026-0002641,GY-1403,GY,2026-03-14,0,2026-04-13,0,cross_regime_pre2026_to_post2026,hist_gradient_boosting,0.09967887230498737
separacion:4099,2026-0002659,MT-A904,MT,2026-03-14,0,2026-04-13,0,cross_regime_pre2026_to_post2026,hist_gradient_boosting,0.05476542205775802
separacion:4100,2026-0002696,GY-1003,GY,2026-03-14,0,2026-04-13,0,cross_regime_pre2026_to_post2026,hist_gradient_boosting,0.09967887230498737
separacion:4101,2026-0002726,NP-A902,NP,2026-03-14,0,2026-04-13,0,cross_regime_pre2026_to_post2026,hist_gradient_boosting,0.07661232774500036
separacion:4102,2026-0002668,GY-1103,GY,2026-03-14,0,2026-04-13,0,cross_regime_pre2026_to_post2026,hist_gradient_boosting,0.09967887230498737
separacion:4103,2026-0002746,CP-A301,CP,2026-03-14,0,2026-04-13,0,cross_regime_pre2026_to_post2026,hist_gradient_boosting,0.11815491036162558
separacion:4104,2026-0002599,NP-A2303,NP,2026-03-14,0,2026-04-13,0,cross_regime_pre2026_to_post2026,hist_gradient_boosting,0.07740511517090844
separacion:4105,2026-0002774,CP-A401,CP,2026-03-14,0,2026-04-13,0,cross_regime_pre2026_to_post2026,hist_gradient_boosting,0.11815491036162558
separacion:4106,2026-0002781,FX-E16,FX,2026-03-14,0,2026-04-13,0,cross_regime_pre2026_to_post2026,hist_gradient_boosting,0.02288651993493913
separacion:4002,2026-0001591,MT-A09,MT,2026-03-15,30,2026-04-14,0,cross_regime_pre2026_to_post2026,hist_gradient_boosting,0.038949183433676746
separacion:4068,2026-0002131,GY-1502,GY,2026-03-15,14,2026-04-14,0,cross_regime_pre2026_to_post2026,hist_gradient_boosting,0.2882298837817161
separacion:4069,2026-0002138,SL-1505,SL,2026-03-15,14,2026-04-14,0,cross_regime_pre2026_to_post2026,hist_gradient_boosting,0.36375146139141196
separacion:4107,2026-0002813,GY-303,GY,2026-03-15,0,2026-04-14,0,cross_regime_pre2026_to_post2026,hist_gradient_boosting,0.15299527384072825
separacion:4108,2026-0002822,SL-403,SL,2026-03-15,0,2026-04-14,0,cross_regime_pre2026_to_post2026,hist_gradient_boosting,0.08097322100506699
separacion:4109,2026-0002890,MT-A57,MT,2026-03-15,0,2026-04-14,0,cross_regime_pre2026_to_post2026,hist_gradient_boosting,0.034404472185263726
separacion:4110,2026-0002888,MT-A409,MT,2026-03-15,0,2026-04-14,1,cross_regime_pre2026_to_post2026,hist_gradient_boosting,0.0685605007433557
separacion:4112,2026-0002901,SL-1101,SL,2026-03-15,0,2026-04-14,0,cross_regime_pre2026_to_post2026,hist_gradient_boosting,0.08097322100506699
separacion:4113,2026-0002937,NP-A306,NP,2026-03-15,0,2026-04-14,0,cross_regime_pre2026_to_post2026,hist_gradient_boosting,0.09728307558652576
separacion:4114,2026-0002949,FX-1102,FX,2026-03-15,0,2026-04-14,0,cross_regime_pre2026_to_post2026,hist_gradient_boosting,0.17733986368797341
separacion:4115,2026-0002954,NP-A1205,NP,2026-03-15,0,2026-04-14,0,cross_regime_pre2026_to_post2026,hist_gradient_boosting,0.09728307558652576
separacion:4116,2026-0002965,NP-A706,NP,2026-03-15,0,2026-04-14,0,cross_regime_pre2026_to_post2026,hist_gradient_boosting,0.09728307558652576
separacion:4117,2026-0002964,FX-901,FX,2026-03-15,0,2026-04-14,1,cross_regime_pre2026_to_post2026,hist_gradient_boosting,0.17733986368797341
separacion:4118,2026-0002963,SL-1306,SL,2026-03-15,0,2026-04-14,1,cross_regime_pre2026_to_post2026,hist_gradient_boosting,0.08097322100506699
separacion:4119,2026-0002952,MT-A801,MT,2026-03-15,0,2026-04-14,0,cross_regime_pre2026_to_post2026,hist_gradient_boosting,0.0685605007433557
separacion:4006,2026-0001533,SL-1305,SL,2026-03-16,30,2026-04-15,0,cross_regime_pre2026_to_post2026,hist_gradient_boosting,0.30304881816355367
separacion:4040,2026-0001859,TZ-17,TZ,2026-03-16,21,2026-04-15,0,cross_regime_pre2026_to_post2026,hist_gradient_boosting,0.0806380434863159
separacion:4075,2026-0002152,NP-A802,NP,2026-03-16,14,2026-04-15,1,cross_regime_pre2026_to_post2026,hist_gradient_boosting,0.11443731773742268
separacion:3890,2026-0000526,MD-E58,MD,2026-03-17,60,2026-04-16,0,cross_regime_pre2026_to_post2026,hist_gradient_boosting,0.059775741547965514
separacion:4044,2026-0001915,SL-1405,SL,2026-03-17,21,2026-04-16,0,cross_regime_pre2026_to_post2026,hist_gradient_boosting,0.17022529319239207
separacion:4045,2026-0001919,FX-E24,FX,2026-03-17,21,2026-04-16,0,cross_regime_pre2026_to_post2026,hist_gradient_boosting,0.03863102087075891
separacion:4085,2026-0002366,NP-A2405,NP,2026-03-17,7,2026-04-16,0,cross_regime_pre2026_to_post2026,hist_gradient_boosting,0.11252890822933395
separacion:4121,2026-0002874,MT-A1008,MT,2026-03-17,0,2026-04-16,0,cross_regime_pre2026_to_post2026,hist_gradient_boosting,0.04493129072008885
separacion:4122,2026-0002991,GY-D7,GY,2026-03-17,0,2026-04-16,0,cross_regime_pre2026_to_post2026,hist_gradient_boosting,0.026088954307435068
separacion:4123,2026-0002995,MT-A1001,MT,2026-03-17,0,2026-04-16,0,cross_regime_pre2026_to_post2026,hist_gradient_boosting,0.0642686931009589
separacion:3968,2026-0001236,NP-A-E61,NP,2026-03-18,45,2026-04-17,0,cross_regime_pre2026_to_post2026,hist_gradient_boosting,0.028986703627563323
separacion:3970,2026-0001264,MD-E22,MD,2026-03-18,45,2026-04-17,0,cross_regime_pre2026_to_post2026,hist_gradient_boosting,0.054378561245547574
separacion:4050,2026-0001938,FX-1301,FX,2026-03-18,21,2026-04-17,0,cross_regime_pre2026_to_post2026,hist_gradient_boosting,0.1270958608062702
separacion:4129,2026-0002981,MT-A1309,MT,2026-03-18,0,2026-04-17,0,cross_regime_pre2026_to_post2026,hist_gradient_boosting,0.026850086384279905
separacion:4130,2026-0003010,SL-1001,SL,2026-03-18,0,2026-04-17,0,cross_regime_pre2026_to_post2026,hist_gradient_boosting,0.07051553386859906
separacion:4131,2026-0003014,EEUU-E50,EEUU,2026-03-18,0,2026-04-17,0,cross_regime_pre2026_to_post2026,hist_gradient_boosting,0.06571241469938262
separacion:4132,2026-0003024,CP-A1001,CP,2026-03-18,0,2026-04-17,0,cross_regime_pre2026_to_post2026,hist_gradient_boosting,0.19589433947554372
separacion:4133,2026-0003028,MT-B705,MT,2026-03-18,0,2026-04-17,0,cross_regime_pre2026_to_post2026,hist_gradient_boosting,0.0740254541740802
separacion:3834,2026-0000043,MT-A29,MT,2026-03-19,75,2026-04-18,0,cross_regime_pre2026_to_post2026,hist_gradient_boosting,0.009764170478749609
separacion:3835,2026-0000071,GY-35,GY,2026-03-19,75,2026-04-18,0,cross_regime_pre2026_to_post2026,hist_gradient_boosting,0.011411697562885239
separacion:4014,2026-0001698,EEUU-E48,EEUU,2026-03-19,30,2026-04-18,0,cross_regime_pre2026_to_post2026,hist_gradient_boosting,0.018091903311527574
separacion:4088,2026-0002498,NP-A1601,NP,2026-03-19,7,2026-04-18,0,cross_regime_pre2026_to_post2026,hist_gradient_boosting,0.07182463994493676
separacion:4089,2026-0002499,NP-A1603,NP,2026-03-19,7,2026-04-18,0,cross_regime_pre2026_to_post2026,hist_gradient_boosting,0.07182463994493676
separacion:4134,2026-0003033,GY-8,GY,2026-03-19,0,2026-04-18,1,cross_regime_pre2026_to_post2026,hist_gradient_boosting,0.016503396739076293
separacion:4135,2026-0003039,NP-A1802,NP,2026-03-19,0,2026-04-18,0,cross_regime_pre2026_to_post2026,hist_gradient_boosting,0.08520739787694871
separacion:4136,2026-0003041,MT-A04,MT,2026-03-19,0,2026-04-18,0,cross_regime_pre2026_to_post2026,hist_gradient_boosting,0.010600809523373687
separacion:3837,2026-0000095,NP-A-E27,NP,2026-03-20,75,2026-04-19,0,cross_regime_pre2026_to_post2026,hist_gradient_boosting,0.029544754253419687
separacion:3838,2026-0000102,EEUU-E40,EEUU,2026-03-20,75,2026-04-19,0,cross_regime_pre2026_to_post2026,hist_gradient_boosting,0.026572001486312273
separacion:3904,2026-0000701,EEUU-E14,EEUU,2026-03-20,60,2026-04-19,0,cross_regime_pre2026_to_post2026,hist_gradient_boosting,0.02824891881136846
separacion:3974,2026-0001297,GY-25,GY,2026-03-20,45,2026-04-19,0,cross_regime_pre2026_to_post2026,hist_gradient_boosting,0.02478745191748273
separacion:3976,2026-0001320,GY-21,GY,2026-03-20,45,2026-04-19,0,cross_regime_pre2026_to_post2026,hist_gradient_boosting,0.02478745191748273
separacion:4090,2026-0002514,SL-704,SL,2026-03-20,7,2026-04-19,0,cross_regime_pre2026_to_post2026,hist_gradient_boosting,0.14312715919186034
separacion:4091,2026-0002513,SL-702,SL,2026-03-20,7,2026-04-19,0,cross_regime_pre2026_to_post2026,hist_gradient_boosting,0.14312715919186034
separacion:4093,2026-0002593,NP-A2403,NP,2026-03-20,7,2026-04-19,0,cross_regime_pre2026_to_post2026,hist_gradient_boosting,0.1871806250338424
separacion:4094,2026-0002550,MD-501,MD,2026-03-20,7,2026-04-19,0,cross_regime_pre2026_to_post2026,hist_gradient_boosting,0.20412489553535376
separacion:4139,2026-0002794,MD-802,MD,2026-03-20,0,2026-04-19,0,cross_regime_pre2026_to_post2026,hist_gradient_boosting,0.09762736265065539
separacion:4140,2026-0003067,GY-14,GY,2026-03-20,0,2026-04-19,0,cross_regime_pre2026_to_post2026,hist_gradient_boosting,0.019194106469697766
separacion:3909,2026-0000732,EEUU-D16,EEUU,2026-03-21,60,2026-04-20,0,cross_regime_pre2026_to_post2026,hist_gradient_boosting,0.03763875691089651
separacion:4026,2026-0001742,CP-E27,CP,2026-03-21,30,2026-04-20,0,cross_regime_pre2026_to_post2026,hist_gradient_boosting,0.055377779198571606
separacion:4062,2026-0002065,FX-1502,FX,2026-03-21,21,2026-04-20,0,cross_regime_pre2026_to_post2026,hist_gradient_boosting,0.2713114754485217
separacion:4063,2026-0002080,NP-A1703,NP,2026-03-21,21,2026-04-20,0,cross_regime_pre2026_to_post2026,hist_gradient_boosting,0.2894815259433776
separacion:4080,2026-0002276,GY-1602,GY,2026-03-21,14,2026-04-20,1,cross_regime_pre2026_to_post2026,hist_gradient_boosting,0.24300783057800013
separacion:4095,2026-0002610,FX-501,FX,2026-03-21,7,2026-04-20,0,cross_regime_pre2026_to_post2026,hist_gradient_boosting,0.16426587234883133
separacion:4096,2026-0002615,MD-1709,MD,2026-03-21,7,2026-04-20,0,cross_regime_pre2026_to_post2026,hist_gradient_boosting,0.12370797345010401
separacion:4098,2026-0002641,GY-1403,GY,2026-03-21,7,2026-04-20,0,cross_regime_pre2026_to_post2026,hist_gradient_boosting,0.13112981280244076
separacion:4100,2026-0002696,GY-1003,GY,2026-03-21,7,2026-04-20,0,cross_regime_pre2026_to_post2026,hist_gradient_boosting,0.13112981280244076
separacion:4101,2026-0002726,NP-A902,NP,2026-03-21,7,2026-04-20,0,cross_regime_pre2026_to_post2026,hist_gradient_boosting,0.10096860519813987
separacion:4102,2026-0002668,GY-1103,GY,2026-03-21,7,2026-04-20,0,cross_regime_pre2026_to_post2026,hist_gradient_boosting,0.13112981280244076
separacion:4103,2026-0002746,CP-A301,CP,2026-03-21,7,2026-04-20,0,cross_regime_pre2026_to_post2026,hist_gradient_boosting,0.14328514557440922
separacion:4104,2026-0002599,NP-A2303,NP,2026-03-21,7,2026-04-20,0,cross_regime_pre2026_to_post2026,hist_gradient_boosting,0.0988448780182821
separacion:4106,2026-0002781,FX-E16,FX,2026-03-21,7,2026-04-20,0,cross_regime_pre2026_to_post2026,hist_gradient_boosting,0.028479750322192892
separacion:4141,2026-0002797,MT-A401,MT,2026-03-21,0,2026-04-20,0,cross_regime_pre2026_to_post2026,hist_gradient_boosting,0.042512927421923925
separacion:4142,2026-0003094,GY-203,GY,2026-03-21,0,2026-04-20,0,cross_regime_pre2026_to_post2026,hist_gradient_boosting,0.09967887230498737
separacion:4143,2026-0003097,NP-A1003,NP,2026-03-21,0,2026-04-20,0,cross_regime_pre2026_to_post2026,hist_gradient_boosting,0.07661232774500036
separacion:4144,2026-0003104,NP-A2304,NP,2026-03-21,0,2026-04-20,0,cross_regime_pre2026_to_post2026,hist_gradient_boosting,0.07661232774500036
separacion:3865,2026-0000164,MD-E38,MD,2026-03-22,75,2026-04-21,0,cross_regime_pre2026_to_post2026,hist_gradient_boosting,0.06197977878043791
separacion:4068,2026-0002131,GY-1502,GY,2026-03-22,21,2026-04-21,0,cross_regime_pre2026_to_post2026,hist_gradient_boosting,0.3138566087660375
separacion:4069,2026-0002138,SL-1505,SL,2026-03-22,21,2026-04-21,0,cross_regime_pre2026_to_post2026,hist_gradient_boosting,0.4060534403362085
separacion:4107,2026-0002813,GY-303,GY,2026-03-22,7,2026-04-21,0,cross_regime_pre2026_to_post2026,hist_gradient_boosting,0.170570722293431
separacion:4108,2026-0002822,SL-403,SL,2026-03-22,7,2026-04-21,0,cross_regime_pre2026_to_post2026,hist_gradient_boosting,0.15112630643041655
separacion:4109,2026-0002890,MT-A57,MT,2026-03-22,7,2026-04-21,0,cross_regime_pre2026_to_post2026,hist_gradient_boosting,0.032233434846799726
separacion:4110,2026-0002888,MT-A409,MT,2026-03-22,7,2026-04-21,1,cross_regime_pre2026_to_post2026,hist_gradient_boosting,0.06437780498532292
separacion:4113,2026-0002937,NP-A306,NP,2026-03-22,7,2026-04-21,0,cross_regime_pre2026_to_post2026,hist_gradient_boosting,0.10933054085716327
separacion:4114,2026-0002949,FX-1102,FX,2026-03-22,7,2026-04-21,0,cross_regime_pre2026_to_post2026,hist_gradient_boosting,0.19162195807690044
separacion:4115,2026-0002954,NP-A1205,NP,2026-03-22,7,2026-04-21,0,cross_regime_pre2026_to_post2026,hist_gradient_boosting,0.10933054085716327
separacion:4116,2026-0002965,NP-A706,NP,2026-03-22,7,2026-04-21,0,cross_regime_pre2026_to_post2026,hist_gradient_boosting,0.10933054085716327
separacion:4117,2026-0002964,FX-901,FX,2026-03-22,7,2026-04-21,1,cross_regime_pre2026_to_post2026,hist_gradient_boosting,0.19162195807690044
separacion:4118,2026-0002963,SL-1306,SL,2026-03-22,7,2026-04-21,1,cross_regime_pre2026_to_post2026,hist_gradient_boosting,0.15112630643041655
separacion:4119,2026-0002952,MT-A801,MT,2026-03-22,7,2026-04-21,0,cross_regime_pre2026_to_post2026,hist_gradient_boosting,0.06437780498532292
separacion:4145,2026-0003084,MD-2301,MD,2026-03-22,0,2026-04-21,0,cross_regime_pre2026_to_post2026,hist_gradient_boosting,0.08529600843587251
separacion:4146,2026-0003116,MT-B905,MT,2026-03-22,0,2026-04-21,0,cross_regime_pre2026_to_post2026,hist_gradient_boosting,0.0685605007433557
separacion:4147,2026-0003115,CP-B1203,CP,2026-03-22,0,2026-04-21,0,cross_regime_pre2026_to_post2026,hist_gradient_boosting,0.17952374651197603
separacion:4148,2026-0003118,GY-43,GY,2026-03-22,0,2026-04-21,0,cross_regime_pre2026_to_post2026,hist_gradient_boosting,0.052680241905656094
separacion:4149,2026-0003123,CP-B501,CP,2026-03-22,0,2026-04-21,0,cross_regime_pre2026_to_post2026,hist_gradient_boosting,0.17952374651197603
separacion:4150,2026-0003125,NP-A1304,NP,2026-03-22,0,2026-04-21,0,cross_regime_pre2026_to_post2026,hist_gradient_boosting,0.09728307558652576
separacion:3866,2026-0000134,NP-A-E62,NP,2026-03-23,75,2026-04-22,0,cross_regime_pre2026_to_post2026,hist_gradient_boosting,0.013109844153310131
separacion:3922,2026-0000826,MD-E43,MD,2026-03-23,60,2026-04-22,0,cross_regime_pre2026_to_post2026,hist_gradient_boosting,0.0665596955134736
separacion:3923,2026-0000825,MD-E36,MD,2026-03-23,60,2026-04-22,0,cross_regime_pre2026_to_post2026,hist_gradient_boosting,0.0665596955134736
separacion:3983,2026-0001402,SL-E8,SL,2026-03-23,45,2026-04-22,0,cross_regime_pre2026_to_post2026,hist_gradient_boosting,0.028431820635195268
separacion:4075,2026-0002152,NP-A802,NP,2026-03-23,21,2026-04-22,1,cross_regime_pre2026_to_post2026,hist_gradient_boosting,0.13024636108775345
separacion:4153,2026-0003145,GY-27,GY,2026-03-23,0,2026-04-22,0,cross_regime_pre2026_to_post2026,hist_gradient_boosting,0.039786838870720174
separacion:4156,2026-0003166,FX-1001,FX,2026-03-23,0,2026-04-22,0,cross_regime_pre2026_to_post2026,hist_gradient_boosting,0.04776931318919979
separacion:4157,2026-0003167,FX-801,FX,2026-03-23,0,2026-04-22,0,cross_regime_pre2026_to_post2026,hist_gradient_boosting,0.04776931318919979
separacion:3931,2026-0000856,MT-A23,MT,2026-03-24,60,2026-04-23,0,cross_regime_pre2026_to_post2026,hist_gradient_boosting,0.017587170173461165
separacion:3989,2026-0001432,EEUU-D15,EEUU,2026-03-24,45,2026-04-23,0,cross_regime_pre2026_to_post2026,hist_gradient_boosting,0.02472509632467005
separacion:4085,2026-0002366,NP-A2405,NP,2026-03-24,14,2026-04-23,0,cross_regime_pre2026_to_post2026,hist_gradient_boosting,0.17952128034545495
separacion:4121,2026-0002874,MT-A1008,MT,2026-03-24,7,2026-04-23,0,cross_regime_pre2026_to_post2026,hist_gradient_boosting,0.032561934281339744
separacion:4122,2026-0002991,GY-D7,GY,2026-03-24,7,2026-04-23,0,cross_regime_pre2026_to_post2026,hist_gradient_boosting,0.02563800339436757
separacion:4158,2026-0003168,EEUU-501,EEUU,2026-03-24,0,2026-04-23,0,cross_regime_pre2026_to_post2026,hist_gradient_boosting,0.24525522705357797
separacion:4163,2026-0003190,MD-E18,MD,2026-03-24,0,2026-04-23,0,cross_regime_pre2026_to_post2026,hist_gradient_boosting,0.043627969119342594
separacion:3873,2026-0000225,SL-1408,SL,2026-03-25,75,2026-04-24,1,cross_regime_pre2026_to_post2026,hist_gradient_boosting,0.13406932387074083
separacion:4040,2026-0001859,TZ-17,TZ,2026-03-25,30,2026-04-24,0,cross_regime_pre2026_to_post2026,hist_gradient_boosting,0.08615965842816894
separacion:4130,2026-0003010,SL-1001,SL,2026-03-25,7,2026-04-24,0,cross_regime_pre2026_to_post2026,hist_gradient_boosting,0.09597976391418164
separacion:4131,2026-0003014,EEUU-E50,EEUU,2026-03-25,7,2026-04-24,0,cross_regime_pre2026_to_post2026,hist_gradient_boosting,0.04602374260095185
separacion:4132,2026-0003024,CP-A1001,CP,2026-03-25,7,2026-04-24,0,cross_regime_pre2026_to_post2026,hist_gradient_boosting,0.1806917544713861
separacion:4133,2026-0003028,MT-B705,MT,2026-03-25,7,2026-04-24,0,cross_regime_pre2026_to_post2026,hist_gradient_boosting,0.06619362201093382
separacion:4164,2026-0003197,NP-A-E19,NP,2026-03-25,0,2026-04-24,0,cross_regime_pre2026_to_post2026,hist_gradient_boosting,0.021874189004619897
separacion:4044,2026-0001915,SL-1405,SL,2026-03-26,30,2026-04-25,0,cross_regime_pre2026_to_post2026,hist_gradient_boosting,0.23103915490989926
separacion:4045,2026-0001919,FX-E24,FX,2026-03-26,30,2026-04-25,0,cross_regime_pre2026_to_post2026,hist_gradient_boosting,0.02417568169867376
separacion:4088,2026-0002498,NP-A1601,NP,2026-03-26,14,2026-04-25,0,cross_regime_pre2026_to_post2026,hist_gradient_boosting,0.12539653204599438
separacion:4089,2026-0002499,NP-A1603,NP,2026-03-26,14,2026-04-25,0,cross_regime_pre2026_to_post2026,hist_gradient_boosting,0.12539653204599438
separacion:4135,2026-0003039,NP-A1802,NP,2026-03-26,7,2026-04-25,0,cross_regime_pre2026_to_post2026,hist_gradient_boosting,0.07182463994493676
separacion:4136,2026-0003041,MT-A04,MT,2026-03-26,7,2026-04-25,0,cross_regime_pre2026_to_post2026,hist_gradient_boosting,0.0075801984057270655
separacion:4165,2026-0003207,NP-A2201,NP,2026-03-26,0,2026-04-25,0,cross_regime_pre2026_to_post2026,hist_gradient_boosting,0.08520739787694871
separacion:4166,2026-0003221,CP-E52,CP,2026-03-26,0,2026-04-25,0,cross_regime_pre2026_to_post2026,hist_gradient_boosting,0.028753725504349393
separacion:4167,2026-0003226,SL-1004,SL,2026-03-26,0,2026-04-25,0,cross_regime_pre2026_to_post2026,hist_gradient_boosting,0.07263566077656668
separacion:3950,2026-0001016,MD-E21,MD,2026-03-27,60,2026-04-26,0,cross_regime_pre2026_to_post2026,hist_gradient_boosting,0.05872583120315236
separacion:4050,2026-0001938,FX-1301,FX,2026-03-27,30,2026-04-26,0,cross_regime_pre2026_to_post2026,hist_gradient_boosting,0.27158156739149675
separacion:4091,2026-0002513,SL-702,SL,2026-03-27,14,2026-04-26,0,cross_regime_pre2026_to_post2026,hist_gradient_boosting,0.2989349585434914
separacion:4093,2026-0002593,NP-A2403,NP,2026-03-27,14,2026-04-26,0,cross_regime_pre2026_to_post2026,hist_gradient_boosting,0.3577419765057265
separacion:4140,2026-0003067,GY-14,GY,2026-03-27,7,2026-04-26,0,cross_regime_pre2026_to_post2026,hist_gradient_boosting,0.02349200481634099
separacion:4191,2026-0003242,NP-A2005,NP,2026-03-27,0,2026-04-26,0,cross_regime_pre2026_to_post2026,hist_gradient_boosting,0.12595735995255114
separacion:4080,2026-0002276,GY-1602,GY,2026-03-28,21,2026-04-27,1,cross_regime_pre2026_to_post2026,hist_gradient_boosting,0.26611710195230115
separacion:4100,2026-0002696,GY-1003,GY,2026-03-28,14,2026-04-27,0,cross_regime_pre2026_to_post2026,hist_gradient_boosting,0.24300783057800013
separacion:4103,2026-0002746,CP-A301,CP,2026-03-28,14,2026-04-27,0,cross_regime_pre2026_to_post2026,hist_gradient_boosting,0.26240190984841927
separacion:4104,2026-0002599,NP-A2303,NP,2026-03-28,14,2026-04-27,0,cross_regime_pre2026_to_post2026,hist_gradient_boosting,0.17620583543106283
separacion:4106,2026-0002781,FX-E16,FX,2026-03-28,14,2026-04-27,0,cross_regime_pre2026_to_post2026,hist_gradient_boosting,0.046177229710794486
separacion:4142,2026-0003094,GY-203,GY,2026-03-28,7,2026-04-27,0,cross_regime_pre2026_to_post2026,hist_gradient_boosting,0.13112981280244076
separacion:4143,2026-0003097,NP-A1003,NP,2026-03-28,7,2026-04-27,0,cross_regime_pre2026_to_post2026,hist_gradient_boosting,0.10096860519813987
separacion:4144,2026-0003104,NP-A2304,NP,2026-03-28,7,2026-04-27,0,cross_regime_pre2026_to_post2026,hist_gradient_boosting,0.10096860519813987
separacion:4192,2026-0003243,CP-B1306,CP,2026-03-28,0,2026-04-27,0,cross_regime_pre2026_to_post2026,hist_gradient_boosting,0.27619269079657444
separacion:4193,2026-0003246,NP-A-E138,NP,2026-03-28,0,2026-04-27,0,cross_regime_pre2026_to_post2026,hist_gradient_boosting,0.016245510417188785
separacion:3954,2026-0001053,MT-A58,MT,2026-03-29,60,2026-04-28,0,cross_regime_pre2026_to_post2026,hist_gradient_boosting,0.02399408215857958
separacion:3956,2026-0001082,EEUU-D13,EEUU,2026-03-29,60,2026-04-28,0,cross_regime_pre2026_to_post2026,hist_gradient_boosting,0.03614619193843029
separacion:4107,2026-0002813,GY-303,GY,2026-03-29,14,2026-04-28,0,cross_regime_pre2026_to_post2026,hist_gradient_boosting,0.2882298837817161
separacion:4108,2026-0002822,SL-403,SL,2026-03-29,14,2026-04-28,0,cross_regime_pre2026_to_post2026,hist_gradient_boosting,0.36375146139141196
separacion:4109,2026-0002890,MT-A57,MT,2026-03-29,14,2026-04-28,0,cross_regime_pre2026_to_post2026,hist_gradient_boosting,0.039963844204873866
separacion:4116,2026-0002965,NP-A706,NP,2026-03-29,14,2026-04-28,0,cross_regime_pre2026_to_post2026,hist_gradient_boosting,0.22079745304250076
separacion:4117,2026-0002964,FX-901,FX,2026-03-29,14,2026-04-28,1,cross_regime_pre2026_to_post2026,hist_gradient_boosting,0.2708232520670017
separacion:4119,2026-0002952,MT-A801,MT,2026-03-29,14,2026-04-28,0,cross_regime_pre2026_to_post2026,hist_gradient_boosting,0.10048818213480233
separacion:4145,2026-0003084,MD-2301,MD,2026-03-29,7,2026-04-28,0,cross_regime_pre2026_to_post2026,hist_gradient_boosting,0.09602910532072184
separacion:4146,2026-0003116,MT-B905,MT,2026-03-29,7,2026-04-28,0,cross_regime_pre2026_to_post2026,hist_gradient_boosting,0.06437780498532292
separacion:4148,2026-0003118,GY-43,GY,2026-03-29,7,2026-04-28,0,cross_regime_pre2026_to_post2026,hist_gradient_boosting,0.04931244963265518
separacion:4150,2026-0003125,NP-A1304,NP,2026-03-29,7,2026-04-28,0,cross_regime_pre2026_to_post2026,hist_gradient_boosting,0.10933054085716327
separacion:4002,2026-0001591,MT-A09,MT,2026-03-30,45,2026-04-29,0,cross_regime_pre2026_to_post2026,hist_gradient_boosting,0.02875399733117874
separacion:4062,2026-0002065,FX-1502,FX,2026-03-30,30,2026-04-29,0,cross_regime_pre2026_to_post2026,hist_gradient_boosting,0.15663312115836525
separacion:4153,2026-0003145,GY-27,GY,2026-03-30,7,2026-04-29,0,cross_regime_pre2026_to_post2026,hist_gradient_boosting,0.034808890379598036
separacion:4156,2026-0003166,FX-1001,FX,2026-03-30,7,2026-04-29,0,cross_regime_pre2026_to_post2026,hist_gradient_boosting,0.049909001706775105
separacion:4201,2026-0003312,FX-705,FX,2026-03-30,0,2026-04-29,0,cross_regime_pre2026_to_post2026,hist_gradient_boosting,0.04776931318919979
separacion:4202,2026-0003313,NP-A2203,NP,2026-03-30,0,2026-04-29,0,cross_regime_pre2026_to_post2026,hist_gradient_boosting,0.056800744055404404
separacion:4203,2026-0003315,NP-A2204,NP,2026-03-30,0,2026-04-29,0,cross_regime_pre2026_to_post2026,hist_gradient_boosting,0.056800744055404404
separacion:4006,2026-0001533,SL-1305,SL,2026-03-31,45,2026-04-30,1,cross_regime_pre2026_to_post2026,hist_gradient_boosting,0.23227960153047572
separacion:4068,2026-0002131,GY-1502,GY,2026-03-31,30,2026-04-30,0,cross_regime_pre2026_to_post2026,hist_gradient_boosting,0.43772971249134746
separacion:4122,2026-0002991,GY-D7,GY,2026-03-31,14,2026-04-30,0,cross_regime_pre2026_to_post2026,hist_gradient_boosting,0.02927869360348861
separacion:4158,2026-0003168,EEUU-501,EEUU,2026-03-31,7,2026-04-30,0,cross_regime_pre2026_to_post2026,hist_gradient_boosting,0.21161666870743362
separacion:4163,2026-0003190,MD-E18,MD,2026-03-31,7,2026-04-30,0,cross_regime_pre2026_to_post2026,hist_gradient_boosting,0.039634863264681255
separacion:4207,2026-0003353,FX-1203,FX,2026-03-31,0,2026-04-30,0,cross_regime_pre2026_to_post2026,hist_gradient_boosting,0.08612742152589029
separacion:3890,2026-0000526,MD-E58,MD,2026-04-01,75,2026-05-01,0,cross_regime_pre2026_to_post2026,hist_gradient_boosting,0.03546671493823041
separacion:4130,2026-0003010,SL-1001,SL,2026-04-01,14,2026-05-01,1,cross_regime_pre2026_to_post2026,hist_gradient_boosting,0.051282852217974455
separacion:4131,2026-0003014,EEUU-E50,EEUU,2026-04-01,14,2026-05-01,0,cross_regime_pre2026_to_post2026,hist_gradient_boosting,0.012565212474943266
separacion:4164,2026-0003197,NP-A-E19,NP,2026-04-01,7,2026-05-01,0,cross_regime_pre2026_to_post2026,hist_gradient_boosting,0.007978632946659627
separacion:3968,2026-0001236,NP-A-E61,NP,2026-04-02,60,2026-05-02,0,cross_regime_pre2026_to_post2026,hist_gradient_boosting,0.013970860825768563
separacion:3970,2026-0001264,MD-E22,MD,2026-04-02,60,2026-05-02,0,cross_regime_pre2026_to_post2026,hist_gradient_boosting,0.023768512685789424
separacion:4088,2026-0002498,NP-A1601,NP,2026-04-02,21,2026-05-02,0,cross_regime_pre2026_to_post2026,hist_gradient_boosting,0.08333717386960524
separacion:4089,2026-0002499,NP-A1603,NP,2026-04-02,21,2026-05-02,0,cross_regime_pre2026_to_post2026,hist_gradient_boosting,0.08333717386960524
separacion:4136,2026-0003041,MT-A04,MT,2026-04-02,14,2026-05-02,0,cross_regime_pre2026_to_post2026,hist_gradient_boosting,0.003424194281352822
separacion:4166,2026-0003221,CP-E52,CP,2026-04-02,7,2026-05-02,0,cross_regime_pre2026_to_post2026,hist_gradient_boosting,0.008444591328836872
separacion:3834,2026-0000043,MT-A29,MT,2026-04-03,90,2026-05-03,0,cross_regime_pre2026_to_post2026,hist_gradient_boosting,0.013515121023595898
separacion:3835,2026-0000071,GY-35,GY,2026-04-03,90,2026-05-03,0,cross_regime_pre2026_to_post2026,hist_gradient_boosting,0.014943985406040174
separacion:4014,2026-0001698,EEUU-E48,EEUU,2026-04-03,45,2026-05-03,0,cross_regime_pre2026_to_post2026,hist_gradient_boosting,0.025831268211507573
separacion:4091,2026-0002513,SL-702,SL,2026-04-03,21,2026-05-03,0,cross_regime_pre2026_to_post2026,hist_gradient_boosting,0.2552926691627326
separacion:4093,2026-0002593,NP-A2403,NP,2026-04-03,21,2026-05-03,0,cross_regime_pre2026_to_post2026,hist_gradient_boosting,0.3642216838122247
separacion:4140,2026-0003067,GY-14,GY,2026-04-03,14,2026-05-03,0,cross_regime_pre2026_to_post2026,hist_gradient_boosting,0.016936130227164753
separacion:4191,2026-0003242,NP-A2005,NP,2026-04-03,7,2026-05-03,0,cross_regime_pre2026_to_post2026,hist_gradient_boosting,0.1143262463278511
separacion:3837,2026-0000095,NP-A-E27,NP,2026-04-04,90,2026-05-04,0,cross_regime_pre2026_to_post2026,hist_gradient_boosting,0.01878421433189367
separacion:3838,2026-0000102,EEUU-E40,EEUU,2026-04-04,90,2026-05-04,0,cross_regime_pre2026_to_post2026,hist_gradient_boosting,0.01836116797940722
separacion:3904,2026-0000701,EEUU-E14,EEUU,2026-04-04,75,2026-05-04,0,cross_regime_pre2026_to_post2026,hist_gradient_boosting,0.018431228264533705
separacion:3974,2026-0001297,GY-25,GY,2026-04-04,60,2026-05-04,0,cross_regime_pre2026_to_post2026,hist_gradient_boosting,0.016676177799343918
separacion:3976,2026-0001320,GY-21,GY,2026-04-04,60,2026-05-04,0,cross_regime_pre2026_to_post2026,hist_gradient_boosting,0.016676177799343918
separacion:4106,2026-0002781,FX-E16,FX,2026-04-04,21,2026-05-04,0,cross_regime_pre2026_to_post2026,hist_gradient_boosting,0.04414930864264345
separacion:4192,2026-0003243,CP-B1306,CP,2026-04-04,7,2026-05-04,0,cross_regime_pre2026_to_post2026,hist_gradient_boosting,0.21024774291824844
separacion:4193,2026-0003246,NP-A-E138,NP,2026-04-04,7,2026-05-04,0,cross_regime_pre2026_to_post2026,hist_gradient_boosting,0.010880293080159788
separacion:4209,2026-0003385,NP-A2710,NP,2026-04-04,0,2026-05-04,0,cross_regime_pre2026_to_post2026,hist_gradient_boosting,0.035930114443133744
separacion:3909,2026-0000732,EEUU-D16,EEUU,2026-04-05,75,2026-05-05,0,cross_regime_pre2026_to_post2026,hist_gradient_boosting,0.025759467425239505
separacion:4026,2026-0001742,CP-E27,CP,2026-04-05,45,2026-05-05,0,cross_regime_pre2026_to_post2026,hist_gradient_boosting,0.04640279718987236
separacion:4107,2026-0002813,GY-303,GY,2026-04-05,21,2026-05-05,0,cross_regime_pre2026_to_post2026,hist_gradient_boosting,0.24450201182828746
separacion:4109,2026-0002890,MT-A57,MT,2026-04-05,21,2026-05-05,0,cross_regime_pre2026_to_post2026,hist_gradient_boosting,0.03880431758716304
separacion:4117,2026-0002964,FX-901,FX,2026-04-05,21,2026-05-05,1,cross_regime_pre2026_to_post2026,hist_gradient_boosting,0.249658799274104
separacion:4145,2026-0003084,MD-2301,MD,2026-04-05,14,2026-05-05,0,cross_regime_pre2026_to_post2026,hist_gradient_boosting,0.10580909294745788
separacion:4148,2026-0003118,GY-43,GY,2026-04-05,14,2026-05-05,0,cross_regime_pre2026_to_post2026,hist_gradient_boosting,0.023467961158476998
separacion:4150,2026-0003125,NP-A1304,NP,2026-04-05,14,2026-05-05,0,cross_regime_pre2026_to_post2026,hist_gradient_boosting,0.1438388164083998
separacion:3865,2026-0000164,MD-E38,MD,2026-04-06,90,2026-05-06,0,cross_regime_pre2026_to_post2026,hist_gradient_boosting,0.04219990747349799
separacion:4080,2026-0002276,GY-1602,GY,2026-04-06,30,2026-05-06,1,cross_regime_pre2026_to_post2026,hist_gradient_boosting,0.3632282228380606
separacion:4153,2026-0003145,GY-27,GY,2026-04-06,14,2026-05-06,0,cross_regime_pre2026_to_post2026,hist_gradient_boosting,0.014501621576835516
separacion:4156,2026-0003166,FX-1001,FX,2026-04-06,14,2026-05-06,0,cross_regime_pre2026_to_post2026,hist_gradient_boosting,0.03238530777527748
separacion:4202,2026-0003313,NP-A2203,NP,2026-04-06,7,2026-05-06,0,cross_regime_pre2026_to_post2026,hist_gradient_boosting,0.028804123315234038
separacion:4203,2026-0003315,NP-A2204,NP,2026-04-06,7,2026-05-06,0,cross_regime_pre2026_to_post2026,hist_gradient_boosting,0.028804123315234038
separacion:4210,2026-0003409,SL-E4,SL,2026-04-06,0,2026-05-06,0,cross_regime_pre2026_to_post2026,hist_gradient_boosting,0.004712624224698163
separacion:4213,2026-0003412,MT-A54,MT,2026-04-06,0,2026-05-06,0,cross_regime_pre2026_to_post2026,hist_gradient_boosting,0.00680503079268406
separacion:4214,2026-0003419,GY-8,GY,2026-04-06,0,2026-05-06,1,cross_regime_pre2026_to_post2026,hist_gradient_boosting,0.0166173336541885
separacion:4216,2026-0003420,CP-E87,CP,2026-04-06,0,2026-05-06,0,cross_regime_pre2026_to_post2026,hist_gradient_boosting,0.00938271693405447
separacion:3922,2026-0000826,MD-E43,MD,2026-04-07,75,2026-05-07,0,cross_regime_pre2026_to_post2026,hist_gradient_boosting,0.0376448089985054
separacion:3923,2026-0000825,MD-E36,MD,2026-04-07,75,2026-05-07,0,cross_regime_pre2026_to_post2026,hist_gradient_boosting,0.0376448089985054
separacion:3983,2026-0001402,SL-E8,SL,2026-04-07,60,2026-05-07,0,cross_regime_pre2026_to_post2026,hist_gradient_boosting,0.009251931795311108
separacion:4122,2026-0002991,GY-D7,GY,2026-04-07,21,2026-05-07,0,cross_regime_pre2026_to_post2026,hist_gradient_boosting,0.018501699192207725
separacion:4158,2026-0003168,EEUU-501,EEUU,2026-04-07,14,2026-05-07,0,cross_regime_pre2026_to_post2026,hist_gradient_boosting,0.12017381357271904
separacion:4163,2026-0003190,MD-E18,MD,2026-04-07,14,2026-05-07,0,cross_regime_pre2026_to_post2026,hist_gradient_boosting,0.01847516712434181
separacion:4207,2026-0003353,FX-1203,FX,2026-04-07,7,2026-05-07,0,cross_regime_pre2026_to_post2026,hist_gradient_boosting,0.029319921192890418
separacion:4217,2026-0003401,NP-A2110,NP,2026-04-07,0,2026-05-07,0,cross_regime_pre2026_to_post2026,hist_gradient_boosting,0.04019092900666373
separacion:4273,2026-0003451,CP-B1008,CP,2026-04-07,0,2026-05-07,0,cross_regime_pre2026_to_post2026,hist_gradient_boosting,0.053697678083373133
separacion:3931,2026-0000856,MT-A23,MT,2026-04-08,75,2026-05-08,0,cross_regime_pre2026_to_post2026,hist_gradient_boosting,0.010893459057450079
separacion:3989,2026-0001432,EEUU-D15,EEUU,2026-04-08,60,2026-05-08,0,cross_regime_pre2026_to_post2026,hist_gradient_boosting,0.02054034971508759
separacion:4130,2026-0003010,SL-1001,SL,2026-04-08,21,2026-05-08,1,cross_regime_pre2026_to_post2026,hist_gradient_boosting,0.07770342257066336
separacion:4131,2026-0003014,EEUU-E50,EEUU,2026-04-08,21,2026-05-08,0,cross_regime_pre2026_to_post2026,hist_gradient_boosting,0.015763762959843934
separacion:4164,2026-0003197,NP-A-E19,NP,2026-04-08,14,2026-05-08,0,cross_regime_pre2026_to_post2026,hist_gradient_boosting,0.007937193237061047
separacion:4287,2026-0003479,NP-A1704,NP,2026-04-08,0,2026-05-08,0,cross_regime_pre2026_to_post2026,hist_gradient_boosting,0.04412697463892779
separacion:4040,2026-0001859,TZ-17,TZ,2026-04-09,45,2026-05-09,0,cross_regime_pre2026_to_post2026,hist_gradient_boosting,0.022612345648725798
separacion:4136,2026-0003041,MT-A04,MT,2026-04-09,21,2026-05-09,0,cross_regime_pre2026_to_post2026,hist_gradient_boosting,0.00515702799322966
separacion:4166,2026-0003221,CP-E52,CP,2026-04-09,14,2026-05-09,0,cross_regime_pre2026_to_post2026,hist_gradient_boosting,0.011154408376009397
separacion:4288,2026-0003484,MT-A27,MT,2026-04-09,0,2026-05-09,0,cross_regime_pre2026_to_post2026,hist_gradient_boosting,0.0039330687949688
separacion:4290,2026-0003499,MT-A45,MT,2026-04-09,0,2026-05-09,0,cross_regime_pre2026_to_post2026,hist_gradient_boosting,0.0039330687949688
separacion:4044,2026-0001915,SL-1405,SL,2026-04-10,45,2026-05-10,0,cross_regime_pre2026_to_post2026,hist_gradient_boosting,0.21875405228328468
separacion:4045,2026-0001919,FX-E24,FX,2026-04-10,45,2026-05-10,1,cross_regime_pre2026_to_post2026,hist_gradient_boosting,0.036192977809060826
separacion:4140,2026-0003067,GY-14,GY,2026-04-10,21,2026-05-10,0,cross_regime_pre2026_to_post2026,hist_gradient_boosting,0.026149235090844207
separacion:4191,2026-0003242,NP-A2005,NP,2026-04-10,14,2026-05-10,0,cross_regime_pre2026_to_post2026,hist_gradient_boosting,0.24300698412425017
separacion:4295,2026-0003502,SL-E7,SL,2026-04-10,0,2026-05-10,0,cross_regime_pre2026_to_post2026,hist_gradient_boosting,0.0071532881142246756
separacion:3950,2026-0001016,MD-E21,MD,2026-04-11,75,2026-05-11,0,cross_regime_pre2026_to_post2026,hist_gradient_boosting,0.0382175639432402
separacion:4050,2026-0001938,FX-1301,FX,2026-04-11,45,2026-05-11,1,cross_regime_pre2026_to_post2026,hist_gradient_boosting,0.19801648289385995
separacion:4088,2026-0002498,NP-A1601,NP,2026-04-11,30,2026-05-11,0,cross_regime_pre2026_to_post2026,hist_gradient_boosting,0.2582406249046064
separacion:4089,2026-0002499,NP-A1603,NP,2026-04-11,30,2026-05-11,0,cross_regime_pre2026_to_post2026,hist_gradient_boosting,0.2582406249046064
separacion:4192,2026-0003243,CP-B1306,CP,2026-04-11,14,2026-05-11,0,cross_regime_pre2026_to_post2026,hist_gradient_boosting,0.32183250435564903
separacion:4193,2026-0003246,NP-A-E138,NP,2026-04-11,14,2026-05-11,0,cross_regime_pre2026_to_post2026,hist_gradient_boosting,0.014107722388517258
separacion:4209,2026-0003385,NP-A2710,NP,2026-04-11,7,2026-05-11,0,cross_regime_pre2026_to_post2026,hist_gradient_boosting,0.06082389250888004
separacion:4297,2026-0003545,SL-1403,SL,2026-04-11,0,2026-05-11,0,cross_regime_pre2026_to_post2026,hist_gradient_boosting,0.02236192802642235
separacion:4091,2026-0002513,SL-702,SL,2026-04-12,30,2026-05-12,1,cross_regime_pre2026_to_post2026,hist_gradient_boosting,0.3218072228162515
separacion:4093,2026-0002593,NP-A2403,NP,2026-04-12,30,2026-05-12,0,cross_regime_pre2026_to_post2026,hist_gradient_boosting,0.2604987583395042
separacion:4145,2026-0003084,MD-2301,MD,2026-04-12,21,2026-05-12,0,cross_regime_pre2026_to_post2026,hist_gradient_boosting,0.14519704225456712
separacion:4148,2026-0003118,GY-43,GY,2026-04-12,21,2026-05-12,0,cross_regime_pre2026_to_post2026,hist_gradient_boosting,0.03610382788078007
separacion:4150,2026-0003125,NP-A1304,NP,2026-04-12,21,2026-05-12,0,cross_regime_pre2026_to_post2026,hist_gradient_boosting,0.24892444373847264
separacion:3954,2026-0001053,MT-A58,MT,2026-04-13,75,2026-05-13,0,cross_regime_pre2026_to_post2026,hist_gradient_boosting,0.011826005147288586
separacion:3956,2026-0001082,EEUU-D13,EEUU,2026-04-13,75,2026-05-13,0,cross_regime_pre2026_to_post2026,hist_gradient_boosting,0.02355791118367546
separacion:4106,2026-0002781,FX-E16,FX,2026-04-13,30,2026-05-13,0,cross_regime_pre2026_to_post2026,hist_gradient_boosting,0.04282765589163587
separacion:4153,2026-0003145,GY-27,GY,2026-04-13,21,2026-05-13,0,cross_regime_pre2026_to_post2026,hist_gradient_boosting,0.02242057955740235
separacion:4156,2026-0003166,FX-1001,FX,2026-04-13,21,2026-05-13,0,cross_regime_pre2026_to_post2026,hist_gradient_boosting,0.04957877929020016
separacion:4202,2026-0003313,NP-A2203,NP,2026-04-13,14,2026-05-13,0,cross_regime_pre2026_to_post2026,hist_gradient_boosting,0.05646057466386949
separacion:4203,2026-0003315,NP-A2204,NP,2026-04-13,14,2026-05-13,0,cross_regime_pre2026_to_post2026,hist_gradient_boosting,0.05646057466386949
separacion:4210,2026-0003409,SL-E4,SL,2026-04-13,7,2026-05-13,0,cross_regime_pre2026_to_post2026,hist_gradient_boosting,0.006179442897107778
separacion:4213,2026-0003412,MT-A54,MT,2026-04-13,7,2026-05-13,0,cross_regime_pre2026_to_post2026,hist_gradient_boosting,0.006925515197475089
separacion:4216,2026-0003420,CP-E87,CP,2026-04-13,7,2026-05-13,0,cross_regime_pre2026_to_post2026,hist_gradient_boosting,0.010195330923358387
separacion:4298,2026-0003517,NP-A2310,NP,2026-04-13,0,2026-05-13,0,cross_regime_pre2026_to_post2026,hist_gradient_boosting,0.024391750319852586
separacion:4299,2026-0003613,NP-A701,NP,2026-04-13,0,2026-05-13,1,cross_regime_pre2026_to_post2026,hist_gradient_boosting,0.024315853059012286
separacion:4002,2026-0001591,MT-A09,MT,2026-04-14,60,2026-05-14,0,cross_regime_pre2026_to_post2026,hist_gradient_boosting,0.014243362643985425
separacion:4107,2026-0002813,GY-303,GY,2026-04-14,30,2026-05-14,0,cross_regime_pre2026_to_post2026,hist_gradient_boosting,0.336305772580008
separacion:4109,2026-0002890,MT-A57,MT,2026-04-14,30,2026-05-14,0,cross_regime_pre2026_to_post2026,hist_gradient_boosting,0.028632588672381592
separacion:4158,2026-0003168,EEUU-501,EEUU,2026-04-14,21,2026-05-14,0,cross_regime_pre2026_to_post2026,hist_gradient_boosting,0.1601445811990573
separacion:4163,2026-0003190,MD-E18,MD,2026-04-14,21,2026-05-14,0,cross_regime_pre2026_to_post2026,hist_gradient_boosting,0.0285012214788109
separacion:4273,2026-0003451,CP-B1008,CP,2026-04-14,7,2026-05-14,0,cross_regime_pre2026_to_post2026,hist_gradient_boosting,0.054106943343209646
separacion:4300,2026-0003625,FX-1601,FX,2026-04-14,0,2026-05-14,0,cross_regime_pre2026_to_post2026,hist_gradient_boosting,0.02666727834052311
separacion:4301,2026-0003630,NP-A-E08,NP,2026-04-14,0,2026-05-14,0,cross_regime_pre2026_to_post2026,hist_gradient_boosting,0.007786852665709023
separacion:4304,2026-0003643,NP-A1701,NP,2026-04-14,0,2026-05-14,0,cross_regime_pre2026_to_post2026,hist_gradient_boosting,0.04018768208563489
separacion:4006,2026-0001533,SL-1305,SL,2026-04-15,60,2026-05-15,1,cross_regime_pre2026_to_post2026,hist_gradient_boosting,0.11020771822952201
separacion:4164,2026-0003197,NP-A-E19,NP,2026-04-15,21,2026-05-15,0,cross_regime_pre2026_to_post2026,hist_gradient_boosting,0.01174253381019359
separacion:4287,2026-0003479,NP-A1704,NP,2026-04-15,7,2026-05-15,0,cross_regime_pre2026_to_post2026,hist_gradient_boosting,0.04965316721106185
separacion:3890,2026-0000526,MD-E58,MD,2026-04-16,90,2026-05-16,0,cross_regime_pre2026_to_post2026,hist_gradient_boosting,0.020665881468583648
separacion:4122,2026-0002991,GY-D7,GY,2026-04-16,30,2026-05-16,0,cross_regime_pre2026_to_post2026,hist_gradient_boosting,0.010909871411691184
separacion:4166,2026-0003221,CP-E52,CP,2026-04-16,21,2026-05-16,0,cross_regime_pre2026_to_post2026,hist_gradient_boosting,0.017277585501224782
separacion:4288,2026-0003484,MT-A27,MT,2026-04-16,7,2026-05-16,0,cross_regime_pre2026_to_post2026,hist_gradient_boosting,0.003440366697339371
separacion:4290,2026-0003499,MT-A45,MT,2026-04-16,7,2026-05-16,0,cross_regime_pre2026_to_post2026,hist_gradient_boosting,0.003440366697339371
separacion:3968,2026-0001236,NP-A-E61,NP,2026-04-17,75,2026-05-17,0,cross_regime_pre2026_to_post2026,hist_gradient_boosting,0.024162131652255666
separacion:3970,2026-0001264,MD-E22,MD,2026-04-17,75,2026-05-17,0,cross_regime_pre2026_to_post2026,hist_gradient_boosting,0.04274731956414733
separacion:4130,2026-0003010,SL-1001,SL,2026-04-17,30,2026-05-17,1,cross_regime_pre2026_to_post2026,hist_gradient_boosting,0.2588020594590831
separacion:4131,2026-0003014,EEUU-E50,EEUU,2026-04-17,30,2026-05-17,0,cross_regime_pre2026_to_post2026,hist_gradient_boosting,0.030696309641841963
separacion:4191,2026-0003242,NP-A2005,NP,2026-04-17,21,2026-05-17,0,cross_regime_pre2026_to_post2026,hist_gradient_boosting,0.3642216838122247
separacion:4295,2026-0003502,SL-E7,SL,2026-04-17,7,2026-05-17,0,cross_regime_pre2026_to_post2026,hist_gradient_boosting,0.014270344970715748
separacion:4014,2026-0001698,EEUU-E48,EEUU,2026-04-18,60,2026-05-18,0,cross_regime_pre2026_to_post2026,hist_gradient_boosting,0.019604741065163706
separacion:4136,2026-0003041,MT-A04,MT,2026-04-18,30,2026-05-18,0,cross_regime_pre2026_to_post2026,hist_gradient_boosting,0.022033830648065304
separacion:4192,2026-0003243,CP-B1306,CP,2026-04-18,21,2026-05-18,0,cross_regime_pre2026_to_post2026,hist_gradient_boosting,0.4562426344944445
separacion:4193,2026-0003246,NP-A-E138,NP,2026-04-18,21,2026-05-18,0,cross_regime_pre2026_to_post2026,hist_gradient_boosting,0.027139441969634207
separacion:4209,2026-0003385,NP-A2710,NP,2026-04-18,14,2026-05-18,0,cross_regime_pre2026_to_post2026,hist_gradient_boosting,0.14239722169976868
separacion:4297,2026-0003545,SL-1403,SL,2026-04-18,7,2026-05-18,0,cross_regime_pre2026_to_post2026,hist_gradient_boosting,0.06424572488013423
separacion:4332,2026-0003701,TZ-201,TZ,2026-04-18,0,2026-05-18,0,cross_regime_pre2026_to_post2026,hist_gradient_boosting,0.08173392606314246
separacion:4333,2026-0003716,GY-1301,GY,2026-04-18,0,2026-05-18,0,cross_regime_pre2026_to_post2026,hist_gradient_boosting,0.0517423442353729
separacion:4334,2026-0003726,SL-307,SL,2026-04-18,0,2026-05-18,0,cross_regime_pre2026_to_post2026,hist_gradient_boosting,0.02236192802642235
separacion:3904,2026-0000701,EEUU-E14,EEUU,2026-04-19,90,2026-05-19,0,cross_regime_pre2026_to_post2026,hist_gradient_boosting,0.017679584404103117
separacion:3974,2026-0001297,GY-25,GY,2026-04-19,75,2026-05-19,0,cross_regime_pre2026_to_post2026,hist_gradient_boosting,0.020109974625141504
separacion:3976,2026-0001320,GY-21,GY,2026-04-19,75,2026-05-19,0,cross_regime_pre2026_to_post2026,hist_gradient_boosting,0.020109974625141504
separacion:4140,2026-0003067,GY-14,GY,2026-04-19,30,2026-05-19,0,cross_regime_pre2026_to_post2026,hist_gradient_boosting,0.038998739772889604
separacion:3909,2026-0000732,EEUU-D16,EEUU,2026-04-20,90,2026-05-20,0,cross_regime_pre2026_to_post2026,hist_gradient_boosting,0.023468829424843966
separacion:4026,2026-0001742,CP-E27,CP,2026-04-20,60,2026-05-20,0,cross_regime_pre2026_to_post2026,hist_gradient_boosting,0.026405008903896403
separacion:4202,2026-0003313,NP-A2203,NP,2026-04-20,21,2026-05-20,0,cross_regime_pre2026_to_post2026,hist_gradient_boosting,0.0859475819798564
separacion:4203,2026-0003315,NP-A2204,NP,2026-04-20,21,2026-05-20,0,cross_regime_pre2026_to_post2026,hist_gradient_boosting,0.0859475819798564
separacion:4210,2026-0003409,SL-E4,SL,2026-04-20,14,2026-05-20,0,cross_regime_pre2026_to_post2026,hist_gradient_boosting,0.0065168083832002795
separacion:4213,2026-0003412,MT-A54,MT,2026-04-20,14,2026-05-20,0,cross_regime_pre2026_to_post2026,hist_gradient_boosting,0.0065546244255939076
separacion:4216,2026-0003420,CP-E87,CP,2026-04-20,14,2026-05-20,0,cross_regime_pre2026_to_post2026,hist_gradient_boosting,0.013206066453270384
separacion:4299,2026-0003613,NP-A701,NP,2026-04-20,7,2026-05-20,1,cross_regime_pre2026_to_post2026,hist_gradient_boosting,0.028804123315234038
separacion:4335,2026-0003784,NP-A1001,NP,2026-04-20,0,2026-05-20,0,cross_regime_pre2026_to_post2026,hist_gradient_boosting,0.024315853059012286
separacion:4145,2026-0003084,MD-2301,MD,2026-04-21,30,2026-05-21,0,cross_regime_pre2026_to_post2026,hist_gradient_boosting,0.13428105208969424
separacion:4148,2026-0003118,GY-43,GY,2026-04-21,30,2026-05-21,0,cross_regime_pre2026_to_post2026,hist_gradient_boosting,0.034480103893874056
separacion:4150,2026-0003125,NP-A1304,NP,2026-04-21,30,2026-05-21,1,cross_regime_pre2026_to_post2026,hist_gradient_boosting,0.1856871285377942
separacion:4300,2026-0003625,FX-1601,FX,2026-04-21,7,2026-05-21,0,cross_regime_pre2026_to_post2026,hist_gradient_boosting,0.029319921192890418
separacion:4301,2026-0003630,NP-A-E08,NP,2026-04-21,7,2026-05-21,0,cross_regime_pre2026_to_post2026,hist_gradient_boosting,0.008582961701329743
separacion:4304,2026-0003643,NP-A1701,NP,2026-04-21,7,2026-05-21,0,cross_regime_pre2026_to_post2026,hist_gradient_boosting,0.044148978890503066
separacion:4336,2026-0003787,FX-603,FX,2026-04-21,0,2026-05-21,1,cross_regime_pre2026_to_post2026,hist_gradient_boosting,0.027606199872662798
separacion:4337,2026-0003807,CP-E60,CP,2026-04-21,0,2026-05-21,0,cross_regime_pre2026_to_post2026,hist_gradient_boosting,0.010146184329327707
separacion:3922,2026-0000826,MD-E43,MD,2026-04-22,90,2026-05-22,0,cross_regime_pre2026_to_post2026,hist_gradient_boosting,0.03441495788529267
separacion:3923,2026-0000825,MD-E36,MD,2026-04-22,90,2026-05-22,0,cross_regime_pre2026_to_post2026,hist_gradient_boosting,0.03441495788529267
separacion:3983,2026-0001402,SL-E8,SL,2026-04-22,75,2026-05-22,0,cross_regime_pre2026_to_post2026,hist_gradient_boosting,0.0070722138750804785
separacion:4153,2026-0003145,GY-27,GY,2026-04-22,30,2026-05-22,0,cross_regime_pre2026_to_post2026,hist_gradient_boosting,0.029640391738640505
separacion:4287,2026-0003479,NP-A1704,NP,2026-04-22,14,2026-05-22,0,cross_regime_pre2026_to_post2026,hist_gradient_boosting,0.08483304850458283
separacion:4338,2026-0003832,NP-A1201,NP,2026-04-22,0,2026-05-22,0,cross_regime_pre2026_to_post2026,hist_gradient_boosting,0.04412697463892779
separacion:4341,2026-0003845,FX-502,FX,2026-04-22,0,2026-05-22,0,cross_regime_pre2026_to_post2026,hist_gradient_boosting,0.02548295723114367
separacion:4342,2026-0003842,FX-702,FX,2026-04-22,0,2026-05-22,0,cross_regime_pre2026_to_post2026,hist_gradient_boosting,0.02548295723114367
separacion:4343,2026-0003846,FX-E43,FX,2026-04-22,0,2026-05-22,0,cross_regime_pre2026_to_post2026,hist_gradient_boosting,0.009941071394229716
separacion:4345,2026-0003857,GY-801,GY,2026-04-22,0,2026-05-22,0,cross_regime_pre2026_to_post2026,hist_gradient_boosting,0.11698034743908681
separacion:4346,2026-0003858,NP-A2401,NP,2026-04-22,0,2026-05-22,0,cross_regime_pre2026_to_post2026,hist_gradient_boosting,0.04412697463892779
separacion:3931,2026-0000856,MT-A23,MT,2026-04-23,90,2026-05-23,0,cross_regime_pre2026_to_post2026,hist_gradient_boosting,0.007559049297313404
separacion:3989,2026-0001432,EEUU-D15,EEUU,2026-04-23,75,2026-05-23,0,cross_regime_pre2026_to_post2026,hist_gradient_boosting,0.014353358645747197
separacion:4163,2026-0003190,MD-E18,MD,2026-04-23,30,2026-05-23,0,cross_regime_pre2026_to_post2026,hist_gradient_boosting,0.01854262005776505
separacion:4288,2026-0003484,MT-A27,MT,2026-04-23,14,2026-05-23,0,cross_regime_pre2026_to_post2026,hist_gradient_boosting,0.003424194281352822
separacion:4290,2026-0003499,MT-A45,MT,2026-04-23,14,2026-05-23,0,cross_regime_pre2026_to_post2026,hist_gradient_boosting,0.003424194281352822
separacion:4352,2026-0003901,EEUU-503,EEUU,2026-04-23,0,2026-05-23,0,cross_regime_pre2026_to_post2026,hist_gradient_boosting,0.08766268727476409
separacion:4040,2026-0001859,TZ-17,TZ,2026-04-24,60,2026-05-24,0,cross_regime_pre2026_to_post2026,hist_gradient_boosting,0.05888171406237836
separacion:4164,2026-0003197,NP-A-E19,NP,2026-04-24,30,2026-05-24,0,cross_regime_pre2026_to_post2026,hist_gradient_boosting,0.03453579979896364
separacion:4295,2026-0003502,SL-E7,SL,2026-04-24,14,2026-05-24,0,cross_regime_pre2026_to_post2026,hist_gradient_boosting,0.018394721238929157
separacion:4355,2026-0003914,NP-A2407,NP,2026-04-24,0,2026-05-24,0,cross_regime_pre2026_to_post2026,hist_gradient_boosting,0.06496650247512727
separacion:4363,2026-0003941,GY-33,GY,2026-04-24,0,2026-05-24,0,cross_regime_pre2026_to_post2026,hist_gradient_boosting,0.01138081918122643
separacion:4045,2026-0001919,FX-E24,FX,2026-04-25,60,2026-05-25,1,cross_regime_pre2026_to_post2026,hist_gradient_boosting,0.03643334126543479
separacion:4166,2026-0003221,CP-E52,CP,2026-04-25,30,2026-05-25,0,cross_regime_pre2026_to_post2026,hist_gradient_boosting,0.04237833225566321
separacion:4209,2026-0003385,NP-A2710,NP,2026-04-25,21,2026-05-25,0,cross_regime_pre2026_to_post2026,hist_gradient_boosting,0.24673316668734901
separacion:4297,2026-0003545,SL-1403,SL,2026-04-25,14,2026-05-25,0,cross_regime_pre2026_to_post2026,hist_gradient_boosting,0.20125597034202594
separacion:4332,2026-0003701,TZ-201,TZ,2026-04-25,7,2026-05-25,0,cross_regime_pre2026_to_post2026,hist_gradient_boosting,0.1196926922181405
separacion:4334,2026-0003726,SL-307,SL,2026-04-25,7,2026-05-25,0,cross_regime_pre2026_to_post2026,hist_gradient_boosting,0.06424572488013423
separacion:4364,2026-0003960,SL-1306,SL,2026-04-25,0,2026-05-25,0,cross_regime_pre2026_to_post2026,hist_gradient_boosting,0.02236192802642235
separacion:4365,2026-0003981,TZ-19,TZ,2026-04-25,0,2026-05-25,0,cross_regime_pre2026_to_post2026,hist_gradient_boosting,0.013803837394189474
separacion:3950,2026-0001016,MD-E21,MD,2026-04-26,90,2026-05-26,0,cross_regime_pre2026_to_post2026,hist_gradient_boosting,0.046116733573133555
separacion:4050,2026-0001938,FX-1301,FX,2026-04-26,60,2026-05-26,1,cross_regime_pre2026_to_post2026,hist_gradient_boosting,0.15863000677151604
separacion:4088,2026-0002498,NP-A1601,NP,2026-04-26,45,2026-05-26,0,cross_regime_pre2026_to_post2026,hist_gradient_boosting,0.2557166214679672
separacion:4089,2026-0002499,NP-A1603,NP,2026-04-26,45,2026-05-26,0,cross_regime_pre2026_to_post2026,hist_gradient_boosting,0.2557166214679672
separacion:4191,2026-0003242,NP-A2005,NP,2026-04-26,30,2026-05-26,0,cross_regime_pre2026_to_post2026,hist_gradient_boosting,0.2604987583395042
separacion:4366,2026-0004062,NP-A2306,NP,2026-04-26,0,2026-05-26,0,cross_regime_pre2026_to_post2026,hist_gradient_boosting,0.04517670530333605
separacion:4091,2026-0002513,SL-702,SL,2026-04-27,45,2026-05-27,1,cross_regime_pre2026_to_post2026,hist_gradient_boosting,0.10465861533132076
separacion:4192,2026-0003243,CP-B1306,CP,2026-04-27,30,2026-05-27,0,cross_regime_pre2026_to_post2026,hist_gradient_boosting,0.5603755886674232
separacion:4193,2026-0003246,NP-A-E138,NP,2026-04-27,30,2026-05-27,0,cross_regime_pre2026_to_post2026,hist_gradient_boosting,0.020941461362997158
separacion:4210,2026-0003409,SL-E4,SL,2026-04-27,21,2026-05-27,0,cross_regime_pre2026_to_post2026,hist_gradient_boosting,0.010120244391393753
separacion:4213,2026-0003412,MT-A54,MT,2026-04-27,21,2026-05-27,0,cross_regime_pre2026_to_post2026,hist_gradient_boosting,0.009855963579808032
separacion:4216,2026-0003420,CP-E87,CP,2026-04-27,21,2026-05-27,0,cross_regime_pre2026_to_post2026,hist_gradient_boosting,0.020432223382747666
separacion:4367,2026-0004067,TZ-50,TZ,2026-04-27,0,2026-05-27,0,cross_regime_pre2026_to_post2026,hist_gradient_boosting,0.0184857016038569
separacion:4368,2026-0004009,MT-A901,MT,2026-04-27,0,2026-05-27,0,cross_regime_pre2026_to_post2026,hist_gradient_boosting,0.017812523515078643
separacion:3954,2026-0001053,MT-A58,MT,2026-04-28,90,2026-05-28,0,cross_regime_pre2026_to_post2026,hist_gradient_boosting,0.010972075009483178
separacion:3956,2026-0001082,EEUU-D13,EEUU,2026-04-28,90,2026-05-28,0,cross_regime_pre2026_to_post2026,hist_gradient_boosting,0.020987754354118614
separacion:4106,2026-0002781,FX-E16,FX,2026-04-28,45,2026-05-28,0,cross_regime_pre2026_to_post2026,hist_gradient_boosting,0.03240274907183083
separacion:4300,2026-0003625,FX-1601,FX,2026-04-28,14,2026-05-28,0,cross_regime_pre2026_to_post2026,hist_gradient_boosting,0.03864801506518649
separacion:4301,2026-0003630,NP-A-E08,NP,2026-04-28,14,2026-05-28,0,cross_regime_pre2026_to_post2026,hist_gradient_boosting,0.011258720458872325
separacion:4336,2026-0003787,FX-603,FX,2026-04-28,7,2026-05-28,1,cross_regime_pre2026_to_post2026,hist_gradient_boosting,0.025251174104850987
separacion:4337,2026-0003807,CP-E60,CP,2026-04-28,7,2026-05-28,0,cross_regime_pre2026_to_post2026,hist_gradient_boosting,0.010227102422958339
separacion:4370,2026-0004112,NP-A-E06,NP,2026-04-28,0,2026-05-28,0,cross_regime_pre2026_to_post2026,hist_gradient_boosting,0.007812573154080484
separacion:4002,2026-0001591,MT-A09,MT,2026-04-29,75,2026-05-29,0,cross_regime_pre2026_to_post2026,hist_gradient_boosting,0.010893459057450079
separacion:4107,2026-0002813,GY-303,GY,2026-04-29,45,2026-05-29,0,cross_regime_pre2026_to_post2026,hist_gradient_boosting,0.29904912548072865
separacion:4109,2026-0002890,MT-A57,MT,2026-04-29,45,2026-05-29,1,cross_regime_pre2026_to_post2026,hist_gradient_boosting,0.024070231939514117
separacion:4202,2026-0003313,NP-A2203,NP,2026-04-29,30,2026-05-29,0,cross_regime_pre2026_to_post2026,hist_gradient_boosting,0.17283883381330659
separacion:4203,2026-0003315,NP-A2204,NP,2026-04-29,30,2026-05-29,0,cross_regime_pre2026_to_post2026,hist_gradient_boosting,0.17283883381330659
separacion:4343,2026-0003846,FX-E43,FX,2026-04-29,7,2026-05-29,0,cross_regime_pre2026_to_post2026,hist_gradient_boosting,0.01150881927063189
separacion:4345,2026-0003857,GY-801,GY,2026-04-29,7,2026-05-29,0,cross_regime_pre2026_to_post2026,hist_gradient_boosting,0.11554017321740835
separacion:4371,2026-0004020,NP-A1801,NP,2026-04-29,0,2026-05-29,0,cross_regime_pre2026_to_post2026,hist_gradient_boosting,0.036480385407962494
separacion:4377,2026-0004146,CP-B1108,CP,2026-04-29,0,2026-05-29,0,cross_regime_pre2026_to_post2026,hist_gradient_boosting,0.059379461550471524
separacion:4288,2026-0003484,MT-A27,MT,2026-04-30,21,2026-05-30,0,cross_regime_pre2026_to_post2026,hist_gradient_boosting,0.00515702799322966
separacion:4290,2026-0003499,MT-A45,MT,2026-04-30,21,2026-05-30,0,cross_regime_pre2026_to_post2026,hist_gradient_boosting,0.00515702799322966
separacion:4352,2026-0003901,EEUU-503,EEUU,2026-04-30,7,2026-05-30,0,cross_regime_pre2026_to_post2026,hist_gradient_boosting,0.06862876848500175
separacion:4384,2026-0004153,CP-B705,CP,2026-04-30,0,2026-05-30,0,cross_regime_pre2026_to_post2026,hist_gradient_boosting,0.061827596375514375
separacion:4385,2026-0004150,GY-201,GY,2026-04-30,0,2026-05-30,0,cross_regime_pre2026_to_post2026,hist_gradient_boosting,0.043885826531997914
separacion:4122,2026-0002991,GY-D7,GY,2026-05-01,45,2026-05-31,0,cross_regime_pre2026_to_post2026,hist_gradient_boosting,0.0275463403437022
separacion:4295,2026-0003502,SL-E7,SL,2026-05-01,21,2026-05-31,0,cross_regime_pre2026_to_post2026,hist_gradient_boosting,0.02980362215631865
separacion:4363,2026-0003941,GY-33,GY,2026-05-01,7,2026-05-31,0,cross_regime_pre2026_to_post2026,hist_gradient_boosting,0.027445235478126582
separacion:4389,2026-0004188,SL-E1,SL,2026-05-01,0,2026-05-31,0,cross_regime_pre2026_to_post2026,hist_gradient_boosting,0.013887575549857105
separacion:4131,2026-0003014,EEUU-E50,EEUU,2026-05-02,45,2026-06-01,0,cross_regime_pre2026_to_post2026,hist_gradient_boosting,0.051123897190571276
separacion:4365,2026-0003981,TZ-19,TZ,2026-05-02,7,2026-06-01,0,cross_regime_pre2026_to_post2026,hist_gradient_boosting,0.04695186015305547
separacion:4393,2026-0004251,CP-B507,CP,2026-05-02,0,2026-06-01,0,cross_regime_pre2026_to_post2026,hist_gradient_boosting,0.2039355546862169
separacion:4394,2026-0004235,FX-304,FX,2026-05-02,0,2026-06-01,0,cross_regime_pre2026_to_post2026,hist_gradient_boosting,0.22035348858474169
separacion:4395,2026-0004267,GY-605,GY,2026-05-02,0,2026-06-01,0,cross_regime_pre2026_to_post2026,hist_gradient_boosting,0.20796002321807164
separacion:4553,2026-0005356,NP-A-E161,NP,2026-05-02,0,2026-06-01,0,cross_regime_pre2026_to_post2026,hist_gradient_boosting,0.021491693946244745
separacion:4014,2026-0001698,EEUU-E48,EEUU,2026-05-03,75,2026-06-02,0,cross_regime_pre2026_to_post2026,hist_gradient_boosting,0.04157915141535387
separacion:4136,2026-0003041,MT-A04,MT,2026-05-03,45,2026-06-02,0,cross_regime_pre2026_to_post2026,hist_gradient_boosting,0.06063288648462934
separacion:4366,2026-0004062,NP-A2306,NP,2026-05-03,7,2026-06-02,0,cross_regime_pre2026_to_post2026,hist_gradient_boosting,0.17505430099236283
separacion:4140,2026-0003067,GY-14,GY,2026-05-04,45,2026-06-03,0,cross_regime_pre2026_to_post2026,hist_gradient_boosting,0.08848341525829179
separacion:4367,2026-0004067,TZ-50,TZ,2026-05-04,7,2026-06-03,0,cross_regime_pre2026_to_post2026,hist_gradient_boosting,0.08636912386587764
separacion:4400,2026-0004310,NP-A-E134,NP,2026-05-04,0,2026-06-03,0,cross_regime_pre2026_to_post2026,hist_gradient_boosting,0.02146218094694986
separacion:4401,2026-0004311,MD-1901,MD,2026-05-04,0,2026-06-03,0,cross_regime_pre2026_to_post2026,hist_gradient_boosting,0.1981487930357464
separacion:4026,2026-0001742,CP-E27,CP,2026-05-05,75,2026-06-04,0,cross_regime_pre2026_to_post2026,hist_gradient_boosting,0.02954719805376687
separacion:4301,2026-0003630,NP-A-E08,NP,2026-05-05,21,2026-06-04,0,cross_regime_pre2026_to_post2026,hist_gradient_boosting,0.02709009834941444
separacion:4336,2026-0003787,FX-603,FX,2026-05-05,14,2026-06-04,1,cross_regime_pre2026_to_post2026,hist_gradient_boosting,0.13963934401367464
separacion:4337,2026-0003807,CP-E60,CP,2026-05-05,14,2026-06-04,0,cross_regime_pre2026_to_post2026,hist_gradient_boosting,0.0316940071854939
separacion:4370,2026-0004112,NP-A-E06,NP,2026-05-05,7,2026-06-04,0,cross_regime_pre2026_to_post2026,hist_gradient_boosting,0.018066097894108752
separacion:4402,2026-0004319,MD-1803,MD,2026-05-05,0,2026-06-04,0,cross_regime_pre2026_to_post2026,hist_gradient_boosting,0.2283953839142986
separacion:4403,2026-0004320,MD-E97,MD,2026-05-05,0,2026-06-04,0,cross_regime_pre2026_to_post2026,hist_gradient_boosting,0.044982349787820126
separacion:4405,2026-0004331,NP-A1501,NP,2026-05-05,0,2026-06-04,0,cross_regime_pre2026_to_post2026,hist_gradient_boosting,0.09836948288240333
separacion:4407,2026-0004338,NP-A2210,NP,2026-05-05,0,2026-06-04,0,cross_regime_pre2026_to_post2026,hist_gradient_boosting,0.09836948288240333
separacion:4148,2026-0003118,GY-43,GY,2026-05-06,45,2026-06-05,0,cross_regime_pre2026_to_post2026,hist_gradient_boosting,0.04232221354890738
separacion:4150,2026-0003125,NP-A1304,NP,2026-05-06,45,2026-06-05,1,cross_regime_pre2026_to_post2026,hist_gradient_boosting,0.21491382034713502
separacion:4210,2026-0003409,SL-E4,SL,2026-05-06,30,2026-06-05,0,cross_regime_pre2026_to_post2026,hist_gradient_boosting,0.014228516373794797
separacion:4213,2026-0003412,MT-A54,MT,2026-05-06,30,2026-06-05,0,cross_regime_pre2026_to_post2026,hist_gradient_boosting,0.02229418997794741
separacion:4216,2026-0003420,CP-E87,CP,2026-05-06,30,2026-06-05,0,cross_regime_pre2026_to_post2026,hist_gradient_boosting,0.029379093331278652
separacion:4343,2026-0003846,FX-E43,FX,2026-05-06,14,2026-06-05,0,cross_regime_pre2026_to_post2026,hist_gradient_boosting,0.028831793785208525
separacion:4345,2026-0003857,GY-801,GY,2026-05-06,14,2026-06-05,0,cross_regime_pre2026_to_post2026,hist_gradient_boosting,0.3787491606328043
separacion:4408,2026-0004330,SL-1308,SL,2026-05-06,0,2026-06-05,0,cross_regime_pre2026_to_post2026,hist_gradient_boosting,0.0928837616220181
separacion:4409,2026-0004351,SL-E47,SL,2026-05-06,0,2026-06-05,0,cross_regime_pre2026_to_post2026,hist_gradient_boosting,0.009956916898035345
separacion:4413,2026-0004374,MT-B24,MT,2026-05-06,0,2026-06-05,0,cross_regime_pre2026_to_post2026,hist_gradient_boosting,0.015502829390159104
separacion:4153,2026-0003145,GY-27,GY,2026-05-07,45,2026-06-06,0,cross_regime_pre2026_to_post2026,hist_gradient_boosting,0.0143473949525032
separacion:4352,2026-0003901,EEUU-503,EEUU,2026-05-07,14,2026-06-06,0,cross_regime_pre2026_to_post2026,hist_gradient_boosting,0.14775628568899563
separacion:4384,2026-0004153,CP-B705,CP,2026-05-07,7,2026-06-06,0,cross_regime_pre2026_to_post2026,hist_gradient_boosting,0.13303579571917418
separacion:4385,2026-0004150,GY-201,GY,2026-05-07,7,2026-06-06,0,cross_regime_pre2026_to_post2026,hist_gradient_boosting,0.09831289647135345
separacion:4415,2026-0004385,EEUU-1404,EEUU,2026-05-07,0,2026-06-06,0,cross_regime_pre2026_to_post2026,hist_gradient_boosting,0.2038809414499703
separacion:4416,2026-0004370,TZ-106,TZ,2026-05-07,0,2026-06-06,0,cross_regime_pre2026_to_post2026,hist_gradient_boosting,0.2065632704739551
separacion:4417,2026-0004387,FX-405,FX,2026-05-07,0,2026-06-06,0,cross_regime_pre2026_to_post2026,hist_gradient_boosting,0.08174096153826288
separacion:4163,2026-0003190,MD-E18,MD,2026-05-08,45,2026-06-07,0,cross_regime_pre2026_to_post2026,hist_gradient_boosting,0.04111123233369352
separacion:4363,2026-0003941,GY-33,GY,2026-05-08,14,2026-06-07,0,cross_regime_pre2026_to_post2026,hist_gradient_boosting,0.03079354131500273
separacion:4389,2026-0004188,SL-E1,SL,2026-05-08,7,2026-06-07,0,cross_regime_pre2026_to_post2026,hist_gradient_boosting,0.023147542801481846
separacion:4040,2026-0001859,TZ-17,TZ,2026-05-09,75,2026-06-08,0,cross_regime_pre2026_to_post2026,hist_gradient_boosting,0.06022718761867518
separacion:4164,2026-0003197,NP-A-E19,NP,2026-05-09,45,2026-06-08,0,cross_regime_pre2026_to_post2026,hist_gradient_boosting,0.044776849951781134
separacion:4288,2026-0003484,MT-A27,MT,2026-05-09,30,2026-06-08,0,cross_regime_pre2026_to_post2026,hist_gradient_boosting,0.04906168655165853
separacion:4290,2026-0003499,MT-A45,MT,2026-05-09,30,2026-06-08,0,cross_regime_pre2026_to_post2026,hist_gradient_boosting,0.04906168655165853
separacion:4365,2026-0003981,TZ-19,TZ,2026-05-09,14,2026-06-08,0,cross_regime_pre2026_to_post2026,hist_gradient_boosting,0.04856455169472315
separacion:4393,2026-0004251,CP-B507,CP,2026-05-09,7,2026-06-08,0,cross_regime_pre2026_to_post2026,hist_gradient_boosting,0.25882505807099704
separacion:4394,2026-0004235,FX-304,FX,2026-05-09,7,2026-06-08,0,cross_regime_pre2026_to_post2026,hist_gradient_boosting,0.2890809102899624
separacion:4395,2026-0004267,GY-605,GY,2026-05-09,7,2026-06-08,0,cross_regime_pre2026_to_post2026,hist_gradient_boosting,0.2635740766989899
separacion:4422,2026-0004435,NP-A1810,NP,2026-05-09,0,2026-06-08,0,cross_regime_pre2026_to_post2026,hist_gradient_boosting,0.15678979463402068
separacion:4423,2026-0004300,MT-B1303,MT,2026-05-09,0,2026-06-08,0,cross_regime_pre2026_to_post2026,hist_gradient_boosting,0.07940594640442146
separacion:4553,2026-0005356,NP-A-E161,NP,2026-05-09,7,2026-06-08,0,cross_regime_pre2026_to_post2026,hist_gradient_boosting,0.024969957740158387
separacion:4166,2026-0003221,CP-E52,CP,2026-05-10,45,2026-06-09,0,cross_regime_pre2026_to_post2026,hist_gradient_boosting,0.1171795324329519
separacion:4295,2026-0003502,SL-E7,SL,2026-05-10,30,2026-06-09,0,cross_regime_pre2026_to_post2026,hist_gradient_boosting,0.11293375827785936
separacion:4366,2026-0004062,NP-A2306,NP,2026-05-10,14,2026-06-09,0,cross_regime_pre2026_to_post2026,hist_gradient_boosting,0.31777360684547046
separacion:4424,2026-0004451,SL-903,SL,2026-05-10,0,2026-06-09,0,cross_regime_pre2026_to_post2026,hist_gradient_boosting,0.34066682990045366
separacion:4088,2026-0002498,NP-A1601,NP,2026-05-11,60,2026-06-10,0,cross_regime_pre2026_to_post2026,hist_gradient_boosting,0.28069522743077097
separacion:4089,2026-0002499,NP-A1603,NP,2026-05-11,60,2026-06-10,0,cross_regime_pre2026_to_post2026,hist_gradient_boosting,0.28069522743077097
separacion:4191,2026-0003242,NP-A2005,NP,2026-05-11,45,2026-06-10,0,cross_regime_pre2026_to_post2026,hist_gradient_boosting,0.34047089125683394
separacion:4367,2026-0004067,TZ-50,TZ,2026-05-11,14,2026-06-10,0,cross_regime_pre2026_to_post2026,hist_gradient_boosting,0.09303706416357466
separacion:4400,2026-0004310,NP-A-E134,NP,2026-05-11,7,2026-06-10,0,cross_regime_pre2026_to_post2026,hist_gradient_boosting,0.02046259930971326
separacion:4401,2026-0004311,MD-1901,MD,2026-05-11,7,2026-06-10,0,cross_regime_pre2026_to_post2026,hist_gradient_boosting,0.2080516740431471
separacion:4427,2026-0004436,SL-808,SL,2026-05-11,0,2026-06-10,0,cross_regime_pre2026_to_post2026,hist_gradient_boosting,0.014461527578848754
separacion:4192,2026-0003243,CP-B1306,CP,2026-05-12,45,2026-06-11,0,cross_regime_pre2026_to_post2026,hist_gradient_boosting,0.630403339754843
separacion:4193,2026-0003246,NP-A-E138,NP,2026-05-12,45,2026-06-11,0,cross_regime_pre2026_to_post2026,hist_gradient_boosting,0.034030577747606074
separacion:4337,2026-0003807,CP-E60,CP,2026-05-12,21,2026-06-11,0,cross_regime_pre2026_to_post2026,hist_gradient_boosting,0.0342317673493487
separacion:4370,2026-0004112,NP-A-E06,NP,2026-05-12,14,2026-06-11,0,cross_regime_pre2026_to_post2026,hist_gradient_boosting,0.016644656644819684
separacion:4402,2026-0004319,MD-1803,MD,2026-05-12,7,2026-06-11,0,cross_regime_pre2026_to_post2026,hist_gradient_boosting,0.22582202131016849
separacion:4403,2026-0004320,MD-E97,MD,2026-05-12,7,2026-06-11,0,cross_regime_pre2026_to_post2026,hist_gradient_boosting,0.04435672954299076
separacion:4407,2026-0004338,NP-A2210,NP,2026-05-12,7,2026-06-11,0,cross_regime_pre2026_to_post2026,hist_gradient_boosting,0.1006668953163719
separacion:4451,2026-0004523,NP-A-E154,NP,2026-05-12,0,2026-06-11,0,cross_regime_pre2026_to_post2026,hist_gradient_boosting,0.018950877221671256
separacion:4106,2026-0002781,FX-E16,FX,2026-05-13,60,2026-06-12,0,cross_regime_pre2026_to_post2026,hist_gradient_boosting,0.027907118949169845
separacion:4343,2026-0003846,FX-E43,FX,2026-05-13,21,2026-06-12,0,cross_regime_pre2026_to_post2026,hist_gradient_boosting,0.03114774669484814
separacion:4345,2026-0003857,GY-801,GY,2026-05-13,21,2026-06-12,0,cross_regime_pre2026_to_post2026,hist_gradient_boosting,0.3769655613743293
separacion:4408,2026-0004330,SL-1308,SL,2026-05-13,7,2026-06-12,0,cross_regime_pre2026_to_post2026,hist_gradient_boosting,0.1104899159386251
separacion:4409,2026-0004351,SL-E47,SL,2026-05-13,7,2026-06-12,0,cross_regime_pre2026_to_post2026,hist_gradient_boosting,0.01275411000708067
separacion:4413,2026-0004374,MT-B24,MT,2026-05-13,7,2026-06-12,0,cross_regime_pre2026_to_post2026,hist_gradient_boosting,0.01543625758245713
separacion:4452,2026-0004527,SL-207,SL,2026-05-13,0,2026-06-12,0,cross_regime_pre2026_to_post2026,hist_gradient_boosting,0.043073537114723316
separacion:4107,2026-0002813,GY-303,GY,2026-05-14,60,2026-06-13,0,cross_regime_pre2026_to_post2026,hist_gradient_boosting,0.12798225603804775
separacion:4109,2026-0002890,MT-A57,MT,2026-05-14,60,2026-06-13,1,cross_regime_pre2026_to_post2026,hist_gradient_boosting,0.01580745462147372
separacion:4202,2026-0003313,NP-A2203,NP,2026-05-14,45,2026-06-13,0,cross_regime_pre2026_to_post2026,hist_gradient_boosting,0.15995219178763154
separacion:4203,2026-0003315,NP-A2204,NP,2026-05-14,45,2026-06-13,0,cross_regime_pre2026_to_post2026,hist_gradient_boosting,0.15995219178763154
separacion:4301,2026-0003630,NP-A-E08,NP,2026-05-14,30,2026-06-13,0,cross_regime_pre2026_to_post2026,hist_gradient_boosting,0.016244806560720207
separacion:4352,2026-0003901,EEUU-503,EEUU,2026-05-14,21,2026-06-13,0,cross_regime_pre2026_to_post2026,hist_gradient_boosting,0.14195089009351922
separacion:4384,2026-0004153,CP-B705,CP,2026-05-14,14,2026-06-13,1,cross_regime_pre2026_to_post2026,hist_gradient_boosting,0.18739438196479735
separacion:4385,2026-0004150,GY-201,GY,2026-05-14,14,2026-06-13,0,cross_regime_pre2026_to_post2026,hist_gradient_boosting,0.14078764587218603
separacion:4415,2026-0004385,EEUU-1404,EEUU,2026-05-14,7,2026-06-13,0,cross_regime_pre2026_to_post2026,hist_gradient_boosting,0.15444534731696122
separacion:4455,2026-0004548,NP-A1901,NP,2026-05-14,0,2026-06-13,0,cross_regime_pre2026_to_post2026,hist_gradient_boosting,0.05763733361617086
separacion:4457,2026-0004561,MT-B28,MT,2026-05-14,0,2026-06-13,0,cross_regime_pre2026_to_post2026,hist_gradient_boosting,0.008693888577212058
separacion:4363,2026-0003941,GY-33,GY,2026-05-15,21,2026-06-14,0,cross_regime_pre2026_to_post2026,hist_gradient_boosting,0.033261677272898506
separacion:4389,2026-0004188,SL-E1,SL,2026-05-15,14,2026-06-14,0,cross_regime_pre2026_to_post2026,hist_gradient_boosting,0.027584764523657553
separacion:4463,2026-0004597,TZ-40,TZ,2026-05-15,0,2026-06-14,0,cross_regime_pre2026_to_post2026,hist_gradient_boosting,0.03131175465737207
separacion:4464,2026-0004616,TZ-43,TZ,2026-05-15,0,2026-06-14,0,cross_regime_pre2026_to_post2026,hist_gradient_boosting,0.03131175465737207
separacion:4122,2026-0002991,GY-D7,GY,2026-05-16,60,2026-06-15,0,cross_regime_pre2026_to_post2026,hist_gradient_boosting,0.06931012703111004
separacion:4365,2026-0003981,TZ-19,TZ,2026-05-16,21,2026-06-15,0,cross_regime_pre2026_to_post2026,hist_gradient_boosting,0.052380074694965265
separacion:4393,2026-0004251,CP-B507,CP,2026-05-16,14,2026-06-15,0,cross_regime_pre2026_to_post2026,hist_gradient_boosting,0.4139376186968658
separacion:4394,2026-0004235,FX-304,FX,2026-05-16,14,2026-06-15,0,cross_regime_pre2026_to_post2026,hist_gradient_boosting,0.3955565692654624
separacion:4422,2026-0004435,NP-A1810,NP,2026-05-16,7,2026-06-15,0,cross_regime_pre2026_to_post2026,hist_gradient_boosting,0.19770104786555798
separacion:4423,2026-0004300,MT-B1303,MT,2026-05-16,7,2026-06-15,0,cross_regime_pre2026_to_post2026,hist_gradient_boosting,0.11118996139524535
separacion:4466,2026-0004655,NP-A1506,NP,2026-05-16,0,2026-06-15,0,cross_regime_pre2026_to_post2026,hist_gradient_boosting,0.10387898513947373
separacion:4468,2026-0004668,EEUU-203,EEUU,2026-05-16,0,2026-06-15,1,cross_regime_pre2026_to_post2026,hist_gradient_boosting,0.3273806737011872
separacion:4471,2026-0004712,FX-402,FX,2026-05-16,0,2026-06-15,1,cross_regime_pre2026_to_post2026,hist_gradient_boosting,0.22035348858474169
separacion:4553,2026-0005356,NP-A-E161,NP,2026-05-16,14,2026-06-15,0,cross_regime_pre2026_to_post2026,hist_gradient_boosting,0.029889499602628707
separacion:4131,2026-0003014,EEUU-E50,EEUU,2026-05-17,60,2026-06-16,0,cross_regime_pre2026_to_post2026,hist_gradient_boosting,0.049867169263678984
separacion:4366,2026-0004062,NP-A2306,NP,2026-05-17,21,2026-06-16,0,cross_regime_pre2026_to_post2026,hist_gradient_boosting,0.403923055961649
separacion:4424,2026-0004451,SL-903,SL,2026-05-17,7,2026-06-16,0,cross_regime_pre2026_to_post2026,hist_gradient_boosting,0.514220418971366
separacion:4472,2026-0004699,SL-908,SL,2026-05-17,0,2026-06-16,0,cross_regime_pre2026_to_post2026,hist_gradient_boosting,0.34066682990045366
separacion:4473,2026-0004716,NP-A2707,NP,2026-05-17,0,2026-06-16,0,cross_regime_pre2026_to_post2026,hist_gradient_boosting,0.16595046374434969
separacion:4474,2026-0004773,SL-1006,SL,2026-05-17,0,2026-06-16,0,cross_regime_pre2026_to_post2026,hist_gradient_boosting,0.15932071929062686
separacion:4475,2026-0004774,SL-406,SL,2026-05-17,0,2026-06-16,0,cross_regime_pre2026_to_post2026,hist_gradient_boosting,0.15932071929062686
separacion:4477,2026-0004791,SL-1302,SL,2026-05-17,0,2026-06-16,0,cross_regime_pre2026_to_post2026,hist_gradient_boosting,0.15932071929062686
separacion:4478,2026-0004831,SL-1506,SL,2026-05-17,0,2026-06-16,0,cross_regime_pre2026_to_post2026,hist_gradient_boosting,0.15932071929062686
separacion:4479,2026-0004836,GY-1603,GY,2026-05-17,0,2026-06-16,0,cross_regime_pre2026_to_post2026,hist_gradient_boosting,0.3431264751291086
separacion:4480,2026-0004850,MD-1403,MD,2026-05-17,0,2026-06-16,0,cross_regime_pre2026_to_post2026,hist_gradient_boosting,0.2664638694860482
separacion:4481,2026-0004572,FX-901,FX,2026-05-17,0,2026-06-16,1,cross_regime_pre2026_to_post2026,hist_gradient_boosting,0.06856110335539294
separacion:4482,2026-0004857,NP-A1008,NP,2026-05-17,0,2026-06-16,1,cross_regime_pre2026_to_post2026,hist_gradient_boosting,0.14484982224373788
separacion:4483,2026-0004861,NP-A2608,NP,2026-05-17,0,2026-06-16,0,cross_regime_pre2026_to_post2026,hist_gradient_boosting,0.14484982224373788
separacion:4136,2026-0003041,MT-A04,MT,2026-05-18,60,2026-06-17,0,cross_regime_pre2026_to_post2026,hist_gradient_boosting,0.02833542202859799
separacion:4367,2026-0004067,TZ-50,TZ,2026-05-18,21,2026-06-17,0,cross_regime_pre2026_to_post2026,hist_gradient_boosting,0.09997945292458284
separacion:4400,2026-0004310,NP-A-E134,NP,2026-05-18,14,2026-06-17,0,cross_regime_pre2026_to_post2026,hist_gradient_boosting,0.019147748408088156
separacion:4427,2026-0004436,SL-808,SL,2026-05-18,7,2026-06-17,0,cross_regime_pre2026_to_post2026,hist_gradient_boosting,0.01921786377098225
separacion:4484,2026-0004638,CP-E18,CP,2026-05-18,0,2026-06-17,0,cross_regime_pre2026_to_post2026,hist_gradient_boosting,0.047013962651209926
separacion:4486,2026-0004887,MT-A701,MT,2026-05-18,0,2026-06-17,0,cross_regime_pre2026_to_post2026,hist_gradient_boosting,0.058675661009386954
separacion:4495,2026-0004886,NP-A904,NP,2026-05-18,0,2026-06-17,0,cross_regime_pre2026_to_post2026,hist_gradient_boosting,0.07629020008778166
separacion:4498,2026-0004746,NP-A2706,NP,2026-05-18,0,2026-06-17,0,cross_regime_pre2026_to_post2026,hist_gradient_boosting,0.09479285173656991
separacion:4140,2026-0003067,GY-14,GY,2026-05-19,60,2026-06-18,0,cross_regime_pre2026_to_post2026,hist_gradient_boosting,0.04770945302927236
separacion:4370,2026-0004112,NP-A-E06,NP,2026-05-19,21,2026-06-18,0,cross_regime_pre2026_to_post2026,hist_gradient_boosting,0.019237524286773403
separacion:4403,2026-0004320,MD-E97,MD,2026-05-19,14,2026-06-18,0,cross_regime_pre2026_to_post2026,hist_gradient_boosting,0.04815552241525551
separacion:4407,2026-0004338,NP-A2210,NP,2026-05-19,14,2026-06-18,0,cross_regime_pre2026_to_post2026,hist_gradient_boosting,0.1551668338116416
separacion:4451,2026-0004523,NP-A-E154,NP,2026-05-19,7,2026-06-18,0,cross_regime_pre2026_to_post2026,hist_gradient_boosting,0.018066097894108752
separacion:4502,2026-0004895,NP-A802,NP,2026-05-19,0,2026-06-18,0,cross_regime_pre2026_to_post2026,hist_gradient_boosting,0.09836948288240333
separacion:4409,2026-0004351,SL-E47,SL,2026-05-20,14,2026-06-19,0,cross_regime_pre2026_to_post2026,hist_gradient_boosting,0.011304250808938925
separacion:4413,2026-0004374,MT-B24,MT,2026-05-20,14,2026-06-19,0,cross_regime_pre2026_to_post2026,hist_gradient_boosting,0.012988481801762156
separacion:4452,2026-0004527,SL-207,SL,2026-05-20,7,2026-06-19,0,cross_regime_pre2026_to_post2026,hist_gradient_boosting,0.058632190441389107
separacion:4505,2026-0004947,MT-A1002,MT,2026-05-20,0,2026-06-19,0,cross_regime_pre2026_to_post2026,hist_gradient_boosting,0.05479720832032169
separacion:4148,2026-0003118,GY-43,GY,2026-05-21,60,2026-06-20,0,cross_regime_pre2026_to_post2026,hist_gradient_boosting,0.013236569877933913
separacion:4210,2026-0003409,SL-E4,SL,2026-05-21,45,2026-06-20,0,cross_regime_pre2026_to_post2026,hist_gradient_boosting,0.018120176260242402
separacion:4213,2026-0003412,MT-A54,MT,2026-05-21,45,2026-06-20,0,cross_regime_pre2026_to_post2026,hist_gradient_boosting,0.01241148709280394
separacion:4216,2026-0003420,CP-E87,CP,2026-05-21,45,2026-06-20,0,cross_regime_pre2026_to_post2026,hist_gradient_boosting,0.027781650553632218
separacion:4337,2026-0003807,CP-E60,CP,2026-05-21,30,2026-06-20,0,cross_regime_pre2026_to_post2026,hist_gradient_boosting,0.029516087468021247
separacion:4384,2026-0004153,CP-B705,CP,2026-05-21,21,2026-06-20,1,cross_regime_pre2026_to_post2026,hist_gradient_boosting,0.1998263904657949
separacion:4385,2026-0004150,GY-201,GY,2026-05-21,21,2026-06-20,0,cross_regime_pre2026_to_post2026,hist_gradient_boosting,0.15070111388156995
separacion:4415,2026-0004385,EEUU-1404,EEUU,2026-05-21,14,2026-06-20,0,cross_regime_pre2026_to_post2026,hist_gradient_boosting,0.14775628568899563
separacion:4455,2026-0004548,NP-A1901,NP,2026-05-21,7,2026-06-20,0,cross_regime_pre2026_to_post2026,hist_gradient_boosting,0.05166923432012371
separacion:4457,2026-0004561,MT-B28,MT,2026-05-21,7,2026-06-20,0,cross_regime_pre2026_to_post2026,hist_gradient_boosting,0.007450782153351391
separacion:4508,2026-0004899,FX-605,FX,2026-05-21,0,2026-06-20,0,cross_regime_pre2026_to_post2026,hist_gradient_boosting,0.11289321762418006
separacion:4153,2026-0003145,GY-27,GY,2026-05-22,60,2026-06-21,0,cross_regime_pre2026_to_post2026,hist_gradient_boosting,0.024718536650021
separacion:4343,2026-0003846,FX-E43,FX,2026-05-22,30,2026-06-21,0,cross_regime_pre2026_to_post2026,hist_gradient_boosting,0.0519614962746064
separacion:4345,2026-0003857,GY-801,GY,2026-05-22,30,2026-06-21,0,cross_regime_pre2026_to_post2026,hist_gradient_boosting,0.36279880686582955
separacion:4389,2026-0004188,SL-E1,SL,2026-05-22,21,2026-06-21,0,cross_regime_pre2026_to_post2026,hist_gradient_boosting,0.02980362215631865
separacion:4463,2026-0004597,TZ-40,TZ,2026-05-22,7,2026-06-21,0,cross_regime_pre2026_to_post2026,hist_gradient_boosting,0.044988905261880076
separacion:4464,2026-0004616,TZ-43,TZ,2026-05-22,7,2026-06-21,0,cross_regime_pre2026_to_post2026,hist_gradient_boosting,0.044988905261880076
separacion:4511,2026-0004992,CP-B1207,CP,2026-05-22,0,2026-06-21,0,cross_regime_pre2026_to_post2026,hist_gradient_boosting,0.16636933918931499
separacion:4163,2026-0003190,MD-E18,MD,2026-05-23,60,2026-06-22,0,cross_regime_pre2026_to_post2026,hist_gradient_boosting,0.09747186326807564
separacion:4352,2026-0003901,EEUU-503,EEUU,2026-05-23,30,2026-06-22,1,cross_regime_pre2026_to_post2026,hist_gradient_boosting,0.3961622729744522
separacion:4394,2026-0004235,FX-304,FX,2026-05-23,21,2026-06-22,0,cross_regime_pre2026_to_post2026,hist_gradient_boosting,0.4176258520873393
separacion:4468,2026-0004668,EEUU-203,EEUU,2026-05-23,7,2026-06-22,1,cross_regime_pre2026_to_post2026,hist_gradient_boosting,0.36186378638982325
separacion:4512,2026-0004858,SL-1008,SL,2026-05-23,0,2026-06-22,0,cross_regime_pre2026_to_post2026,hist_gradient_boosting,0.06617109665282019
separacion:4553,2026-0005356,NP-A-E161,NP,2026-05-23,21,2026-06-22,0,cross_regime_pre2026_to_post2026,hist_gradient_boosting,0.04241704271628034
separacion:4164,2026-0003197,NP-A-E19,NP,2026-05-24,60,2026-06-23,0,cross_regime_pre2026_to_post2026,hist_gradient_boosting,0.0660043720362466
separacion:4288,2026-0003484,MT-A27,MT,2026-05-24,45,2026-06-23,0,cross_regime_pre2026_to_post2026,hist_gradient_boosting,0.06063288648462934
separacion:4290,2026-0003499,MT-A45,MT,2026-05-24,45,2026-06-23,0,cross_regime_pre2026_to_post2026,hist_gradient_boosting,0.06063288648462934
separacion:4363,2026-0003941,GY-33,GY,2026-05-24,30,2026-06-23,0,cross_regime_pre2026_to_post2026,hist_gradient_boosting,0.12031359921969469
separacion:4424,2026-0004451,SL-903,SL,2026-05-24,14,2026-06-23,0,cross_regime_pre2026_to_post2026,hist_gradient_boosting,0.7198474571488992
separacion:4472,2026-0004699,SL-908,SL,2026-05-24,7,2026-06-23,0,cross_regime_pre2026_to_post2026,hist_gradient_boosting,0.514220418971366
separacion:4474,2026-0004773,SL-1006,SL,2026-05-24,7,2026-06-23,0,cross_regime_pre2026_to_post2026,hist_gradient_boosting,0.2846103552590346
separacion:4475,2026-0004774,SL-406,SL,2026-05-24,7,2026-06-23,0,cross_regime_pre2026_to_post2026,hist_gradient_boosting,0.2846103552590346
separacion:4477,2026-0004791,SL-1302,SL,2026-05-24,7,2026-06-23,0,cross_regime_pre2026_to_post2026,hist_gradient_boosting,0.2846103552590346
separacion:4479,2026-0004836,GY-1603,GY,2026-05-24,7,2026-06-23,0,cross_regime_pre2026_to_post2026,hist_gradient_boosting,0.3729268333492425
separacion:4480,2026-0004850,MD-1403,MD,2026-05-24,7,2026-06-23,1,cross_regime_pre2026_to_post2026,hist_gradient_boosting,0.2922596364098254
separacion:4483,2026-0004861,NP-A2608,NP,2026-05-24,7,2026-06-23,0,cross_regime_pre2026_to_post2026,hist_gradient_boosting,0.17505430099236283
separacion:4166,2026-0003221,CP-E52,CP,2026-05-25,60,2026-06-24,0,cross_regime_pre2026_to_post2026,hist_gradient_boosting,0.05281624770517552
separacion:4295,2026-0003502,SL-E7,SL,2026-05-25,45,2026-06-24,0,cross_regime_pre2026_to_post2026,hist_gradient_boosting,0.03337680964064606
separacion:4365,2026-0003981,TZ-19,TZ,2026-05-25,30,2026-06-24,0,cross_regime_pre2026_to_post2026,hist_gradient_boosting,0.07740115010716246
separacion:4400,2026-0004310,NP-A-E134,NP,2026-05-25,21,2026-06-24,0,cross_regime_pre2026_to_post2026,hist_gradient_boosting,0.022121770265549984
separacion:4427,2026-0004436,SL-808,SL,2026-05-25,14,2026-06-24,0,cross_regime_pre2026_to_post2026,hist_gradient_boosting,0.03498356497554933
separacion:4484,2026-0004638,CP-E18,CP,2026-05-25,7,2026-06-24,0,cross_regime_pre2026_to_post2026,hist_gradient_boosting,0.039477424365254074
separacion:4486,2026-0004887,MT-A701,MT,2026-05-25,7,2026-06-24,0,cross_regime_pre2026_to_post2026,hist_gradient_boosting,0.058010231718584555
separacion:4495,2026-0004886,NP-A904,NP,2026-05-25,7,2026-06-24,0,cross_regime_pre2026_to_post2026,hist_gradient_boosting,0.0837571451783069
separacion:4498,2026-0004746,NP-A2706,NP,2026-05-25,7,2026-06-24,0,cross_regime_pre2026_to_post2026,hist_gradient_boosting,0.09007566671730238
separacion:4513,2026-0004955,MT-A1206,MT,2026-05-25,0,2026-06-24,0,cross_regime_pre2026_to_post2026,hist_gradient_boosting,0.04389503943418633
separacion:4191,2026-0003242,NP-A2005,NP,2026-05-26,60,2026-06-25,1,cross_regime_pre2026_to_post2026,hist_gradient_boosting,0.23981736558444583
separacion:4403,2026-0004320,MD-E97,MD,2026-05-26,21,2026-06-25,0,cross_regime_pre2026_to_post2026,hist_gradient_boosting,0.05194066397159669
separacion:4451,2026-0004523,NP-A-E154,NP,2026-05-26,14,2026-06-25,0,cross_regime_pre2026_to_post2026,hist_gradient_boosting,0.016644656644819684
separacion:4528,2026-0005078,SL-1206,SL,2026-05-26,0,2026-06-25,0,cross_regime_pre2026_to_post2026,hist_gradient_boosting,0.05247699961626031
separacion:4192,2026-0003243,CP-B1306,CP,2026-05-27,60,2026-06-26,0,cross_regime_pre2026_to_post2026,hist_gradient_boosting,0.42612471970945964
separacion:4193,2026-0003246,NP-A-E138,NP,2026-05-27,60,2026-06-26,0,cross_regime_pre2026_to_post2026,hist_gradient_boosting,0.017993917862149007
separacion:4367,2026-0004067,TZ-50,TZ,2026-05-27,30,2026-06-26,0,cross_regime_pre2026_to_post2026,hist_gradient_boosting,0.05280548327568788
separacion:4409,2026-0004351,SL-E47,SL,2026-05-27,21,2026-06-26,0,cross_regime_pre2026_to_post2026,hist_gradient_boosting,0.012230010186496094
separacion:4413,2026-0004374,MT-B24,MT,2026-05-27,21,2026-06-26,0,cross_regime_pre2026_to_post2026,hist_gradient_boosting,0.012891574433397807
separacion:4532,2026-0005086,NP-A2807,NP,2026-05-27,0,2026-06-26,0,cross_regime_pre2026_to_post2026,hist_gradient_boosting,0.0876007844225668
separacion:4106,2026-0002781,FX-E16,FX,2026-05-28,75,2026-06-27,0,cross_regime_pre2026_to_post2026,hist_gradient_boosting,0.015135057275743692
separacion:4370,2026-0004112,NP-A-E06,NP,2026-05-28,30,2026-06-27,0,cross_regime_pre2026_to_post2026,hist_gradient_boosting,0.011516329047751291
separacion:4455,2026-0004548,NP-A1901,NP,2026-05-28,14,2026-06-27,0,cross_regime_pre2026_to_post2026,hist_gradient_boosting,0.08758295746348067
separacion:4457,2026-0004561,MT-B28,MT,2026-05-28,14,2026-06-27,0,cross_regime_pre2026_to_post2026,hist_gradient_boosting,0.008994145973549136
separacion:4107,2026-0002813,GY-303,GY,2026-05-29,75,2026-06-28,1,cross_regime_pre2026_to_post2026,hist_gradient_boosting,0.19194329929982418
separacion:4202,2026-0003313,NP-A2203,NP,2026-05-29,60,2026-06-28,0,cross_regime_pre2026_to_post2026,hist_gradient_boosting,0.28894676754144666
separacion:4203,2026-0003315,NP-A2204,NP,2026-05-29,60,2026-06-28,0,cross_regime_pre2026_to_post2026,hist_gradient_boosting,0.28894676754144666
separacion:4301,2026-0003630,NP-A-E08,NP,2026-05-29,45,2026-06-28,0,cross_regime_pre2026_to_post2026,hist_gradient_boosting,0.05060576003737042
separacion:4463,2026-0004597,TZ-40,TZ,2026-05-29,14,2026-06-28,0,cross_regime_pre2026_to_post2026,hist_gradient_boosting,0.06741542157240484
separacion:4464,2026-0004616,TZ-43,TZ,2026-05-29,14,2026-06-28,0,cross_regime_pre2026_to_post2026,hist_gradient_boosting,0.06741542157240484
separacion:4542,2026-0005156,NP-A2601,NP,2026-05-29,0,2026-06-28,1,cross_regime_pre2026_to_post2026,hist_gradient_boosting,0.10894546979139166
separacion:4384,2026-0004153,CP-B705,CP,2026-05-30,30,2026-06-29,1,cross_regime_pre2026_to_post2026,hist_gradient_boosting,0.47315338310579735
separacion:4468,2026-0004668,EEUU-203,EEUU,2026-05-30,14,2026-06-29,1,cross_regime_pre2026_to_post2026,hist_gradient_boosting,0.4184415116495324
separacion:4544,2026-0005233,NP-A2104,NP,2026-05-30,0,2026-06-29,0,cross_regime_pre2026_to_post2026,hist_gradient_boosting,0.10387898513947373
separacion:4122,2026-0002991,GY-D7,GY,2026-05-31,75,2026-06-30,0,cross_regime_pre2026_to_post2026,hist_gradient_boosting,0.0827131893942085
separacion:4389,2026-0004188,SL-E1,SL,2026-05-31,30,2026-06-30,0,cross_regime_pre2026_to_post2026,hist_gradient_boosting,0.11293375827785936
separacion:4479,2026-0004836,GY-1603,GY,2026-05-31,14,2026-06-30,0,cross_regime_pre2026_to_post2026,hist_gradient_boosting,0.5268583395040111
separacion:4480,2026-0004850,MD-1403,MD,2026-05-31,14,2026-06-30,1,cross_regime_pre2026_to_post2026,hist_gradient_boosting,0.436047982932573
separacion:4546,2026-0005276,NP-A-E158,NP,2026-05-31,0,2026-06-30,1,cross_regime_pre2026_to_post2026,hist_gradient_boosting,0.05152180680300001
separacion:4547,2026-0005274,NP-A2102,NP,2026-05-31,0,2026-06-30,0,cross_regime_pre2026_to_post2026,hist_gradient_boosting,0.14484982224373788
separacion:4131,2026-0003014,EEUU-E50,EEUU,2026-06-01,75,2026-07-01,0,cross_regime_pre2026_to_post2026,hist_gradient_boosting,0.01976590912174847
separacion:4484,2026-0004638,CP-E18,CP,2026-06-01,14,2026-07-01,0,cross_regime_pre2026_to_post2026,hist_gradient_boosting,0.02621656064652977
separacion:4553,2026-0005356,NP-A-E161,NP,2026-06-01,30,2026-07-01,0,cross_regime_pre2026_to_post2026,hist_gradient_boosting,0.01928445910814036
separacion:4136,2026-0003041,MT-A04,MT,2026-06-02,75,2026-07-02,0,cross_regime_pre2026_to_post2026,hist_gradient_boosting,0.011992094633798002
separacion:4451,2026-0004523,NP-A-E154,NP,2026-06-02,21,2026-07-02,0,cross_regime_pre2026_to_post2026,hist_gradient_boosting,0.014557836668030342
separacion:4528,2026-0005078,SL-1206,SL,2026-06-02,7,2026-07-02,0,cross_regime_pre2026_to_post2026,hist_gradient_boosting,0.058817581724074516
separacion:4551,2026-0005345,MD-1202,MD,2026-06-02,0,2026-07-02,0,cross_regime_pre2026_to_post2026,hist_gradient_boosting,0.16967173446970785
separacion:4554,2026-0005178,MT-B1202,MT,2026-06-02,0,2026-07-02,0,cross_regime_pre2026_to_post2026,hist_gradient_boosting,0.03436791402112785
separacion:4555,2026-0005288,MD-E66,MD,2026-06-02,0,2026-07-02,0,cross_regime_pre2026_to_post2026,hist_gradient_boosting,0.02463633729568161
separacion:4140,2026-0003067,GY-14,GY,2026-06-03,75,2026-07-03,0,cross_regime_pre2026_to_post2026,hist_gradient_boosting,0.02482635790914066
separacion:4400,2026-0004310,NP-A-E134,NP,2026-06-03,30,2026-07-03,0,cross_regime_pre2026_to_post2026,hist_gradient_boosting,0.014584224089317857
separacion:4403,2026-0004320,MD-E97,MD,2026-06-04,30,2026-07-04,0,cross_regime_pre2026_to_post2026,hist_gradient_boosting,0.02371569533843955
separacion:4455,2026-0004548,NP-A1901,NP,2026-06-04,21,2026-07-04,0,cross_regime_pre2026_to_post2026,hist_gradient_boosting,0.09983171530007606
separacion:4457,2026-0004561,MT-B28,MT,2026-06-04,21,2026-07-04,0,cross_regime_pre2026_to_post2026,hist_gradient_boosting,0.012318280213704432
separacion:4563,2026-0005384,CP-B808,CP,2026-06-04,0,2026-07-04,0,cross_regime_pre2026_to_post2026,hist_gradient_boosting,0.15848892503296602
separacion:4564,2026-0005299,NP-A2507,NP,2026-06-04,0,2026-07-04,0,cross_regime_pre2026_to_post2026,hist_gradient_boosting,0.060700751340960604
separacion:4577,2026-0005381,NP-A1710,NP,2026-06-04,0,2026-07-04,0,cross_regime_pre2026_to_post2026,hist_gradient_boosting,0.058533280777627095
separacion:4148,2026-0003118,GY-43,GY,2026-06-05,75,2026-07-05,0,cross_regime_pre2026_to_post2026,hist_gradient_boosting,0.01924962436367722
separacion:4210,2026-0003409,SL-E4,SL,2026-06-05,60,2026-07-05,0,cross_regime_pre2026_to_post2026,hist_gradient_boosting,0.019936984981021068
separacion:4213,2026-0003412,MT-A54,MT,2026-06-05,60,2026-07-05,0,cross_regime_pre2026_to_post2026,hist_gradient_boosting,0.019981766289201532
separacion:4216,2026-0003420,CP-E87,CP,2026-06-05,60,2026-07-05,0,cross_regime_pre2026_to_post2026,hist_gradient_boosting,0.04576817836013573
separacion:4337,2026-0003807,CP-E60,CP,2026-06-05,45,2026-07-05,0,cross_regime_pre2026_to_post2026,hist_gradient_boosting,0.03955236512573163
separacion:4409,2026-0004351,SL-E47,SL,2026-06-05,30,2026-07-05,0,cross_regime_pre2026_to_post2026,hist_gradient_boosting,0.030328707165862567
separacion:4413,2026-0004374,MT-B24,MT,2026-06-05,30,2026-07-05,0,cross_regime_pre2026_to_post2026,hist_gradient_boosting,0.02546498844518345
separacion:4463,2026-0004597,TZ-40,TZ,2026-06-05,21,2026-07-05,0,cross_regime_pre2026_to_post2026,hist_gradient_boosting,0.07571453694181504
separacion:4464,2026-0004616,TZ-43,TZ,2026-06-05,21,2026-07-05,0,cross_regime_pre2026_to_post2026,hist_gradient_boosting,0.07571453694181504
separacion:4153,2026-0003145,GY-27,GY,2026-06-06,75,2026-07-06,0,cross_regime_pre2026_to_post2026,hist_gradient_boosting,0.019101248129817294
separacion:4343,2026-0003846,FX-E43,FX,2026-06-06,45,2026-07-06,0,cross_regime_pre2026_to_post2026,hist_gradient_boosting,0.04200394806359775
separacion:4468,2026-0004668,EEUU-203,EEUU,2026-06-06,21,2026-07-06,1,cross_regime_pre2026_to_post2026,hist_gradient_boosting,0.21565300717729147
separacion:4544,2026-0005233,NP-A2104,NP,2026-06-06,7,2026-07-06,0,cross_regime_pre2026_to_post2026,hist_gradient_boosting,0.08429913067666757
separacion:4581,2026-0005412,FX-402,FX,2026-06-06,0,2026-07-06,0,cross_regime_pre2026_to_post2026,hist_gradient_boosting,0.24457247028575388
separacion:4163,2026-0003190,MD-E18,MD,2026-06-07,75,2026-07-07,0,cross_regime_pre2026_to_post2026,hist_gradient_boosting,0.06265655782981719
separacion:4352,2026-0003901,EEUU-503,EEUU,2026-06-07,45,2026-07-07,1,cross_regime_pre2026_to_post2026,hist_gradient_boosting,0.15406515254493333
separacion:4479,2026-0004836,GY-1603,GY,2026-06-07,21,2026-07-07,0,cross_regime_pre2026_to_post2026,hist_gradient_boosting,0.3064149321970427
separacion:4480,2026-0004850,MD-1403,MD,2026-06-07,21,2026-07-07,1,cross_regime_pre2026_to_post2026,hist_gradient_boosting,0.24067999719408972
separacion:4546,2026-0005276,NP-A-E158,NP,2026-06-07,7,2026-07-07,1,cross_regime_pre2026_to_post2026,hist_gradient_boosting,0.03978690628665039
separacion:4547,2026-0005274,NP-A2102,NP,2026-06-07,7,2026-07-07,0,cross_regime_pre2026_to_post2026,hist_gradient_boosting,0.09733219731564924
separacion:4550,2026-0005313,MT-A1202,MT,2026-06-07,7,2026-07-07,0,cross_regime_pre2026_to_post2026,hist_gradient_boosting,0.07751536554520486
separacion:4164,2026-0003197,NP-A-E19,NP,2026-06-08,75,2026-07-08,0,cross_regime_pre2026_to_post2026,hist_gradient_boosting,0.01523544449383021
separacion:4288,2026-0003484,MT-A27,MT,2026-06-08,60,2026-07-08,0,cross_regime_pre2026_to_post2026,hist_gradient_boosting,0.01568933129146086
separacion:4290,2026-0003499,MT-A45,MT,2026-06-08,60,2026-07-08,0,cross_regime_pre2026_to_post2026,hist_gradient_boosting,0.01568933129146086
separacion:4363,2026-0003941,GY-33,GY,2026-06-08,45,2026-07-08,0,cross_regime_pre2026_to_post2026,hist_gradient_boosting,0.05035429392593519
separacion:4484,2026-0004638,CP-E18,CP,2026-06-08,21,2026-07-08,0,cross_regime_pre2026_to_post2026,hist_gradient_boosting,0.028809014628152985
separacion:4582,2026-0005474,SL-1104,SL,2026-06-08,0,2026-07-08,0,cross_regime_pre2026_to_post2026,hist_gradient_boosting,0.039108024247075976
separacion:4166,2026-0003221,CP-E52,CP,2026-06-09,75,2026-07-09,0,cross_regime_pre2026_to_post2026,hist_gradient_boosting,0.025445559795386312
separacion:4295,2026-0003502,SL-E7,SL,2026-06-09,60,2026-07-09,0,cross_regime_pre2026_to_post2026,hist_gradient_boosting,0.009250866312179437
separacion:4365,2026-0003981,TZ-19,TZ,2026-06-09,45,2026-07-09,0,cross_regime_pre2026_to_post2026,hist_gradient_boosting,0.0341578649866963
separacion:4554,2026-0005178,MT-B1202,MT,2026-06-09,7,2026-07-09,0,cross_regime_pre2026_to_post2026,hist_gradient_boosting,0.03339878874879534
separacion:4555,2026-0005288,MD-E66,MD,2026-06-09,7,2026-07-09,0,cross_regime_pre2026_to_post2026,hist_gradient_boosting,0.0237099512126161
separacion:4191,2026-0003242,NP-A2005,NP,2026-06-10,75,2026-07-10,1,cross_regime_pre2026_to_post2026,hist_gradient_boosting,0.11654487127839629
separacion:4589,2026-0005520,NP-A2207,NP,2026-06-10,0,2026-07-10,0,cross_regime_pre2026_to_post2026,hist_gradient_boosting,0.07053627780462372
separacion:4192,2026-0003243,CP-B1306,CP,2026-06-11,75,2026-07-11,0,cross_regime_pre2026_to_post2026,hist_gradient_boosting,0.2998064870879833
separacion:4193,2026-0003246,NP-A-E138,NP,2026-06-11,75,2026-07-11,0,cross_regime_pre2026_to_post2026,hist_gradient_boosting,0.012981231595906681
separacion:4367,2026-0004067,TZ-50,TZ,2026-06-11,45,2026-07-11,0,cross_regime_pre2026_to_post2026,hist_gradient_boosting,0.02872287893438329
separacion:4451,2026-0004523,NP-A-E154,NP,2026-06-11,30,2026-07-11,0,cross_regime_pre2026_to_post2026,hist_gradient_boosting,0.011289258100498226
separacion:4563,2026-0005384,CP-B808,CP,2026-06-11,7,2026-07-11,0,cross_regime_pre2026_to_post2026,hist_gradient_boosting,0.15143208885823464
separacion:4564,2026-0005299,NP-A2507,NP,2026-06-11,7,2026-07-11,0,cross_regime_pre2026_to_post2026,hist_gradient_boosting,0.06438920153379653
separacion:4577,2026-0005381,NP-A1710,NP,2026-06-11,7,2026-07-11,0,cross_regime_pre2026_to_post2026,hist_gradient_boosting,0.05399011921786953
separacion:4591,2026-0005535,NP-A-E163,NP,2026-06-11,0,2026-07-11,0,cross_regime_pre2026_to_post2026,hist_gradient_boosting,0.010000335748191895
separacion:4592,2026-0005534,MD-1701,MD,2026-06-11,0,2026-07-11,0,cross_regime_pre2026_to_post2026,hist_gradient_boosting,0.11263459229083345
separacion:4596,2026-0005566,NP-A1303,NP,2026-06-11,0,2026-07-11,0,cross_regime_pre2026_to_post2026,hist_gradient_boosting,0.052404393292504944
separacion:4106,2026-0002781,FX-E16,FX,2026-06-12,90,2026-07-12,0,cross_regime_pre2026_to_post2026,hist_gradient_boosting,0.03362353401891769
separacion:4370,2026-0004112,NP-A-E06,NP,2026-06-12,45,2026-07-12,0,cross_regime_pre2026_to_post2026,hist_gradient_boosting,0.027868007074310835
separacion:4599,2026-0005574,CP-E2,CP,2026-06-12,0,2026-07-12,0,cross_regime_pre2026_to_post2026,hist_gradient_boosting,0.030947699393558303
separacion:4107,2026-0002813,GY-303,GY,2026-06-13,90,2026-07-13,1,cross_regime_pre2026_to_post2026,hist_gradient_boosting,0.11493038213113348
separacion:4202,2026-0003313,NP-A2203,NP,2026-06-13,75,2026-07-13,0,cross_regime_pre2026_to_post2026,hist_gradient_boosting,0.14251338086538165
separacion:4203,2026-0003315,NP-A2204,NP,2026-06-13,75,2026-07-13,0,cross_regime_pre2026_to_post2026,hist_gradient_boosting,0.14251338086538165
separacion:4301,2026-0003630,NP-A-E08,NP,2026-06-13,60,2026-07-13,0,cross_regime_pre2026_to_post2026,hist_gradient_boosting,0.05287295323320956
separacion:4455,2026-0004548,NP-A1901,NP,2026-06-13,30,2026-07-13,1,cross_regime_pre2026_to_post2026,hist_gradient_boosting,0.1923083089752764
separacion:4457,2026-0004561,MT-B28,MT,2026-06-13,30,2026-07-13,0,cross_regime_pre2026_to_post2026,hist_gradient_boosting,0.03653292742586486
separacion:4544,2026-0005233,NP-A2104,NP,2026-06-13,14,2026-07-13,0,cross_regime_pre2026_to_post2026,hist_gradient_boosting,0.15083332044795714
separacion:4600,2026-0005594,TZ-39,TZ,2026-06-13,0,2026-07-13,0,cross_regime_pre2026_to_post2026,hist_gradient_boosting,0.024300508829900185
separacion:4601,2026-0005611,FX-E28,FX,2026-06-13,0,2026-07-13,0,cross_regime_pre2026_to_post2026,hist_gradient_boosting,0.02676654737079489
separacion:4602,2026-0005677,MD-1204,MD,2026-06-13,0,2026-07-13,0,cross_regime_pre2026_to_post2026,hist_gradient_boosting,0.0981323373850312
separacion:4463,2026-0004597,TZ-40,TZ,2026-06-14,30,2026-07-14,0,cross_regime_pre2026_to_post2026,hist_gradient_boosting,0.05714984462676144
separacion:4464,2026-0004616,TZ-43,TZ,2026-06-14,30,2026-07-14,0,cross_regime_pre2026_to_post2026,hist_gradient_boosting,0.05714984462676144
separacion:4550,2026-0005313,MT-A1202,MT,2026-06-14,14,2026-07-14,1,cross_regime_pre2026_to_post2026,hist_gradient_boosting,0.09950107980432973
separacion:4603,2026-0005740,MD-405,MD,2026-06-14,0,2026-07-14,0,cross_regime_pre2026_to_post2026,hist_gradient_boosting,0.13858306494626912
separacion:4604,2026-0005781,SL-1001,SL,2026-06-14,0,2026-07-14,0,cross_regime_pre2026_to_post2026,hist_gradient_boosting,0.10681260194291334
separacion:4605,2026-0005789,NP-A2606,NP,2026-06-14,0,2026-07-14,0,cross_regime_pre2026_to_post2026,hist_gradient_boosting,0.07340523154930989
separacion:4606,2026-0005804,MD-E52,MD,2026-06-14,0,2026-07-14,0,cross_regime_pre2026_to_post2026,hist_gradient_boosting,0.07140357054299697
separacion:4122,2026-0002991,GY-D7,GY,2026-06-15,90,2026-07-15,0,cross_regime_pre2026_to_post2026,hist_gradient_boosting,0.034560450797281525
separacion:4389,2026-0004188,SL-E1,SL,2026-06-15,45,2026-07-15,0,cross_regime_pre2026_to_post2026,hist_gradient_boosting,0.016088767277849778
separacion:4582,2026-0005474,SL-1104,SL,2026-06-15,7,2026-07-15,0,cross_regime_pre2026_to_post2026,hist_gradient_boosting,0.050088831953269665
separacion:4609,2026-0005817,NP-A-E106,NP,2026-06-15,0,2026-07-15,0,cross_regime_pre2026_to_post2026,hist_gradient_boosting,0.008375948564647783
separacion:4611,2026-0005815,MD-1401,MD,2026-06-15,0,2026-07-15,0,cross_regime_pre2026_to_post2026,hist_gradient_boosting,0.07230709953834134
separacion:4131,2026-0003014,EEUU-E50,EEUU,2026-06-16,90,2026-07-16,0,cross_regime_pre2026_to_post2026,hist_gradient_boosting,0.018897206003042344
separacion:4479,2026-0004836,GY-1603,GY,2026-06-16,30,2026-07-16,0,cross_regime_pre2026_to_post2026,hist_gradient_boosting,0.39421735570040295
separacion:4480,2026-0004850,MD-1403,MD,2026-06-16,30,2026-07-16,1,cross_regime_pre2026_to_post2026,hist_gradient_boosting,0.29419787023361765
separacion:4553,2026-0005356,NP-A-E161,NP,2026-06-16,45,2026-07-16,0,cross_regime_pre2026_to_post2026,hist_gradient_boosting,0.02368772180719744
separacion:4555,2026-0005288,MD-E66,MD,2026-06-16,14,2026-07-16,0,cross_regime_pre2026_to_post2026,hist_gradient_boosting,0.01965699773564392
separacion:4625,2026-0005859,FX-1301,FX,2026-06-16,0,2026-07-16,0,cross_regime_pre2026_to_post2026,hist_gradient_boosting,0.05776302354607418
separacion:4136,2026-0003041,MT-A04,MT,2026-06-17,90,2026-07-17,0,cross_regime_pre2026_to_post2026,hist_gradient_boosting,0.01090666942869181
separacion:4484,2026-0004638,CP-E18,CP,2026-06-17,30,2026-07-17,0,cross_regime_pre2026_to_post2026,hist_gradient_boosting,0.017554846622261307
separacion:4648,2026-0005877,FX-1201,FX,2026-06-17,0,2026-07-17,0,cross_regime_pre2026_to_post2026,hist_gradient_boosting,0.10259917266754695
separacion:4649,2026-0005898,FX-1303,FX,2026-06-17,0,2026-07-17,0,cross_regime_pre2026_to_post2026,hist_gradient_boosting,0.056844532006172364
separacion:4650,2026-0005846,FX-505,FX,2026-06-17,0,2026-07-17,0,cross_regime_pre2026_to_post2026,hist_gradient_boosting,0.11621883471101299
separacion:4651,2026-0005821,CP-B1107,CP,2026-06-17,0,2026-07-17,0,cross_regime_pre2026_to_post2026,hist_gradient_boosting,0.21622271140799787
separacion:4652,2026-0005915,SL-303,SL,2026-06-17,0,2026-07-17,0,cross_regime_pre2026_to_post2026,hist_gradient_boosting,0.04395355448924503
separacion:4140,2026-0003067,GY-14,GY,2026-06-18,90,2026-07-18,0,cross_regime_pre2026_to_post2026,hist_gradient_boosting,0.010563054052690899
separacion:4400,2026-0004310,NP-A-E134,NP,2026-06-18,45,2026-07-18,0,cross_regime_pre2026_to_post2026,hist_gradient_boosting,0.013938032175077941
separacion:4563,2026-0005384,CP-B808,CP,2026-06-18,14,2026-07-18,0,cross_regime_pre2026_to_post2026,hist_gradient_boosting,0.18809658864381162
separacion:4591,2026-0005535,NP-A-E163,NP,2026-06-18,7,2026-07-18,0,cross_regime_pre2026_to_post2026,hist_gradient_boosting,0.008722034021424676
separacion:4592,2026-0005534,MD-1701,MD,2026-06-18,7,2026-07-18,0,cross_regime_pre2026_to_post2026,hist_gradient_boosting,0.11580386377006749
separacion:4596,2026-0005566,NP-A1303,NP,2026-06-18,7,2026-07-18,0,cross_regime_pre2026_to_post2026,hist_gradient_boosting,0.05477792077343312
separacion:4655,2026-0005954,EEUU-E1,EEUU,2026-06-18,0,2026-07-18,0,cross_regime_pre2026_to_post2026,hist_gradient_boosting,0.042881991480200034
separacion:4403,2026-0004320,MD-E97,MD,2026-06-19,45,2026-07-19,0,cross_regime_pre2026_to_post2026,hist_gradient_boosting,0.03698032098714964
separacion:4599,2026-0005574,CP-E2,CP,2026-06-19,7,2026-07-19,0,cross_regime_pre2026_to_post2026,hist_gradient_boosting,0.04222742955894978
separacion:4664,2026-0005875,NP-A2609,NP,2026-06-19,0,2026-07-19,0,cross_regime_pre2026_to_post2026,hist_gradient_boosting,0.0327177683827865
separacion:4148,2026-0003118,GY-43,GY,2026-06-20,90,2026-07-20,0,cross_regime_pre2026_to_post2026,hist_gradient_boosting,0.017835560772273495
separacion:4210,2026-0003409,SL-E4,SL,2026-06-20,75,2026-07-20,0,cross_regime_pre2026_to_post2026,hist_gradient_boosting,0.020674869517099872
separacion:4213,2026-0003412,MT-A54,MT,2026-06-20,75,2026-07-20,0,cross_regime_pre2026_to_post2026,hist_gradient_boosting,0.01531303790377207
separacion:4216,2026-0003420,CP-E87,CP,2026-06-20,75,2026-07-20,0,cross_regime_pre2026_to_post2026,hist_gradient_boosting,0.03688837856166232
separacion:4337,2026-0003807,CP-E60,CP,2026-06-20,60,2026-07-20,0,cross_regime_pre2026_to_post2026,hist_gradient_boosting,0.04413628906010196
separacion:4409,2026-0004351,SL-E47,SL,2026-06-20,45,2026-07-20,0,cross_regime_pre2026_to_post2026,hist_gradient_boosting,0.03225437758178981
separacion:4413,2026-0004374,MT-B24,MT,2026-06-20,45,2026-07-20,0,cross_regime_pre2026_to_post2026,hist_gradient_boosting,0.020053923787917406
separacion:4544,2026-0005233,NP-A2104,NP,2026-06-20,21,2026-07-20,0,cross_regime_pre2026_to_post2026,hist_gradient_boosting,0.19800984940516636
separacion:4600,2026-0005594,TZ-39,TZ,2026-06-20,7,2026-07-20,0,cross_regime_pre2026_to_post2026,hist_gradient_boosting,0.03028140639694872
separacion:4601,2026-0005611,FX-E28,FX,2026-06-20,7,2026-07-20,0,cross_regime_pre2026_to_post2026,hist_gradient_boosting,0.036839320182970516
separacion:4673,2026-0005998,GY-506,GY,2026-06-20,0,2026-07-20,0,cross_regime_pre2026_to_post2026,hist_gradient_boosting,0.11321901564772512
separacion:4153,2026-0003145,GY-27,GY,2026-06-21,90,2026-07-21,0,cross_regime_pre2026_to_post2026,hist_gradient_boosting,0.03223514785290501
separacion:4343,2026-0003846,FX-E43,FX,2026-06-21,60,2026-07-21,0,cross_regime_pre2026_to_post2026,hist_gradient_boosting,0.06234649354793767
separacion:4550,2026-0005313,MT-A1202,MT,2026-06-21,21,2026-07-21,1,cross_regime_pre2026_to_post2026,hist_gradient_boosting,0.1025960936503313
separacion:4603,2026-0005740,MD-405,MD,2026-06-21,7,2026-07-21,0,cross_regime_pre2026_to_post2026,hist_gradient_boosting,0.16576179670086788
separacion:4604,2026-0005781,SL-1001,SL,2026-06-21,7,2026-07-21,0,cross_regime_pre2026_to_post2026,hist_gradient_boosting,0.2143000710586918
separacion:4605,2026-0005789,NP-A2606,NP,2026-06-21,7,2026-07-21,0,cross_regime_pre2026_to_post2026,hist_gradient_boosting,0.09733219731564924
separacion:4606,2026-0005804,MD-E52,MD,2026-06-21,7,2026-07-21,1,cross_regime_pre2026_to_post2026,hist_gradient_boosting,0.0731658347281541
separacion:4163,2026-0003190,MD-E18,MD,2026-06-22,90,2026-07-22,0,cross_regime_pre2026_to_post2026,hist_gradient_boosting,0.043487701813089315
separacion:4582,2026-0005474,SL-1104,SL,2026-06-22,14,2026-07-22,0,cross_regime_pre2026_to_post2026,hist_gradient_boosting,0.07103800188025124
separacion:4609,2026-0005817,NP-A-E106,NP,2026-06-22,7,2026-07-22,0,cross_regime_pre2026_to_post2026,hist_gradient_boosting,0.00927367018697415
separacion:4611,2026-0005815,MD-1401,MD,2026-06-22,7,2026-07-22,0,cross_regime_pre2026_to_post2026,hist_gradient_boosting,0.07999526932118528
separacion:4678,2026-0006039,MT-A601,MT,2026-06-22,0,2026-07-22,0,cross_regime_pre2026_to_post2026,hist_gradient_boosting,0.021029663314154134
separacion:4679,2026-0006048,NP-A-E165,NP,2026-06-22,0,2026-07-22,0,cross_regime_pre2026_to_post2026,hist_gradient_boosting,0.007609568470588967
separacion:4684,2026-0006056,SL-E12,SL,2026-06-22,0,2026-07-22,0,cross_regime_pre2026_to_post2026,hist_gradient_boosting,0.0062022085220912486
separacion:4687,2026-0006060,MT-A1006,MT,2026-06-22,0,2026-07-22,0,cross_regime_pre2026_to_post2026,hist_gradient_boosting,0.021029663314154134
separacion:4164,2026-0003197,NP-A-E19,NP,2026-06-23,90,2026-07-23,0,cross_regime_pre2026_to_post2026,hist_gradient_boosting,0.014947317747326992
separacion:4288,2026-0003484,MT-A27,MT,2026-06-23,75,2026-07-23,0,cross_regime_pre2026_to_post2026,hist_gradient_boosting,0.011992094633798002
separacion:4290,2026-0003499,MT-A45,MT,2026-06-23,75,2026-07-23,0,cross_regime_pre2026_to_post2026,hist_gradient_boosting,0.011992094633798002
separacion:4363,2026-0003941,GY-33,GY,2026-06-23,60,2026-07-23,0,cross_regime_pre2026_to_post2026,hist_gradient_boosting,0.035385656016537696
separacion:4555,2026-0005288,MD-E66,MD,2026-06-23,21,2026-07-23,0,cross_regime_pre2026_to_post2026,hist_gradient_boosting,0.021615200151308807
separacion:4625,2026-0005859,FX-1301,FX,2026-06-23,7,2026-07-23,0,cross_regime_pre2026_to_post2026,hist_gradient_boosting,0.06646831459593572
separacion:4708,2026-0006085,GY-1401,GY,2026-06-23,0,2026-07-23,0,cross_regime_pre2026_to_post2026,hist_gradient_boosting,0.2511157037780899
separacion:4166,2026-0003221,CP-E52,CP,2026-06-24,90,2026-07-24,0,cross_regime_pre2026_to_post2026,hist_gradient_boosting,0.022878165174339004
separacion:4295,2026-0003502,SL-E7,SL,2026-06-24,75,2026-07-24,0,cross_regime_pre2026_to_post2026,hist_gradient_boosting,0.006649767264465143
separacion:4365,2026-0003981,TZ-19,TZ,2026-06-24,60,2026-07-24,0,cross_regime_pre2026_to_post2026,hist_gradient_boosting,0.020393953110162264
separacion:4648,2026-0005877,FX-1201,FX,2026-06-24,7,2026-07-24,0,cross_regime_pre2026_to_post2026,hist_gradient_boosting,0.10329652022993915
separacion:4649,2026-0005898,FX-1303,FX,2026-06-24,7,2026-07-24,0,cross_regime_pre2026_to_post2026,hist_gradient_boosting,0.06857497397441262
separacion:4650,2026-0005846,FX-505,FX,2026-06-24,7,2026-07-24,0,cross_regime_pre2026_to_post2026,hist_gradient_boosting,0.09691366852411784
separacion:4651,2026-0005821,CP-B1107,CP,2026-06-24,7,2026-07-24,0,cross_regime_pre2026_to_post2026,hist_gradient_boosting,0.18375983258673942
separacion:4652,2026-0005915,SL-303,SL,2026-06-24,7,2026-07-24,0,cross_regime_pre2026_to_post2026,hist_gradient_boosting,0.0671774357645172
separacion:4591,2026-0005535,NP-A-E163,NP,2026-06-25,14,2026-07-25,0,cross_regime_pre2026_to_post2026,hist_gradient_boosting,0.009285572335581194
separacion:4592,2026-0005534,MD-1701,MD,2026-06-25,14,2026-07-25,0,cross_regime_pre2026_to_post2026,hist_gradient_boosting,0.14531938050712093
separacion:4596,2026-0005566,NP-A1303,NP,2026-06-25,14,2026-07-25,0,cross_regime_pre2026_to_post2026,hist_gradient_boosting,0.08105007276862847
separacion:4192,2026-0003243,CP-B1306,CP,2026-06-26,90,2026-07-26,0,cross_regime_pre2026_to_post2026,hist_gradient_boosting,0.35178794667197005
separacion:4193,2026-0003246,NP-A-E138,NP,2026-06-26,90,2026-07-26,0,cross_regime_pre2026_to_post2026,hist_gradient_boosting,0.024893844448673742
separacion:4367,2026-0004067,TZ-50,TZ,2026-06-26,60,2026-07-26,0,cross_regime_pre2026_to_post2026,hist_gradient_boosting,0.055776862342378324
separacion:4451,2026-0004523,NP-A-E154,NP,2026-06-26,45,2026-07-26,0,cross_regime_pre2026_to_post2026,hist_gradient_boosting,0.027868007074310835
separacion:4599,2026-0005574,CP-E2,CP,2026-06-26,14,2026-07-26,0,cross_regime_pre2026_to_post2026,hist_gradient_boosting,0.06273653432616051
separacion:4370,2026-0004112,NP-A-E06,NP,2026-06-27,60,2026-07-27,0,cross_regime_pre2026_to_post2026,hist_gradient_boosting,0.027593180534296286
separacion:4600,2026-0005594,TZ-39,TZ,2026-06-27,14,2026-07-27,0,cross_regime_pre2026_to_post2026,hist_gradient_boosting,0.04330384755147306
separacion:4601,2026-0005611,FX-E28,FX,2026-06-27,14,2026-07-27,0,cross_regime_pre2026_to_post2026,hist_gradient_boosting,0.053947665234431556
separacion:4742,2026-0006180,MT-A702,MT,2026-06-27,0,2026-07-27,0,cross_regime_pre2026_to_post2026,hist_gradient_boosting,0.05590058701308801
separacion:4743,2026-0006183,MD-E49,MD,2026-06-27,0,2026-07-27,0,cross_regime_pre2026_to_post2026,hist_gradient_boosting,0.02457909929458951
separacion:4202,2026-0003313,NP-A2203,NP,2026-06-28,90,2026-07-28,0,cross_regime_pre2026_to_post2026,hist_gradient_boosting,0.15677904011220292
separacion:4203,2026-0003315,NP-A2204,NP,2026-06-28,90,2026-07-28,0,cross_regime_pre2026_to_post2026,hist_gradient_boosting,0.15677904011220292
separacion:4301,2026-0003630,NP-A-E08,NP,2026-06-28,75,2026-07-28,0,cross_regime_pre2026_to_post2026,hist_gradient_boosting,0.06309578078936712
separacion:4455,2026-0004548,NP-A1901,NP,2026-06-28,45,2026-07-28,1,cross_regime_pre2026_to_post2026,hist_gradient_boosting,0.19550166898480253
separacion:4457,2026-0004561,MT-B28,MT,2026-06-28,45,2026-07-28,0,cross_regime_pre2026_to_post2026,hist_gradient_boosting,0.03657217275105997
separacion:4604,2026-0005781,SL-1001,SL,2026-06-28,14,2026-07-28,0,cross_regime_pre2026_to_post2026,hist_gradient_boosting,0.3581034847469057
separacion:4606,2026-0005804,MD-E52,MD,2026-06-28,14,2026-07-28,1,cross_regime_pre2026_to_post2026,hist_gradient_boosting,0.059613067277027726
separacion:4745,2026-0006261,NP-A-E77,NP,2026-06-28,0,2026-07-28,0,cross_regime_pre2026_to_post2026,hist_gradient_boosting,0.03712177645526354
separacion:4746,2026-0006279,NP-A2607,NP,2026-06-28,0,2026-07-28,0,cross_regime_pre2026_to_post2026,hist_gradient_boosting,0.07340523154930989
separacion:4463,2026-0004597,TZ-40,TZ,2026-06-29,45,2026-07-29,0,cross_regime_pre2026_to_post2026,hist_gradient_boosting,0.06662384193918705
separacion:4464,2026-0004616,TZ-43,TZ,2026-06-29,45,2026-07-29,0,cross_regime_pre2026_to_post2026,hist_gradient_boosting,0.06662384193918705
separacion:4544,2026-0005233,NP-A2104,NP,2026-06-29,30,2026-07-29,0,cross_regime_pre2026_to_post2026,hist_gradient_boosting,0.12676502808424664
separacion:4609,2026-0005817,NP-A-E106,NP,2026-06-29,14,2026-07-29,0,cross_regime_pre2026_to_post2026,hist_gradient_boosting,0.012793925810316131
separacion:4611,2026-0005815,MD-1401,MD,2026-06-29,14,2026-07-29,0,cross_regime_pre2026_to_post2026,hist_gradient_boosting,0.10764632990458896
separacion:4679,2026-0006048,NP-A-E165,NP,2026-06-29,7,2026-07-29,0,cross_regime_pre2026_to_post2026,hist_gradient_boosting,0.007348335429301712
separacion:4684,2026-0006056,SL-E12,SL,2026-06-29,7,2026-07-29,0,cross_regime_pre2026_to_post2026,hist_gradient_boosting,0.0076668060204370435
separacion:4389,2026-0004188,SL-E1,SL,2026-06-30,60,2026-07-30,0,cross_regime_pre2026_to_post2026,hist_gradient_boosting,0.009250866312179437
separacion:4550,2026-0005313,MT-A1202,MT,2026-06-30,30,2026-07-30,1,cross_regime_pre2026_to_post2026,hist_gradient_boosting,0.0836960884412614
separacion:4625,2026-0005859,FX-1301,FX,2026-06-30,14,2026-07-30,0,cross_regime_pre2026_to_post2026,hist_gradient_boosting,0.0801305732315441
separacion:4708,2026-0006085,GY-1401,GY,2026-06-30,7,2026-07-30,0,cross_regime_pre2026_to_post2026,hist_gradient_boosting,0.2624787306140315
separacion:4752,2026-0006331,NP-A2107,NP,2026-06-30,0,2026-07-30,0,cross_regime_pre2026_to_post2026,hist_gradient_boosting,0.0601226610482214
separacion:4553,2026-0005356,NP-A-E161,NP,2026-07-01,60,2026-07-31,0,cross_regime_pre2026_to_post2026,hist_gradient_boosting,0.02067553541595149
separacion:4648,2026-0005877,FX-1201,FX,2026-07-01,14,2026-07-31,0,cross_regime_pre2026_to_post2026,hist_gradient_boosting,0.1607115046940694
separacion:4649,2026-0005898,FX-1303,FX,2026-07-01,14,2026-07-31,0,cross_regime_pre2026_to_post2026,hist_gradient_boosting,0.11013270393284304
separacion:4484,2026-0004638,CP-E18,CP,2026-07-02,45,2026-08-01,0,cross_regime_pre2026_to_post2026,hist_gradient_boosting,0.02349224417349049
separacion:4555,2026-0005288,MD-E66,MD,2026-07-02,30,2026-08-01,0,cross_regime_pre2026_to_post2026,hist_gradient_boosting,0.01424293881094739
separacion:4591,2026-0005535,NP-A-E163,NP,2026-07-02,21,2026-08-01,0,cross_regime_pre2026_to_post2026,hist_gradient_boosting,0.016547307219001602
separacion:4596,2026-0005566,NP-A1303,NP,2026-07-02,21,2026-08-01,0,cross_regime_pre2026_to_post2026,hist_gradient_boosting,0.14218886170426775
separacion:4400,2026-0004310,NP-A-E134,NP,2026-07-03,60,2026-08-02,0,cross_regime_pre2026_to_post2026,hist_gradient_boosting,0.026952197587424672
separacion:4599,2026-0005574,CP-E2,CP,2026-07-03,21,2026-08-02,0,cross_regime_pre2026_to_post2026,hist_gradient_boosting,0.048190309140438425
separacion:4761,2026-0006417,FX-201,FX,2026-07-03,0,2026-08-02,1,cross_regime_pre2026_to_post2026,hist_gradient_boosting,0.15538938371986644
separacion:4403,2026-0004320,MD-E97,MD,2026-07-04,60,2026-08-03,0,cross_regime_pre2026_to_post2026,hist_gradient_boosting,0.05837524125880223
separacion:4601,2026-0005611,FX-E28,FX,2026-07-04,21,2026-08-03,0,cross_regime_pre2026_to_post2026,hist_gradient_boosting,0.04106973603691188
separacion:4743,2026-0006183,MD-E49,MD,2026-07-04,7,2026-08-03,0,cross_regime_pre2026_to_post2026,hist_gradient_boosting,0.03249553963653311
separacion:4762,2026-0006421,TZ-28,TZ,2026-07-04,0,2026-08-03,0,cross_regime_pre2026_to_post2026,hist_gradient_boosting,0.03200182031005148
separacion:4210,2026-0003409,SL-E4,SL,2026-07-05,90,2026-08-04,0,cross_regime_pre2026_to_post2026,hist_gradient_boosting,0.01781393138212786
separacion:4213,2026-0003412,MT-A54,MT,2026-07-05,90,2026-08-04,0,cross_regime_pre2026_to_post2026,hist_gradient_boosting,0.013782706017129024
separacion:4216,2026-0003420,CP-E87,CP,2026-07-05,90,2026-08-04,0,cross_regime_pre2026_to_post2026,hist_gradient_boosting,0.027362518794085466
separacion:4337,2026-0003807,CP-E60,CP,2026-07-05,75,2026-08-04,0,cross_regime_pre2026_to_post2026,hist_gradient_boosting,0.0292841219260231
separacion:4409,2026-0004351,SL-E47,SL,2026-07-05,60,2026-08-04,0,cross_regime_pre2026_to_post2026,hist_gradient_boosting,0.02518695099748183
separacion:4413,2026-0004374,MT-B24,MT,2026-07-05,60,2026-08-04,0,cross_regime_pre2026_to_post2026,hist_gradient_boosting,0.019060360346468526
separacion:4604,2026-0005781,SL-1001,SL,2026-07-05,21,2026-08-04,0,cross_regime_pre2026_to_post2026,hist_gradient_boosting,0.2291432327015505
separacion:4606,2026-0005804,MD-E52,MD,2026-07-05,21,2026-08-04,1,cross_regime_pre2026_to_post2026,hist_gradient_boosting,0.04172187448243802
separacion:4745,2026-0006261,NP-A-E77,NP,2026-07-05,7,2026-08-04,0,cross_regime_pre2026_to_post2026,hist_gradient_boosting,0.026752714896214114
separacion:4343,2026-0003846,FX-E43,FX,2026-07-06,75,2026-08-05,0,cross_regime_pre2026_to_post2026,hist_gradient_boosting,0.03371027392891273
separacion:4609,2026-0005817,NP-A-E106,NP,2026-07-06,21,2026-08-05,0,cross_regime_pre2026_to_post2026,hist_gradient_boosting,0.017547073742704516
separacion:4611,2026-0005815,MD-1401,MD,2026-07-06,21,2026-08-05,0,cross_regime_pre2026_to_post2026,hist_gradient_boosting,0.13446645397353776
separacion:4679,2026-0006048,NP-A-E165,NP,2026-07-06,14,2026-08-05,0,cross_regime_pre2026_to_post2026,hist_gradient_boosting,0.009534311588734908
separacion:4684,2026-0006056,SL-E12,SL,2026-07-06,14,2026-08-05,0,cross_regime_pre2026_to_post2026,hist_gradient_boosting,0.009261102095939628
separacion:4773,2026-0006518,MD-2106,MD,2026-07-06,0,2026-08-05,0,cross_regime_pre2026_to_post2026,hist_gradient_boosting,0.08716180240922723
separacion:4625,2026-0005859,FX-1301,FX,2026-07-07,21,2026-08-06,0,cross_regime_pre2026_to_post2026,hist_gradient_boosting,0.10519708944130605
separacion:4708,2026-0006085,GY-1401,GY,2026-07-07,14,2026-08-06,0,cross_regime_pre2026_to_post2026,hist_gradient_boosting,0.3673508307491262
separacion:4775,2026-0006528,NP-A1306,NP,2026-07-07,0,2026-08-06,0,cross_regime_pre2026_to_post2026,hist_gradient_boosting,0.07671401689438509
separacion:4777,2026-0006546,GY-1602,GY,2026-07-07,0,2026-08-06,0,cross_regime_pre2026_to_post2026,hist_gradient_boosting,0.305606691461822
separacion:4288,2026-0003484,MT-A27,MT,2026-07-08,90,2026-08-07,0,cross_regime_pre2026_to_post2026,hist_gradient_boosting,0.01253457536946574
separacion:4290,2026-0003499,MT-A45,MT,2026-07-08,90,2026-08-07,0,cross_regime_pre2026_to_post2026,hist_gradient_boosting,0.01253457536946574
separacion:4363,2026-0003941,GY-33,GY,2026-07-08,75,2026-08-07,0,cross_regime_pre2026_to_post2026,hist_gradient_boosting,0.029931248567730988
separacion:4648,2026-0005877,FX-1201,FX,2026-07-08,21,2026-08-07,0,cross_regime_pre2026_to_post2026,hist_gradient_boosting,0.16536085813145915
separacion:4649,2026-0005898,FX-1303,FX,2026-07-08,21,2026-08-07,0,cross_regime_pre2026_to_post2026,hist_gradient_boosting,0.11351672994453571
separacion:4295,2026-0003502,SL-E7,SL,2026-07-09,90,2026-08-08,0,cross_regime_pre2026_to_post2026,hist_gradient_boosting,0.01380260291148386
separacion:4365,2026-0003981,TZ-19,TZ,2026-07-09,75,2026-08-08,0,cross_regime_pre2026_to_post2026,hist_gradient_boosting,0.01632618075545197
separacion:4798,2026-0006629,TZ-27,TZ,2026-07-10,0,2026-08-09,0,cross_regime_pre2026_to_post2026,hist_gradient_boosting,0.04685814422663305
separacion:4451,2026-0004523,NP-A-E154,NP,2026-07-11,60,2026-08-10,0,cross_regime_pre2026_to_post2026,hist_gradient_boosting,0.02373423472595971
separacion:4591,2026-0005535,NP-A-E163,NP,2026-07-11,30,2026-08-10,0,cross_regime_pre2026_to_post2026,hist_gradient_boosting,0.020115890531393482
separacion:4596,2026-0005566,NP-A1303,NP,2026-07-11,30,2026-08-10,0,cross_regime_pre2026_to_post2026,hist_gradient_boosting,0.12879213824397956
separacion:4743,2026-0006183,MD-E49,MD,2026-07-11,14,2026-08-10,0,cross_regime_pre2026_to_post2026,hist_gradient_boosting,0.04089968125057645
separacion:4762,2026-0006421,TZ-28,TZ,2026-07-11,7,2026-08-10,0,cross_regime_pre2026_to_post2026,hist_gradient_boosting,0.02712422052626009
separacion:4803,2026-0006693,SL-1606,SL,2026-07-11,0,2026-08-10,0,cross_regime_pre2026_to_post2026,hist_gradient_boosting,0.08105217359380891
separacion:4370,2026-0004112,NP-A-E06,NP,2026-07-12,75,2026-08-11,0,cross_regime_pre2026_to_post2026,hist_gradient_boosting,0.022798521151076858
separacion:4599,2026-0005574,CP-E2,CP,2026-07-12,30,2026-08-11,0,cross_regime_pre2026_to_post2026,hist_gradient_boosting,0.03874279522535211
separacion:4745,2026-0006261,NP-A-E77,NP,2026-07-12,14,2026-08-11,0,cross_regime_pre2026_to_post2026,hist_gradient_boosting,0.017992396196911307
separacion:4804,2026-0006713,CP-B908,CP,2026-07-12,0,2026-08-11,0,cross_regime_pre2026_to_post2026,hist_gradient_boosting,0.12152524826821254
separacion:4805,2026-0006709,MT-A1205,MT,2026-07-12,0,2026-08-11,0,cross_regime_pre2026_to_post2026,hist_gradient_boosting,0.07653254550785851
separacion:4301,2026-0003630,NP-A-E08,NP,2026-07-13,90,2026-08-12,0,cross_regime_pre2026_to_post2026,hist_gradient_boosting,0.036145858141782714
separacion:4457,2026-0004561,MT-B28,MT,2026-07-13,60,2026-08-12,0,cross_regime_pre2026_to_post2026,hist_gradient_boosting,0.028653743743055814
separacion:4601,2026-0005611,FX-E28,FX,2026-07-13,30,2026-08-12,0,cross_regime_pre2026_to_post2026,hist_gradient_boosting,0.0566118537273802
separacion:4679,2026-0006048,NP-A-E165,NP,2026-07-13,21,2026-08-12,0,cross_regime_pre2026_to_post2026,hist_gradient_boosting,0.010545642649032587
separacion:4684,2026-0006056,SL-E12,SL,2026-07-13,21,2026-08-12,0,cross_regime_pre2026_to_post2026,hist_gradient_boosting,0.00957903051137297
separacion:4809,2026-0006749,NP-A-E169,NP,2026-07-13,0,2026-08-12,1,cross_regime_pre2026_to_post2026,hist_gradient_boosting,0.009070926665430133
separacion:4810,2026-0006752,NP-A-E16,NP,2026-07-13,0,2026-08-12,0,cross_regime_pre2026_to_post2026,hist_gradient_boosting,0.009070926665430133
separacion:4811,2026-0006758,MT-A602,MT,2026-07-13,0,2026-08-12,1,cross_regime_pre2026_to_post2026,hist_gradient_boosting,0.02484316939395214
separacion:4463,2026-0004597,TZ-40,TZ,2026-07-14,60,2026-08-13,0,cross_regime_pre2026_to_post2026,hist_gradient_boosting,0.057763141974808134
separacion:4464,2026-0004616,TZ-43,TZ,2026-07-14,60,2026-08-13,0,cross_regime_pre2026_to_post2026,hist_gradient_boosting,0.057763141974808134
separacion:4606,2026-0005804,MD-E52,MD,2026-07-14,30,2026-08-13,1,cross_regime_pre2026_to_post2026,hist_gradient_boosting,0.046200789932981906
separacion:4775,2026-0006528,NP-A1306,NP,2026-07-14,7,2026-08-13,0,cross_regime_pre2026_to_post2026,hist_gradient_boosting,0.09014660294513765
separacion:4777,2026-0006546,GY-1602,GY,2026-07-14,7,2026-08-13,0,cross_regime_pre2026_to_post2026,hist_gradient_boosting,0.32185194773921855
separacion:4389,2026-0004188,SL-E1,SL,2026-07-15,75,2026-08-14,0,cross_regime_pre2026_to_post2026,hist_gradient_boosting,0.00804796320367048
separacion:4609,2026-0005817,NP-A-E106,NP,2026-07-15,30,2026-08-14,0,cross_regime_pre2026_to_post2026,hist_gradient_boosting,0.03005039026296507
separacion:4611,2026-0005815,MD-1401,MD,2026-07-15,30,2026-08-14,1,cross_regime_pre2026_to_post2026,hist_gradient_boosting,0.2976573023664965
separacion:4553,2026-0005356,NP-A-E161,NP,2026-07-16,75,2026-08-15,0,cross_regime_pre2026_to_post2026,hist_gradient_boosting,0.017888285543772586
separacion:4625,2026-0005859,FX-1301,FX,2026-07-16,30,2026-08-15,0,cross_regime_pre2026_to_post2026,hist_gradient_boosting,0.14807457370989657
separacion:4817,2026-0006802,CP-E78,CP,2026-07-16,0,2026-08-15,0,cross_regime_pre2026_to_post2026,hist_gradient_boosting,0.037185755505234445
separacion:4818,2026-0006805,MD-E29,MD,2026-07-16,0,2026-08-15,1,cross_regime_pre2026_to_post2026,hist_gradient_boosting,0.02611344823191837
separacion:4823,2026-0006814,GY-806,GY,2026-07-16,0,2026-08-15,0,cross_regime_pre2026_to_post2026,hist_gradient_boosting,0.14947262821615442
separacion:4824,2026-0006815,GY-42,GY,2026-07-16,0,2026-08-15,0,cross_regime_pre2026_to_post2026,hist_gradient_boosting,0.02621153667546798
separacion:4484,2026-0004638,CP-E18,CP,2026-07-17,60,2026-08-16,0,cross_regime_pre2026_to_post2026,hist_gradient_boosting,0.019992096490798156
separacion:4555,2026-0005288,MD-E66,MD,2026-07-17,45,2026-08-16,0,cross_regime_pre2026_to_post2026,hist_gradient_boosting,0.016473285414587223
separacion:4798,2026-0006629,TZ-27,TZ,2026-07-17,7,2026-08-16,0,cross_regime_pre2026_to_post2026,hist_gradient_boosting,0.04576771890873687
separacion:4400,2026-0004310,NP-A-E134,NP,2026-07-18,75,2026-08-17,0,cross_regime_pre2026_to_post2026,hist_gradient_boosting,0.020030910659962674
separacion:4743,2026-0006183,MD-E49,MD,2026-07-18,21,2026-08-17,0,cross_regime_pre2026_to_post2026,hist_gradient_boosting,0.0427390605666125
separacion:4762,2026-0006421,TZ-28,TZ,2026-07-18,14,2026-08-17,0,cross_regime_pre2026_to_post2026,hist_gradient_boosting,0.031449474110243084
separacion:4803,2026-0006693,SL-1606,SL,2026-07-18,7,2026-08-17,0,cross_regime_pre2026_to_post2026,hist_gradient_boosting,0.12717273579685504
separacion:4858,2026-0006846,FX-204,FX,2026-07-18,0,2026-08-17,0,cross_regime_pre2026_to_post2026,hist_gradient_boosting,0.15219046598299002
separacion:4859,2026-0006847,MD-1302,MD,2026-07-18,0,2026-08-17,0,cross_regime_pre2026_to_post2026,hist_gradient_boosting,0.1338669231353484
separacion:4860,2026-0006852,MT-A501,MT,2026-07-18,0,2026-08-17,0,cross_regime_pre2026_to_post2026,hist_gradient_boosting,0.07027205404928824
separacion:4403,2026-0004320,MD-E97,MD,2026-07-19,75,2026-08-18,0,cross_regime_pre2026_to_post2026,hist_gradient_boosting,0.05032641405257185
separacion:4745,2026-0006261,NP-A-E77,NP,2026-07-19,21,2026-08-18,0,cross_regime_pre2026_to_post2026,hist_gradient_boosting,0.024550033634498047
separacion:4805,2026-0006709,MT-A1205,MT,2026-07-19,7,2026-08-18,0,cross_regime_pre2026_to_post2026,hist_gradient_boosting,0.0806948137086914
separacion:4122,2026-0002991,GY-D7,GY,2026-05-01,45,2026-05-31,0,current_regime_2026_early_to_recent,prevalence_baseline,0.16139540393271737
separacion:4295,2026-0003502,SL-E7,SL,2026-05-01,21,2026-05-31,0,current_regime_2026_early_to_recent,prevalence_baseline,0.16139540393271737
separacion:4363,2026-0003941,GY-33,GY,2026-05-01,7,2026-05-31,0,current_regime_2026_early_to_recent,prevalence_baseline,0.16139540393271737
separacion:4389,2026-0004188,SL-E1,SL,2026-05-01,0,2026-05-31,0,current_regime_2026_early_to_recent,prevalence_baseline,0.16139540393271737
separacion:4131,2026-0003014,EEUU-E50,EEUU,2026-05-02,45,2026-06-01,0,current_regime_2026_early_to_recent,prevalence_baseline,0.16139540393271737
separacion:4365,2026-0003981,TZ-19,TZ,2026-05-02,7,2026-06-01,0,current_regime_2026_early_to_recent,prevalence_baseline,0.16139540393271737
separacion:4393,2026-0004251,CP-B507,CP,2026-05-02,0,2026-06-01,0,current_regime_2026_early_to_recent,prevalence_baseline,0.16139540393271737
separacion:4394,2026-0004235,FX-304,FX,2026-05-02,0,2026-06-01,0,current_regime_2026_early_to_recent,prevalence_baseline,0.16139540393271737
separacion:4395,2026-0004267,GY-605,GY,2026-05-02,0,2026-06-01,0,current_regime_2026_early_to_recent,prevalence_baseline,0.16139540393271737
separacion:4553,2026-0005356,NP-A-E161,NP,2026-05-02,0,2026-06-01,0,current_regime_2026_early_to_recent,prevalence_baseline,0.16139540393271737
separacion:4014,2026-0001698,EEUU-E48,EEUU,2026-05-03,75,2026-06-02,0,current_regime_2026_early_to_recent,prevalence_baseline,0.16139540393271737
separacion:4136,2026-0003041,MT-A04,MT,2026-05-03,45,2026-06-02,0,current_regime_2026_early_to_recent,prevalence_baseline,0.16139540393271737
separacion:4366,2026-0004062,NP-A2306,NP,2026-05-03,7,2026-06-02,0,current_regime_2026_early_to_recent,prevalence_baseline,0.16139540393271737
separacion:4140,2026-0003067,GY-14,GY,2026-05-04,45,2026-06-03,0,current_regime_2026_early_to_recent,prevalence_baseline,0.16139540393271737
separacion:4367,2026-0004067,TZ-50,TZ,2026-05-04,7,2026-06-03,0,current_regime_2026_early_to_recent,prevalence_baseline,0.16139540393271737
separacion:4400,2026-0004310,NP-A-E134,NP,2026-05-04,0,2026-06-03,0,current_regime_2026_early_to_recent,prevalence_baseline,0.16139540393271737
separacion:4401,2026-0004311,MD-1901,MD,2026-05-04,0,2026-06-03,0,current_regime_2026_early_to_recent,prevalence_baseline,0.16139540393271737
separacion:4026,2026-0001742,CP-E27,CP,2026-05-05,75,2026-06-04,0,current_regime_2026_early_to_recent,prevalence_baseline,0.16139540393271737
separacion:4301,2026-0003630,NP-A-E08,NP,2026-05-05,21,2026-06-04,0,current_regime_2026_early_to_recent,prevalence_baseline,0.16139540393271737
separacion:4336,2026-0003787,FX-603,FX,2026-05-05,14,2026-06-04,1,current_regime_2026_early_to_recent,prevalence_baseline,0.16139540393271737
separacion:4337,2026-0003807,CP-E60,CP,2026-05-05,14,2026-06-04,0,current_regime_2026_early_to_recent,prevalence_baseline,0.16139540393271737
separacion:4370,2026-0004112,NP-A-E06,NP,2026-05-05,7,2026-06-04,0,current_regime_2026_early_to_recent,prevalence_baseline,0.16139540393271737
separacion:4402,2026-0004319,MD-1803,MD,2026-05-05,0,2026-06-04,0,current_regime_2026_early_to_recent,prevalence_baseline,0.16139540393271737
separacion:4403,2026-0004320,MD-E97,MD,2026-05-05,0,2026-06-04,0,current_regime_2026_early_to_recent,prevalence_baseline,0.16139540393271737
separacion:4405,2026-0004331,NP-A1501,NP,2026-05-05,0,2026-06-04,0,current_regime_2026_early_to_recent,prevalence_baseline,0.16139540393271737
separacion:4407,2026-0004338,NP-A2210,NP,2026-05-05,0,2026-06-04,0,current_regime_2026_early_to_recent,prevalence_baseline,0.16139540393271737
separacion:4148,2026-0003118,GY-43,GY,2026-05-06,45,2026-06-05,0,current_regime_2026_early_to_recent,prevalence_baseline,0.16139540393271737
separacion:4150,2026-0003125,NP-A1304,NP,2026-05-06,45,2026-06-05,1,current_regime_2026_early_to_recent,prevalence_baseline,0.16139540393271737
separacion:4210,2026-0003409,SL-E4,SL,2026-05-06,30,2026-06-05,0,current_regime_2026_early_to_recent,prevalence_baseline,0.16139540393271737
separacion:4213,2026-0003412,MT-A54,MT,2026-05-06,30,2026-06-05,0,current_regime_2026_early_to_recent,prevalence_baseline,0.16139540393271737
separacion:4216,2026-0003420,CP-E87,CP,2026-05-06,30,2026-06-05,0,current_regime_2026_early_to_recent,prevalence_baseline,0.16139540393271737
separacion:4343,2026-0003846,FX-E43,FX,2026-05-06,14,2026-06-05,0,current_regime_2026_early_to_recent,prevalence_baseline,0.16139540393271737
separacion:4345,2026-0003857,GY-801,GY,2026-05-06,14,2026-06-05,0,current_regime_2026_early_to_recent,prevalence_baseline,0.16139540393271737
separacion:4408,2026-0004330,SL-1308,SL,2026-05-06,0,2026-06-05,0,current_regime_2026_early_to_recent,prevalence_baseline,0.16139540393271737
separacion:4409,2026-0004351,SL-E47,SL,2026-05-06,0,2026-06-05,0,current_regime_2026_early_to_recent,prevalence_baseline,0.16139540393271737
separacion:4413,2026-0004374,MT-B24,MT,2026-05-06,0,2026-06-05,0,current_regime_2026_early_to_recent,prevalence_baseline,0.16139540393271737
separacion:4153,2026-0003145,GY-27,GY,2026-05-07,45,2026-06-06,0,current_regime_2026_early_to_recent,prevalence_baseline,0.16139540393271737
separacion:4352,2026-0003901,EEUU-503,EEUU,2026-05-07,14,2026-06-06,0,current_regime_2026_early_to_recent,prevalence_baseline,0.16139540393271737
separacion:4384,2026-0004153,CP-B705,CP,2026-05-07,7,2026-06-06,0,current_regime_2026_early_to_recent,prevalence_baseline,0.16139540393271737
separacion:4385,2026-0004150,GY-201,GY,2026-05-07,7,2026-06-06,0,current_regime_2026_early_to_recent,prevalence_baseline,0.16139540393271737
separacion:4415,2026-0004385,EEUU-1404,EEUU,2026-05-07,0,2026-06-06,0,current_regime_2026_early_to_recent,prevalence_baseline,0.16139540393271737
separacion:4416,2026-0004370,TZ-106,TZ,2026-05-07,0,2026-06-06,0,current_regime_2026_early_to_recent,prevalence_baseline,0.16139540393271737
separacion:4417,2026-0004387,FX-405,FX,2026-05-07,0,2026-06-06,0,current_regime_2026_early_to_recent,prevalence_baseline,0.16139540393271737
separacion:4163,2026-0003190,MD-E18,MD,2026-05-08,45,2026-06-07,0,current_regime_2026_early_to_recent,prevalence_baseline,0.16139540393271737
separacion:4363,2026-0003941,GY-33,GY,2026-05-08,14,2026-06-07,0,current_regime_2026_early_to_recent,prevalence_baseline,0.16139540393271737
separacion:4389,2026-0004188,SL-E1,SL,2026-05-08,7,2026-06-07,0,current_regime_2026_early_to_recent,prevalence_baseline,0.16139540393271737
separacion:4040,2026-0001859,TZ-17,TZ,2026-05-09,75,2026-06-08,0,current_regime_2026_early_to_recent,prevalence_baseline,0.16139540393271737
separacion:4164,2026-0003197,NP-A-E19,NP,2026-05-09,45,2026-06-08,0,current_regime_2026_early_to_recent,prevalence_baseline,0.16139540393271737
separacion:4288,2026-0003484,MT-A27,MT,2026-05-09,30,2026-06-08,0,current_regime_2026_early_to_recent,prevalence_baseline,0.16139540393271737
separacion:4290,2026-0003499,MT-A45,MT,2026-05-09,30,2026-06-08,0,current_regime_2026_early_to_recent,prevalence_baseline,0.16139540393271737
separacion:4365,2026-0003981,TZ-19,TZ,2026-05-09,14,2026-06-08,0,current_regime_2026_early_to_recent,prevalence_baseline,0.16139540393271737
separacion:4393,2026-0004251,CP-B507,CP,2026-05-09,7,2026-06-08,0,current_regime_2026_early_to_recent,prevalence_baseline,0.16139540393271737
separacion:4394,2026-0004235,FX-304,FX,2026-05-09,7,2026-06-08,0,current_regime_2026_early_to_recent,prevalence_baseline,0.16139540393271737
separacion:4395,2026-0004267,GY-605,GY,2026-05-09,7,2026-06-08,0,current_regime_2026_early_to_recent,prevalence_baseline,0.16139540393271737
separacion:4422,2026-0004435,NP-A1810,NP,2026-05-09,0,2026-06-08,0,current_regime_2026_early_to_recent,prevalence_baseline,0.16139540393271737
separacion:4423,2026-0004300,MT-B1303,MT,2026-05-09,0,2026-06-08,0,current_regime_2026_early_to_recent,prevalence_baseline,0.16139540393271737
separacion:4553,2026-0005356,NP-A-E161,NP,2026-05-09,7,2026-06-08,0,current_regime_2026_early_to_recent,prevalence_baseline,0.16139540393271737
separacion:4166,2026-0003221,CP-E52,CP,2026-05-10,45,2026-06-09,0,current_regime_2026_early_to_recent,prevalence_baseline,0.16139540393271737
separacion:4295,2026-0003502,SL-E7,SL,2026-05-10,30,2026-06-09,0,current_regime_2026_early_to_recent,prevalence_baseline,0.16139540393271737
separacion:4366,2026-0004062,NP-A2306,NP,2026-05-10,14,2026-06-09,0,current_regime_2026_early_to_recent,prevalence_baseline,0.16139540393271737
separacion:4424,2026-0004451,SL-903,SL,2026-05-10,0,2026-06-09,0,current_regime_2026_early_to_recent,prevalence_baseline,0.16139540393271737
separacion:4088,2026-0002498,NP-A1601,NP,2026-05-11,60,2026-06-10,0,current_regime_2026_early_to_recent,prevalence_baseline,0.16139540393271737
separacion:4089,2026-0002499,NP-A1603,NP,2026-05-11,60,2026-06-10,0,current_regime_2026_early_to_recent,prevalence_baseline,0.16139540393271737
separacion:4191,2026-0003242,NP-A2005,NP,2026-05-11,45,2026-06-10,0,current_regime_2026_early_to_recent,prevalence_baseline,0.16139540393271737
separacion:4367,2026-0004067,TZ-50,TZ,2026-05-11,14,2026-06-10,0,current_regime_2026_early_to_recent,prevalence_baseline,0.16139540393271737
separacion:4400,2026-0004310,NP-A-E134,NP,2026-05-11,7,2026-06-10,0,current_regime_2026_early_to_recent,prevalence_baseline,0.16139540393271737
separacion:4401,2026-0004311,MD-1901,MD,2026-05-11,7,2026-06-10,0,current_regime_2026_early_to_recent,prevalence_baseline,0.16139540393271737
separacion:4427,2026-0004436,SL-808,SL,2026-05-11,0,2026-06-10,0,current_regime_2026_early_to_recent,prevalence_baseline,0.16139540393271737
separacion:4192,2026-0003243,CP-B1306,CP,2026-05-12,45,2026-06-11,0,current_regime_2026_early_to_recent,prevalence_baseline,0.16139540393271737
separacion:4193,2026-0003246,NP-A-E138,NP,2026-05-12,45,2026-06-11,0,current_regime_2026_early_to_recent,prevalence_baseline,0.16139540393271737
separacion:4337,2026-0003807,CP-E60,CP,2026-05-12,21,2026-06-11,0,current_regime_2026_early_to_recent,prevalence_baseline,0.16139540393271737
separacion:4370,2026-0004112,NP-A-E06,NP,2026-05-12,14,2026-06-11,0,current_regime_2026_early_to_recent,prevalence_baseline,0.16139540393271737
separacion:4402,2026-0004319,MD-1803,MD,2026-05-12,7,2026-06-11,0,current_regime_2026_early_to_recent,prevalence_baseline,0.16139540393271737
separacion:4403,2026-0004320,MD-E97,MD,2026-05-12,7,2026-06-11,0,current_regime_2026_early_to_recent,prevalence_baseline,0.16139540393271737
separacion:4407,2026-0004338,NP-A2210,NP,2026-05-12,7,2026-06-11,0,current_regime_2026_early_to_recent,prevalence_baseline,0.16139540393271737
separacion:4451,2026-0004523,NP-A-E154,NP,2026-05-12,0,2026-06-11,0,current_regime_2026_early_to_recent,prevalence_baseline,0.16139540393271737
separacion:4106,2026-0002781,FX-E16,FX,2026-05-13,60,2026-06-12,0,current_regime_2026_early_to_recent,prevalence_baseline,0.16139540393271737
separacion:4343,2026-0003846,FX-E43,FX,2026-05-13,21,2026-06-12,0,current_regime_2026_early_to_recent,prevalence_baseline,0.16139540393271737
separacion:4345,2026-0003857,GY-801,GY,2026-05-13,21,2026-06-12,0,current_regime_2026_early_to_recent,prevalence_baseline,0.16139540393271737
separacion:4408,2026-0004330,SL-1308,SL,2026-05-13,7,2026-06-12,0,current_regime_2026_early_to_recent,prevalence_baseline,0.16139540393271737
separacion:4409,2026-0004351,SL-E47,SL,2026-05-13,7,2026-06-12,0,current_regime_2026_early_to_recent,prevalence_baseline,0.16139540393271737
separacion:4413,2026-0004374,MT-B24,MT,2026-05-13,7,2026-06-12,0,current_regime_2026_early_to_recent,prevalence_baseline,0.16139540393271737
separacion:4452,2026-0004527,SL-207,SL,2026-05-13,0,2026-06-12,0,current_regime_2026_early_to_recent,prevalence_baseline,0.16139540393271737
separacion:4107,2026-0002813,GY-303,GY,2026-05-14,60,2026-06-13,0,current_regime_2026_early_to_recent,prevalence_baseline,0.16139540393271737
separacion:4109,2026-0002890,MT-A57,MT,2026-05-14,60,2026-06-13,1,current_regime_2026_early_to_recent,prevalence_baseline,0.16139540393271737
separacion:4202,2026-0003313,NP-A2203,NP,2026-05-14,45,2026-06-13,0,current_regime_2026_early_to_recent,prevalence_baseline,0.16139540393271737
separacion:4203,2026-0003315,NP-A2204,NP,2026-05-14,45,2026-06-13,0,current_regime_2026_early_to_recent,prevalence_baseline,0.16139540393271737
separacion:4301,2026-0003630,NP-A-E08,NP,2026-05-14,30,2026-06-13,0,current_regime_2026_early_to_recent,prevalence_baseline,0.16139540393271737
separacion:4352,2026-0003901,EEUU-503,EEUU,2026-05-14,21,2026-06-13,0,current_regime_2026_early_to_recent,prevalence_baseline,0.16139540393271737
separacion:4384,2026-0004153,CP-B705,CP,2026-05-14,14,2026-06-13,1,current_regime_2026_early_to_recent,prevalence_baseline,0.16139540393271737
separacion:4385,2026-0004150,GY-201,GY,2026-05-14,14,2026-06-13,0,current_regime_2026_early_to_recent,prevalence_baseline,0.16139540393271737
separacion:4415,2026-0004385,EEUU-1404,EEUU,2026-05-14,7,2026-06-13,0,current_regime_2026_early_to_recent,prevalence_baseline,0.16139540393271737
separacion:4455,2026-0004548,NP-A1901,NP,2026-05-14,0,2026-06-13,0,current_regime_2026_early_to_recent,prevalence_baseline,0.16139540393271737
separacion:4457,2026-0004561,MT-B28,MT,2026-05-14,0,2026-06-13,0,current_regime_2026_early_to_recent,prevalence_baseline,0.16139540393271737
separacion:4363,2026-0003941,GY-33,GY,2026-05-15,21,2026-06-14,0,current_regime_2026_early_to_recent,prevalence_baseline,0.16139540393271737
separacion:4389,2026-0004188,SL-E1,SL,2026-05-15,14,2026-06-14,0,current_regime_2026_early_to_recent,prevalence_baseline,0.16139540393271737
separacion:4463,2026-0004597,TZ-40,TZ,2026-05-15,0,2026-06-14,0,current_regime_2026_early_to_recent,prevalence_baseline,0.16139540393271737
separacion:4464,2026-0004616,TZ-43,TZ,2026-05-15,0,2026-06-14,0,current_regime_2026_early_to_recent,prevalence_baseline,0.16139540393271737
separacion:4122,2026-0002991,GY-D7,GY,2026-05-16,60,2026-06-15,0,current_regime_2026_early_to_recent,prevalence_baseline,0.16139540393271737
separacion:4365,2026-0003981,TZ-19,TZ,2026-05-16,21,2026-06-15,0,current_regime_2026_early_to_recent,prevalence_baseline,0.16139540393271737
separacion:4393,2026-0004251,CP-B507,CP,2026-05-16,14,2026-06-15,0,current_regime_2026_early_to_recent,prevalence_baseline,0.16139540393271737
separacion:4394,2026-0004235,FX-304,FX,2026-05-16,14,2026-06-15,0,current_regime_2026_early_to_recent,prevalence_baseline,0.16139540393271737
separacion:4422,2026-0004435,NP-A1810,NP,2026-05-16,7,2026-06-15,0,current_regime_2026_early_to_recent,prevalence_baseline,0.16139540393271737
separacion:4423,2026-0004300,MT-B1303,MT,2026-05-16,7,2026-06-15,0,current_regime_2026_early_to_recent,prevalence_baseline,0.16139540393271737
separacion:4466,2026-0004655,NP-A1506,NP,2026-05-16,0,2026-06-15,0,current_regime_2026_early_to_recent,prevalence_baseline,0.16139540393271737
separacion:4468,2026-0004668,EEUU-203,EEUU,2026-05-16,0,2026-06-15,1,current_regime_2026_early_to_recent,prevalence_baseline,0.16139540393271737
separacion:4471,2026-0004712,FX-402,FX,2026-05-16,0,2026-06-15,1,current_regime_2026_early_to_recent,prevalence_baseline,0.16139540393271737
separacion:4553,2026-0005356,NP-A-E161,NP,2026-05-16,14,2026-06-15,0,current_regime_2026_early_to_recent,prevalence_baseline,0.16139540393271737
separacion:4131,2026-0003014,EEUU-E50,EEUU,2026-05-17,60,2026-06-16,0,current_regime_2026_early_to_recent,prevalence_baseline,0.16139540393271737
separacion:4366,2026-0004062,NP-A2306,NP,2026-05-17,21,2026-06-16,0,current_regime_2026_early_to_recent,prevalence_baseline,0.16139540393271737
separacion:4424,2026-0004451,SL-903,SL,2026-05-17,7,2026-06-16,0,current_regime_2026_early_to_recent,prevalence_baseline,0.16139540393271737
separacion:4472,2026-0004699,SL-908,SL,2026-05-17,0,2026-06-16,0,current_regime_2026_early_to_recent,prevalence_baseline,0.16139540393271737
separacion:4473,2026-0004716,NP-A2707,NP,2026-05-17,0,2026-06-16,0,current_regime_2026_early_to_recent,prevalence_baseline,0.16139540393271737
separacion:4474,2026-0004773,SL-1006,SL,2026-05-17,0,2026-06-16,0,current_regime_2026_early_to_recent,prevalence_baseline,0.16139540393271737
separacion:4475,2026-0004774,SL-406,SL,2026-05-17,0,2026-06-16,0,current_regime_2026_early_to_recent,prevalence_baseline,0.16139540393271737
separacion:4477,2026-0004791,SL-1302,SL,2026-05-17,0,2026-06-16,0,current_regime_2026_early_to_recent,prevalence_baseline,0.16139540393271737
separacion:4478,2026-0004831,SL-1506,SL,2026-05-17,0,2026-06-16,0,current_regime_2026_early_to_recent,prevalence_baseline,0.16139540393271737
separacion:4479,2026-0004836,GY-1603,GY,2026-05-17,0,2026-06-16,0,current_regime_2026_early_to_recent,prevalence_baseline,0.16139540393271737
separacion:4480,2026-0004850,MD-1403,MD,2026-05-17,0,2026-06-16,0,current_regime_2026_early_to_recent,prevalence_baseline,0.16139540393271737
separacion:4481,2026-0004572,FX-901,FX,2026-05-17,0,2026-06-16,1,current_regime_2026_early_to_recent,prevalence_baseline,0.16139540393271737
separacion:4482,2026-0004857,NP-A1008,NP,2026-05-17,0,2026-06-16,1,current_regime_2026_early_to_recent,prevalence_baseline,0.16139540393271737
separacion:4483,2026-0004861,NP-A2608,NP,2026-05-17,0,2026-06-16,0,current_regime_2026_early_to_recent,prevalence_baseline,0.16139540393271737
separacion:4136,2026-0003041,MT-A04,MT,2026-05-18,60,2026-06-17,0,current_regime_2026_early_to_recent,prevalence_baseline,0.16139540393271737
separacion:4367,2026-0004067,TZ-50,TZ,2026-05-18,21,2026-06-17,0,current_regime_2026_early_to_recent,prevalence_baseline,0.16139540393271737
separacion:4400,2026-0004310,NP-A-E134,NP,2026-05-18,14,2026-06-17,0,current_regime_2026_early_to_recent,prevalence_baseline,0.16139540393271737
separacion:4427,2026-0004436,SL-808,SL,2026-05-18,7,2026-06-17,0,current_regime_2026_early_to_recent,prevalence_baseline,0.16139540393271737
separacion:4484,2026-0004638,CP-E18,CP,2026-05-18,0,2026-06-17,0,current_regime_2026_early_to_recent,prevalence_baseline,0.16139540393271737
separacion:4486,2026-0004887,MT-A701,MT,2026-05-18,0,2026-06-17,0,current_regime_2026_early_to_recent,prevalence_baseline,0.16139540393271737
separacion:4495,2026-0004886,NP-A904,NP,2026-05-18,0,2026-06-17,0,current_regime_2026_early_to_recent,prevalence_baseline,0.16139540393271737
separacion:4498,2026-0004746,NP-A2706,NP,2026-05-18,0,2026-06-17,0,current_regime_2026_early_to_recent,prevalence_baseline,0.16139540393271737
separacion:4140,2026-0003067,GY-14,GY,2026-05-19,60,2026-06-18,0,current_regime_2026_early_to_recent,prevalence_baseline,0.16139540393271737
separacion:4370,2026-0004112,NP-A-E06,NP,2026-05-19,21,2026-06-18,0,current_regime_2026_early_to_recent,prevalence_baseline,0.16139540393271737
separacion:4403,2026-0004320,MD-E97,MD,2026-05-19,14,2026-06-18,0,current_regime_2026_early_to_recent,prevalence_baseline,0.16139540393271737
separacion:4407,2026-0004338,NP-A2210,NP,2026-05-19,14,2026-06-18,0,current_regime_2026_early_to_recent,prevalence_baseline,0.16139540393271737
separacion:4451,2026-0004523,NP-A-E154,NP,2026-05-19,7,2026-06-18,0,current_regime_2026_early_to_recent,prevalence_baseline,0.16139540393271737
separacion:4502,2026-0004895,NP-A802,NP,2026-05-19,0,2026-06-18,0,current_regime_2026_early_to_recent,prevalence_baseline,0.16139540393271737
separacion:4409,2026-0004351,SL-E47,SL,2026-05-20,14,2026-06-19,0,current_regime_2026_early_to_recent,prevalence_baseline,0.16139540393271737
separacion:4413,2026-0004374,MT-B24,MT,2026-05-20,14,2026-06-19,0,current_regime_2026_early_to_recent,prevalence_baseline,0.16139540393271737
separacion:4452,2026-0004527,SL-207,SL,2026-05-20,7,2026-06-19,0,current_regime_2026_early_to_recent,prevalence_baseline,0.16139540393271737
separacion:4505,2026-0004947,MT-A1002,MT,2026-05-20,0,2026-06-19,0,current_regime_2026_early_to_recent,prevalence_baseline,0.16139540393271737
separacion:4148,2026-0003118,GY-43,GY,2026-05-21,60,2026-06-20,0,current_regime_2026_early_to_recent,prevalence_baseline,0.16139540393271737
separacion:4210,2026-0003409,SL-E4,SL,2026-05-21,45,2026-06-20,0,current_regime_2026_early_to_recent,prevalence_baseline,0.16139540393271737
separacion:4213,2026-0003412,MT-A54,MT,2026-05-21,45,2026-06-20,0,current_regime_2026_early_to_recent,prevalence_baseline,0.16139540393271737
separacion:4216,2026-0003420,CP-E87,CP,2026-05-21,45,2026-06-20,0,current_regime_2026_early_to_recent,prevalence_baseline,0.16139540393271737
separacion:4337,2026-0003807,CP-E60,CP,2026-05-21,30,2026-06-20,0,current_regime_2026_early_to_recent,prevalence_baseline,0.16139540393271737
separacion:4384,2026-0004153,CP-B705,CP,2026-05-21,21,2026-06-20,1,current_regime_2026_early_to_recent,prevalence_baseline,0.16139540393271737
separacion:4385,2026-0004150,GY-201,GY,2026-05-21,21,2026-06-20,0,current_regime_2026_early_to_recent,prevalence_baseline,0.16139540393271737
separacion:4415,2026-0004385,EEUU-1404,EEUU,2026-05-21,14,2026-06-20,0,current_regime_2026_early_to_recent,prevalence_baseline,0.16139540393271737
separacion:4455,2026-0004548,NP-A1901,NP,2026-05-21,7,2026-06-20,0,current_regime_2026_early_to_recent,prevalence_baseline,0.16139540393271737
separacion:4457,2026-0004561,MT-B28,MT,2026-05-21,7,2026-06-20,0,current_regime_2026_early_to_recent,prevalence_baseline,0.16139540393271737
separacion:4508,2026-0004899,FX-605,FX,2026-05-21,0,2026-06-20,0,current_regime_2026_early_to_recent,prevalence_baseline,0.16139540393271737
separacion:4153,2026-0003145,GY-27,GY,2026-05-22,60,2026-06-21,0,current_regime_2026_early_to_recent,prevalence_baseline,0.16139540393271737
separacion:4343,2026-0003846,FX-E43,FX,2026-05-22,30,2026-06-21,0,current_regime_2026_early_to_recent,prevalence_baseline,0.16139540393271737
separacion:4345,2026-0003857,GY-801,GY,2026-05-22,30,2026-06-21,0,current_regime_2026_early_to_recent,prevalence_baseline,0.16139540393271737
separacion:4389,2026-0004188,SL-E1,SL,2026-05-22,21,2026-06-21,0,current_regime_2026_early_to_recent,prevalence_baseline,0.16139540393271737
separacion:4463,2026-0004597,TZ-40,TZ,2026-05-22,7,2026-06-21,0,current_regime_2026_early_to_recent,prevalence_baseline,0.16139540393271737
separacion:4464,2026-0004616,TZ-43,TZ,2026-05-22,7,2026-06-21,0,current_regime_2026_early_to_recent,prevalence_baseline,0.16139540393271737
separacion:4511,2026-0004992,CP-B1207,CP,2026-05-22,0,2026-06-21,0,current_regime_2026_early_to_recent,prevalence_baseline,0.16139540393271737
separacion:4163,2026-0003190,MD-E18,MD,2026-05-23,60,2026-06-22,0,current_regime_2026_early_to_recent,prevalence_baseline,0.16139540393271737
separacion:4352,2026-0003901,EEUU-503,EEUU,2026-05-23,30,2026-06-22,1,current_regime_2026_early_to_recent,prevalence_baseline,0.16139540393271737
separacion:4394,2026-0004235,FX-304,FX,2026-05-23,21,2026-06-22,0,current_regime_2026_early_to_recent,prevalence_baseline,0.16139540393271737
separacion:4468,2026-0004668,EEUU-203,EEUU,2026-05-23,7,2026-06-22,1,current_regime_2026_early_to_recent,prevalence_baseline,0.16139540393271737
separacion:4512,2026-0004858,SL-1008,SL,2026-05-23,0,2026-06-22,0,current_regime_2026_early_to_recent,prevalence_baseline,0.16139540393271737
separacion:4553,2026-0005356,NP-A-E161,NP,2026-05-23,21,2026-06-22,0,current_regime_2026_early_to_recent,prevalence_baseline,0.16139540393271737
separacion:4164,2026-0003197,NP-A-E19,NP,2026-05-24,60,2026-06-23,0,current_regime_2026_early_to_recent,prevalence_baseline,0.16139540393271737
separacion:4288,2026-0003484,MT-A27,MT,2026-05-24,45,2026-06-23,0,current_regime_2026_early_to_recent,prevalence_baseline,0.16139540393271737
separacion:4290,2026-0003499,MT-A45,MT,2026-05-24,45,2026-06-23,0,current_regime_2026_early_to_recent,prevalence_baseline,0.16139540393271737
separacion:4363,2026-0003941,GY-33,GY,2026-05-24,30,2026-06-23,0,current_regime_2026_early_to_recent,prevalence_baseline,0.16139540393271737
separacion:4424,2026-0004451,SL-903,SL,2026-05-24,14,2026-06-23,0,current_regime_2026_early_to_recent,prevalence_baseline,0.16139540393271737
separacion:4472,2026-0004699,SL-908,SL,2026-05-24,7,2026-06-23,0,current_regime_2026_early_to_recent,prevalence_baseline,0.16139540393271737
separacion:4474,2026-0004773,SL-1006,SL,2026-05-24,7,2026-06-23,0,current_regime_2026_early_to_recent,prevalence_baseline,0.16139540393271737
separacion:4475,2026-0004774,SL-406,SL,2026-05-24,7,2026-06-23,0,current_regime_2026_early_to_recent,prevalence_baseline,0.16139540393271737
separacion:4477,2026-0004791,SL-1302,SL,2026-05-24,7,2026-06-23,0,current_regime_2026_early_to_recent,prevalence_baseline,0.16139540393271737
separacion:4479,2026-0004836,GY-1603,GY,2026-05-24,7,2026-06-23,0,current_regime_2026_early_to_recent,prevalence_baseline,0.16139540393271737
separacion:4480,2026-0004850,MD-1403,MD,2026-05-24,7,2026-06-23,1,current_regime_2026_early_to_recent,prevalence_baseline,0.16139540393271737
separacion:4483,2026-0004861,NP-A2608,NP,2026-05-24,7,2026-06-23,0,current_regime_2026_early_to_recent,prevalence_baseline,0.16139540393271737
separacion:4166,2026-0003221,CP-E52,CP,2026-05-25,60,2026-06-24,0,current_regime_2026_early_to_recent,prevalence_baseline,0.16139540393271737
separacion:4295,2026-0003502,SL-E7,SL,2026-05-25,45,2026-06-24,0,current_regime_2026_early_to_recent,prevalence_baseline,0.16139540393271737
separacion:4365,2026-0003981,TZ-19,TZ,2026-05-25,30,2026-06-24,0,current_regime_2026_early_to_recent,prevalence_baseline,0.16139540393271737
separacion:4400,2026-0004310,NP-A-E134,NP,2026-05-25,21,2026-06-24,0,current_regime_2026_early_to_recent,prevalence_baseline,0.16139540393271737
separacion:4427,2026-0004436,SL-808,SL,2026-05-25,14,2026-06-24,0,current_regime_2026_early_to_recent,prevalence_baseline,0.16139540393271737
separacion:4484,2026-0004638,CP-E18,CP,2026-05-25,7,2026-06-24,0,current_regime_2026_early_to_recent,prevalence_baseline,0.16139540393271737
separacion:4486,2026-0004887,MT-A701,MT,2026-05-25,7,2026-06-24,0,current_regime_2026_early_to_recent,prevalence_baseline,0.16139540393271737
separacion:4495,2026-0004886,NP-A904,NP,2026-05-25,7,2026-06-24,0,current_regime_2026_early_to_recent,prevalence_baseline,0.16139540393271737
separacion:4498,2026-0004746,NP-A2706,NP,2026-05-25,7,2026-06-24,0,current_regime_2026_early_to_recent,prevalence_baseline,0.16139540393271737
separacion:4513,2026-0004955,MT-A1206,MT,2026-05-25,0,2026-06-24,0,current_regime_2026_early_to_recent,prevalence_baseline,0.16139540393271737
separacion:4191,2026-0003242,NP-A2005,NP,2026-05-26,60,2026-06-25,1,current_regime_2026_early_to_recent,prevalence_baseline,0.16139540393271737
separacion:4403,2026-0004320,MD-E97,MD,2026-05-26,21,2026-06-25,0,current_regime_2026_early_to_recent,prevalence_baseline,0.16139540393271737
separacion:4451,2026-0004523,NP-A-E154,NP,2026-05-26,14,2026-06-25,0,current_regime_2026_early_to_recent,prevalence_baseline,0.16139540393271737
separacion:4528,2026-0005078,SL-1206,SL,2026-05-26,0,2026-06-25,0,current_regime_2026_early_to_recent,prevalence_baseline,0.16139540393271737
separacion:4192,2026-0003243,CP-B1306,CP,2026-05-27,60,2026-06-26,0,current_regime_2026_early_to_recent,prevalence_baseline,0.16139540393271737
separacion:4193,2026-0003246,NP-A-E138,NP,2026-05-27,60,2026-06-26,0,current_regime_2026_early_to_recent,prevalence_baseline,0.16139540393271737
separacion:4367,2026-0004067,TZ-50,TZ,2026-05-27,30,2026-06-26,0,current_regime_2026_early_to_recent,prevalence_baseline,0.16139540393271737
separacion:4409,2026-0004351,SL-E47,SL,2026-05-27,21,2026-06-26,0,current_regime_2026_early_to_recent,prevalence_baseline,0.16139540393271737
separacion:4413,2026-0004374,MT-B24,MT,2026-05-27,21,2026-06-26,0,current_regime_2026_early_to_recent,prevalence_baseline,0.16139540393271737
separacion:4532,2026-0005086,NP-A2807,NP,2026-05-27,0,2026-06-26,0,current_regime_2026_early_to_recent,prevalence_baseline,0.16139540393271737
separacion:4106,2026-0002781,FX-E16,FX,2026-05-28,75,2026-06-27,0,current_regime_2026_early_to_recent,prevalence_baseline,0.16139540393271737
separacion:4370,2026-0004112,NP-A-E06,NP,2026-05-28,30,2026-06-27,0,current_regime_2026_early_to_recent,prevalence_baseline,0.16139540393271737
separacion:4455,2026-0004548,NP-A1901,NP,2026-05-28,14,2026-06-27,0,current_regime_2026_early_to_recent,prevalence_baseline,0.16139540393271737
separacion:4457,2026-0004561,MT-B28,MT,2026-05-28,14,2026-06-27,0,current_regime_2026_early_to_recent,prevalence_baseline,0.16139540393271737
separacion:4107,2026-0002813,GY-303,GY,2026-05-29,75,2026-06-28,1,current_regime_2026_early_to_recent,prevalence_baseline,0.16139540393271737
separacion:4202,2026-0003313,NP-A2203,NP,2026-05-29,60,2026-06-28,0,current_regime_2026_early_to_recent,prevalence_baseline,0.16139540393271737
separacion:4203,2026-0003315,NP-A2204,NP,2026-05-29,60,2026-06-28,0,current_regime_2026_early_to_recent,prevalence_baseline,0.16139540393271737
separacion:4301,2026-0003630,NP-A-E08,NP,2026-05-29,45,2026-06-28,0,current_regime_2026_early_to_recent,prevalence_baseline,0.16139540393271737
separacion:4463,2026-0004597,TZ-40,TZ,2026-05-29,14,2026-06-28,0,current_regime_2026_early_to_recent,prevalence_baseline,0.16139540393271737
separacion:4464,2026-0004616,TZ-43,TZ,2026-05-29,14,2026-06-28,0,current_regime_2026_early_to_recent,prevalence_baseline,0.16139540393271737
separacion:4542,2026-0005156,NP-A2601,NP,2026-05-29,0,2026-06-28,1,current_regime_2026_early_to_recent,prevalence_baseline,0.16139540393271737
separacion:4384,2026-0004153,CP-B705,CP,2026-05-30,30,2026-06-29,1,current_regime_2026_early_to_recent,prevalence_baseline,0.16139540393271737
separacion:4468,2026-0004668,EEUU-203,EEUU,2026-05-30,14,2026-06-29,1,current_regime_2026_early_to_recent,prevalence_baseline,0.16139540393271737
separacion:4544,2026-0005233,NP-A2104,NP,2026-05-30,0,2026-06-29,0,current_regime_2026_early_to_recent,prevalence_baseline,0.16139540393271737
separacion:4122,2026-0002991,GY-D7,GY,2026-05-31,75,2026-06-30,0,current_regime_2026_early_to_recent,prevalence_baseline,0.16139540393271737
separacion:4389,2026-0004188,SL-E1,SL,2026-05-31,30,2026-06-30,0,current_regime_2026_early_to_recent,prevalence_baseline,0.16139540393271737
separacion:4479,2026-0004836,GY-1603,GY,2026-05-31,14,2026-06-30,0,current_regime_2026_early_to_recent,prevalence_baseline,0.16139540393271737
separacion:4480,2026-0004850,MD-1403,MD,2026-05-31,14,2026-06-30,1,current_regime_2026_early_to_recent,prevalence_baseline,0.16139540393271737
separacion:4546,2026-0005276,NP-A-E158,NP,2026-05-31,0,2026-06-30,1,current_regime_2026_early_to_recent,prevalence_baseline,0.16139540393271737
separacion:4547,2026-0005274,NP-A2102,NP,2026-05-31,0,2026-06-30,0,current_regime_2026_early_to_recent,prevalence_baseline,0.16139540393271737
separacion:4131,2026-0003014,EEUU-E50,EEUU,2026-06-01,75,2026-07-01,0,current_regime_2026_early_to_recent,prevalence_baseline,0.16139540393271737
separacion:4484,2026-0004638,CP-E18,CP,2026-06-01,14,2026-07-01,0,current_regime_2026_early_to_recent,prevalence_baseline,0.16139540393271737
separacion:4553,2026-0005356,NP-A-E161,NP,2026-06-01,30,2026-07-01,0,current_regime_2026_early_to_recent,prevalence_baseline,0.16139540393271737
separacion:4136,2026-0003041,MT-A04,MT,2026-06-02,75,2026-07-02,0,current_regime_2026_early_to_recent,prevalence_baseline,0.16139540393271737
separacion:4451,2026-0004523,NP-A-E154,NP,2026-06-02,21,2026-07-02,0,current_regime_2026_early_to_recent,prevalence_baseline,0.16139540393271737
separacion:4528,2026-0005078,SL-1206,SL,2026-06-02,7,2026-07-02,0,current_regime_2026_early_to_recent,prevalence_baseline,0.16139540393271737
separacion:4551,2026-0005345,MD-1202,MD,2026-06-02,0,2026-07-02,0,current_regime_2026_early_to_recent,prevalence_baseline,0.16139540393271737
separacion:4554,2026-0005178,MT-B1202,MT,2026-06-02,0,2026-07-02,0,current_regime_2026_early_to_recent,prevalence_baseline,0.16139540393271737
separacion:4555,2026-0005288,MD-E66,MD,2026-06-02,0,2026-07-02,0,current_regime_2026_early_to_recent,prevalence_baseline,0.16139540393271737
separacion:4140,2026-0003067,GY-14,GY,2026-06-03,75,2026-07-03,0,current_regime_2026_early_to_recent,prevalence_baseline,0.16139540393271737
separacion:4400,2026-0004310,NP-A-E134,NP,2026-06-03,30,2026-07-03,0,current_regime_2026_early_to_recent,prevalence_baseline,0.16139540393271737
separacion:4403,2026-0004320,MD-E97,MD,2026-06-04,30,2026-07-04,0,current_regime_2026_early_to_recent,prevalence_baseline,0.16139540393271737
separacion:4455,2026-0004548,NP-A1901,NP,2026-06-04,21,2026-07-04,0,current_regime_2026_early_to_recent,prevalence_baseline,0.16139540393271737
separacion:4457,2026-0004561,MT-B28,MT,2026-06-04,21,2026-07-04,0,current_regime_2026_early_to_recent,prevalence_baseline,0.16139540393271737
separacion:4563,2026-0005384,CP-B808,CP,2026-06-04,0,2026-07-04,0,current_regime_2026_early_to_recent,prevalence_baseline,0.16139540393271737
separacion:4564,2026-0005299,NP-A2507,NP,2026-06-04,0,2026-07-04,0,current_regime_2026_early_to_recent,prevalence_baseline,0.16139540393271737
separacion:4577,2026-0005381,NP-A1710,NP,2026-06-04,0,2026-07-04,0,current_regime_2026_early_to_recent,prevalence_baseline,0.16139540393271737
separacion:4148,2026-0003118,GY-43,GY,2026-06-05,75,2026-07-05,0,current_regime_2026_early_to_recent,prevalence_baseline,0.16139540393271737
separacion:4210,2026-0003409,SL-E4,SL,2026-06-05,60,2026-07-05,0,current_regime_2026_early_to_recent,prevalence_baseline,0.16139540393271737
separacion:4213,2026-0003412,MT-A54,MT,2026-06-05,60,2026-07-05,0,current_regime_2026_early_to_recent,prevalence_baseline,0.16139540393271737
separacion:4216,2026-0003420,CP-E87,CP,2026-06-05,60,2026-07-05,0,current_regime_2026_early_to_recent,prevalence_baseline,0.16139540393271737
separacion:4337,2026-0003807,CP-E60,CP,2026-06-05,45,2026-07-05,0,current_regime_2026_early_to_recent,prevalence_baseline,0.16139540393271737
separacion:4409,2026-0004351,SL-E47,SL,2026-06-05,30,2026-07-05,0,current_regime_2026_early_to_recent,prevalence_baseline,0.16139540393271737
separacion:4413,2026-0004374,MT-B24,MT,2026-06-05,30,2026-07-05,0,current_regime_2026_early_to_recent,prevalence_baseline,0.16139540393271737
separacion:4463,2026-0004597,TZ-40,TZ,2026-06-05,21,2026-07-05,0,current_regime_2026_early_to_recent,prevalence_baseline,0.16139540393271737
separacion:4464,2026-0004616,TZ-43,TZ,2026-06-05,21,2026-07-05,0,current_regime_2026_early_to_recent,prevalence_baseline,0.16139540393271737
separacion:4153,2026-0003145,GY-27,GY,2026-06-06,75,2026-07-06,0,current_regime_2026_early_to_recent,prevalence_baseline,0.16139540393271737
separacion:4343,2026-0003846,FX-E43,FX,2026-06-06,45,2026-07-06,0,current_regime_2026_early_to_recent,prevalence_baseline,0.16139540393271737
separacion:4468,2026-0004668,EEUU-203,EEUU,2026-06-06,21,2026-07-06,1,current_regime_2026_early_to_recent,prevalence_baseline,0.16139540393271737
separacion:4544,2026-0005233,NP-A2104,NP,2026-06-06,7,2026-07-06,0,current_regime_2026_early_to_recent,prevalence_baseline,0.16139540393271737
separacion:4581,2026-0005412,FX-402,FX,2026-06-06,0,2026-07-06,0,current_regime_2026_early_to_recent,prevalence_baseline,0.16139540393271737
separacion:4163,2026-0003190,MD-E18,MD,2026-06-07,75,2026-07-07,0,current_regime_2026_early_to_recent,prevalence_baseline,0.16139540393271737
separacion:4352,2026-0003901,EEUU-503,EEUU,2026-06-07,45,2026-07-07,1,current_regime_2026_early_to_recent,prevalence_baseline,0.16139540393271737
separacion:4479,2026-0004836,GY-1603,GY,2026-06-07,21,2026-07-07,0,current_regime_2026_early_to_recent,prevalence_baseline,0.16139540393271737
separacion:4480,2026-0004850,MD-1403,MD,2026-06-07,21,2026-07-07,1,current_regime_2026_early_to_recent,prevalence_baseline,0.16139540393271737
separacion:4546,2026-0005276,NP-A-E158,NP,2026-06-07,7,2026-07-07,1,current_regime_2026_early_to_recent,prevalence_baseline,0.16139540393271737
separacion:4547,2026-0005274,NP-A2102,NP,2026-06-07,7,2026-07-07,0,current_regime_2026_early_to_recent,prevalence_baseline,0.16139540393271737
separacion:4550,2026-0005313,MT-A1202,MT,2026-06-07,7,2026-07-07,0,current_regime_2026_early_to_recent,prevalence_baseline,0.16139540393271737
separacion:4164,2026-0003197,NP-A-E19,NP,2026-06-08,75,2026-07-08,0,current_regime_2026_early_to_recent,prevalence_baseline,0.16139540393271737
separacion:4288,2026-0003484,MT-A27,MT,2026-06-08,60,2026-07-08,0,current_regime_2026_early_to_recent,prevalence_baseline,0.16139540393271737
separacion:4290,2026-0003499,MT-A45,MT,2026-06-08,60,2026-07-08,0,current_regime_2026_early_to_recent,prevalence_baseline,0.16139540393271737
separacion:4363,2026-0003941,GY-33,GY,2026-06-08,45,2026-07-08,0,current_regime_2026_early_to_recent,prevalence_baseline,0.16139540393271737
separacion:4484,2026-0004638,CP-E18,CP,2026-06-08,21,2026-07-08,0,current_regime_2026_early_to_recent,prevalence_baseline,0.16139540393271737
separacion:4582,2026-0005474,SL-1104,SL,2026-06-08,0,2026-07-08,0,current_regime_2026_early_to_recent,prevalence_baseline,0.16139540393271737
separacion:4166,2026-0003221,CP-E52,CP,2026-06-09,75,2026-07-09,0,current_regime_2026_early_to_recent,prevalence_baseline,0.16139540393271737
separacion:4295,2026-0003502,SL-E7,SL,2026-06-09,60,2026-07-09,0,current_regime_2026_early_to_recent,prevalence_baseline,0.16139540393271737
separacion:4365,2026-0003981,TZ-19,TZ,2026-06-09,45,2026-07-09,0,current_regime_2026_early_to_recent,prevalence_baseline,0.16139540393271737
separacion:4554,2026-0005178,MT-B1202,MT,2026-06-09,7,2026-07-09,0,current_regime_2026_early_to_recent,prevalence_baseline,0.16139540393271737
separacion:4555,2026-0005288,MD-E66,MD,2026-06-09,7,2026-07-09,0,current_regime_2026_early_to_recent,prevalence_baseline,0.16139540393271737
separacion:4191,2026-0003242,NP-A2005,NP,2026-06-10,75,2026-07-10,1,current_regime_2026_early_to_recent,prevalence_baseline,0.16139540393271737
separacion:4589,2026-0005520,NP-A2207,NP,2026-06-10,0,2026-07-10,0,current_regime_2026_early_to_recent,prevalence_baseline,0.16139540393271737
separacion:4192,2026-0003243,CP-B1306,CP,2026-06-11,75,2026-07-11,0,current_regime_2026_early_to_recent,prevalence_baseline,0.16139540393271737
separacion:4193,2026-0003246,NP-A-E138,NP,2026-06-11,75,2026-07-11,0,current_regime_2026_early_to_recent,prevalence_baseline,0.16139540393271737
separacion:4367,2026-0004067,TZ-50,TZ,2026-06-11,45,2026-07-11,0,current_regime_2026_early_to_recent,prevalence_baseline,0.16139540393271737
separacion:4451,2026-0004523,NP-A-E154,NP,2026-06-11,30,2026-07-11,0,current_regime_2026_early_to_recent,prevalence_baseline,0.16139540393271737
separacion:4563,2026-0005384,CP-B808,CP,2026-06-11,7,2026-07-11,0,current_regime_2026_early_to_recent,prevalence_baseline,0.16139540393271737
separacion:4564,2026-0005299,NP-A2507,NP,2026-06-11,7,2026-07-11,0,current_regime_2026_early_to_recent,prevalence_baseline,0.16139540393271737
separacion:4577,2026-0005381,NP-A1710,NP,2026-06-11,7,2026-07-11,0,current_regime_2026_early_to_recent,prevalence_baseline,0.16139540393271737
separacion:4591,2026-0005535,NP-A-E163,NP,2026-06-11,0,2026-07-11,0,current_regime_2026_early_to_recent,prevalence_baseline,0.16139540393271737
separacion:4592,2026-0005534,MD-1701,MD,2026-06-11,0,2026-07-11,0,current_regime_2026_early_to_recent,prevalence_baseline,0.16139540393271737
separacion:4596,2026-0005566,NP-A1303,NP,2026-06-11,0,2026-07-11,0,current_regime_2026_early_to_recent,prevalence_baseline,0.16139540393271737
separacion:4106,2026-0002781,FX-E16,FX,2026-06-12,90,2026-07-12,0,current_regime_2026_early_to_recent,prevalence_baseline,0.16139540393271737
separacion:4370,2026-0004112,NP-A-E06,NP,2026-06-12,45,2026-07-12,0,current_regime_2026_early_to_recent,prevalence_baseline,0.16139540393271737
separacion:4599,2026-0005574,CP-E2,CP,2026-06-12,0,2026-07-12,0,current_regime_2026_early_to_recent,prevalence_baseline,0.16139540393271737
separacion:4107,2026-0002813,GY-303,GY,2026-06-13,90,2026-07-13,1,current_regime_2026_early_to_recent,prevalence_baseline,0.16139540393271737
separacion:4202,2026-0003313,NP-A2203,NP,2026-06-13,75,2026-07-13,0,current_regime_2026_early_to_recent,prevalence_baseline,0.16139540393271737
separacion:4203,2026-0003315,NP-A2204,NP,2026-06-13,75,2026-07-13,0,current_regime_2026_early_to_recent,prevalence_baseline,0.16139540393271737
separacion:4301,2026-0003630,NP-A-E08,NP,2026-06-13,60,2026-07-13,0,current_regime_2026_early_to_recent,prevalence_baseline,0.16139540393271737
separacion:4455,2026-0004548,NP-A1901,NP,2026-06-13,30,2026-07-13,1,current_regime_2026_early_to_recent,prevalence_baseline,0.16139540393271737
separacion:4457,2026-0004561,MT-B28,MT,2026-06-13,30,2026-07-13,0,current_regime_2026_early_to_recent,prevalence_baseline,0.16139540393271737
separacion:4544,2026-0005233,NP-A2104,NP,2026-06-13,14,2026-07-13,0,current_regime_2026_early_to_recent,prevalence_baseline,0.16139540393271737
separacion:4600,2026-0005594,TZ-39,TZ,2026-06-13,0,2026-07-13,0,current_regime_2026_early_to_recent,prevalence_baseline,0.16139540393271737
separacion:4601,2026-0005611,FX-E28,FX,2026-06-13,0,2026-07-13,0,current_regime_2026_early_to_recent,prevalence_baseline,0.16139540393271737
separacion:4602,2026-0005677,MD-1204,MD,2026-06-13,0,2026-07-13,0,current_regime_2026_early_to_recent,prevalence_baseline,0.16139540393271737
separacion:4463,2026-0004597,TZ-40,TZ,2026-06-14,30,2026-07-14,0,current_regime_2026_early_to_recent,prevalence_baseline,0.16139540393271737
separacion:4464,2026-0004616,TZ-43,TZ,2026-06-14,30,2026-07-14,0,current_regime_2026_early_to_recent,prevalence_baseline,0.16139540393271737
separacion:4550,2026-0005313,MT-A1202,MT,2026-06-14,14,2026-07-14,1,current_regime_2026_early_to_recent,prevalence_baseline,0.16139540393271737
separacion:4603,2026-0005740,MD-405,MD,2026-06-14,0,2026-07-14,0,current_regime_2026_early_to_recent,prevalence_baseline,0.16139540393271737
separacion:4604,2026-0005781,SL-1001,SL,2026-06-14,0,2026-07-14,0,current_regime_2026_early_to_recent,prevalence_baseline,0.16139540393271737
separacion:4605,2026-0005789,NP-A2606,NP,2026-06-14,0,2026-07-14,0,current_regime_2026_early_to_recent,prevalence_baseline,0.16139540393271737
separacion:4606,2026-0005804,MD-E52,MD,2026-06-14,0,2026-07-14,0,current_regime_2026_early_to_recent,prevalence_baseline,0.16139540393271737
separacion:4122,2026-0002991,GY-D7,GY,2026-06-15,90,2026-07-15,0,current_regime_2026_early_to_recent,prevalence_baseline,0.16139540393271737
separacion:4389,2026-0004188,SL-E1,SL,2026-06-15,45,2026-07-15,0,current_regime_2026_early_to_recent,prevalence_baseline,0.16139540393271737
separacion:4582,2026-0005474,SL-1104,SL,2026-06-15,7,2026-07-15,0,current_regime_2026_early_to_recent,prevalence_baseline,0.16139540393271737
separacion:4609,2026-0005817,NP-A-E106,NP,2026-06-15,0,2026-07-15,0,current_regime_2026_early_to_recent,prevalence_baseline,0.16139540393271737
separacion:4611,2026-0005815,MD-1401,MD,2026-06-15,0,2026-07-15,0,current_regime_2026_early_to_recent,prevalence_baseline,0.16139540393271737
separacion:4131,2026-0003014,EEUU-E50,EEUU,2026-06-16,90,2026-07-16,0,current_regime_2026_early_to_recent,prevalence_baseline,0.16139540393271737
separacion:4479,2026-0004836,GY-1603,GY,2026-06-16,30,2026-07-16,0,current_regime_2026_early_to_recent,prevalence_baseline,0.16139540393271737
separacion:4480,2026-0004850,MD-1403,MD,2026-06-16,30,2026-07-16,1,current_regime_2026_early_to_recent,prevalence_baseline,0.16139540393271737
separacion:4553,2026-0005356,NP-A-E161,NP,2026-06-16,45,2026-07-16,0,current_regime_2026_early_to_recent,prevalence_baseline,0.16139540393271737
separacion:4555,2026-0005288,MD-E66,MD,2026-06-16,14,2026-07-16,0,current_regime_2026_early_to_recent,prevalence_baseline,0.16139540393271737
separacion:4625,2026-0005859,FX-1301,FX,2026-06-16,0,2026-07-16,0,current_regime_2026_early_to_recent,prevalence_baseline,0.16139540393271737
separacion:4136,2026-0003041,MT-A04,MT,2026-06-17,90,2026-07-17,0,current_regime_2026_early_to_recent,prevalence_baseline,0.16139540393271737
separacion:4484,2026-0004638,CP-E18,CP,2026-06-17,30,2026-07-17,0,current_regime_2026_early_to_recent,prevalence_baseline,0.16139540393271737
separacion:4648,2026-0005877,FX-1201,FX,2026-06-17,0,2026-07-17,0,current_regime_2026_early_to_recent,prevalence_baseline,0.16139540393271737
separacion:4649,2026-0005898,FX-1303,FX,2026-06-17,0,2026-07-17,0,current_regime_2026_early_to_recent,prevalence_baseline,0.16139540393271737
separacion:4650,2026-0005846,FX-505,FX,2026-06-17,0,2026-07-17,0,current_regime_2026_early_to_recent,prevalence_baseline,0.16139540393271737
separacion:4651,2026-0005821,CP-B1107,CP,2026-06-17,0,2026-07-17,0,current_regime_2026_early_to_recent,prevalence_baseline,0.16139540393271737
separacion:4652,2026-0005915,SL-303,SL,2026-06-17,0,2026-07-17,0,current_regime_2026_early_to_recent,prevalence_baseline,0.16139540393271737
separacion:4140,2026-0003067,GY-14,GY,2026-06-18,90,2026-07-18,0,current_regime_2026_early_to_recent,prevalence_baseline,0.16139540393271737
separacion:4400,2026-0004310,NP-A-E134,NP,2026-06-18,45,2026-07-18,0,current_regime_2026_early_to_recent,prevalence_baseline,0.16139540393271737
separacion:4563,2026-0005384,CP-B808,CP,2026-06-18,14,2026-07-18,0,current_regime_2026_early_to_recent,prevalence_baseline,0.16139540393271737
separacion:4591,2026-0005535,NP-A-E163,NP,2026-06-18,7,2026-07-18,0,current_regime_2026_early_to_recent,prevalence_baseline,0.16139540393271737
separacion:4592,2026-0005534,MD-1701,MD,2026-06-18,7,2026-07-18,0,current_regime_2026_early_to_recent,prevalence_baseline,0.16139540393271737
separacion:4596,2026-0005566,NP-A1303,NP,2026-06-18,7,2026-07-18,0,current_regime_2026_early_to_recent,prevalence_baseline,0.16139540393271737
separacion:4655,2026-0005954,EEUU-E1,EEUU,2026-06-18,0,2026-07-18,0,current_regime_2026_early_to_recent,prevalence_baseline,0.16139540393271737
separacion:4403,2026-0004320,MD-E97,MD,2026-06-19,45,2026-07-19,0,current_regime_2026_early_to_recent,prevalence_baseline,0.16139540393271737
separacion:4599,2026-0005574,CP-E2,CP,2026-06-19,7,2026-07-19,0,current_regime_2026_early_to_recent,prevalence_baseline,0.16139540393271737
separacion:4664,2026-0005875,NP-A2609,NP,2026-06-19,0,2026-07-19,0,current_regime_2026_early_to_recent,prevalence_baseline,0.16139540393271737
separacion:4148,2026-0003118,GY-43,GY,2026-06-20,90,2026-07-20,0,current_regime_2026_early_to_recent,prevalence_baseline,0.16139540393271737
separacion:4210,2026-0003409,SL-E4,SL,2026-06-20,75,2026-07-20,0,current_regime_2026_early_to_recent,prevalence_baseline,0.16139540393271737
separacion:4213,2026-0003412,MT-A54,MT,2026-06-20,75,2026-07-20,0,current_regime_2026_early_to_recent,prevalence_baseline,0.16139540393271737
separacion:4216,2026-0003420,CP-E87,CP,2026-06-20,75,2026-07-20,0,current_regime_2026_early_to_recent,prevalence_baseline,0.16139540393271737
separacion:4337,2026-0003807,CP-E60,CP,2026-06-20,60,2026-07-20,0,current_regime_2026_early_to_recent,prevalence_baseline,0.16139540393271737
separacion:4409,2026-0004351,SL-E47,SL,2026-06-20,45,2026-07-20,0,current_regime_2026_early_to_recent,prevalence_baseline,0.16139540393271737
separacion:4413,2026-0004374,MT-B24,MT,2026-06-20,45,2026-07-20,0,current_regime_2026_early_to_recent,prevalence_baseline,0.16139540393271737
separacion:4544,2026-0005233,NP-A2104,NP,2026-06-20,21,2026-07-20,0,current_regime_2026_early_to_recent,prevalence_baseline,0.16139540393271737
separacion:4600,2026-0005594,TZ-39,TZ,2026-06-20,7,2026-07-20,0,current_regime_2026_early_to_recent,prevalence_baseline,0.16139540393271737
separacion:4601,2026-0005611,FX-E28,FX,2026-06-20,7,2026-07-20,0,current_regime_2026_early_to_recent,prevalence_baseline,0.16139540393271737
separacion:4673,2026-0005998,GY-506,GY,2026-06-20,0,2026-07-20,0,current_regime_2026_early_to_recent,prevalence_baseline,0.16139540393271737
separacion:4153,2026-0003145,GY-27,GY,2026-06-21,90,2026-07-21,0,current_regime_2026_early_to_recent,prevalence_baseline,0.16139540393271737
separacion:4343,2026-0003846,FX-E43,FX,2026-06-21,60,2026-07-21,0,current_regime_2026_early_to_recent,prevalence_baseline,0.16139540393271737
separacion:4550,2026-0005313,MT-A1202,MT,2026-06-21,21,2026-07-21,1,current_regime_2026_early_to_recent,prevalence_baseline,0.16139540393271737
separacion:4603,2026-0005740,MD-405,MD,2026-06-21,7,2026-07-21,0,current_regime_2026_early_to_recent,prevalence_baseline,0.16139540393271737
separacion:4604,2026-0005781,SL-1001,SL,2026-06-21,7,2026-07-21,0,current_regime_2026_early_to_recent,prevalence_baseline,0.16139540393271737
separacion:4605,2026-0005789,NP-A2606,NP,2026-06-21,7,2026-07-21,0,current_regime_2026_early_to_recent,prevalence_baseline,0.16139540393271737
separacion:4606,2026-0005804,MD-E52,MD,2026-06-21,7,2026-07-21,1,current_regime_2026_early_to_recent,prevalence_baseline,0.16139540393271737
separacion:4163,2026-0003190,MD-E18,MD,2026-06-22,90,2026-07-22,0,current_regime_2026_early_to_recent,prevalence_baseline,0.16139540393271737
separacion:4582,2026-0005474,SL-1104,SL,2026-06-22,14,2026-07-22,0,current_regime_2026_early_to_recent,prevalence_baseline,0.16139540393271737
separacion:4609,2026-0005817,NP-A-E106,NP,2026-06-22,7,2026-07-22,0,current_regime_2026_early_to_recent,prevalence_baseline,0.16139540393271737
separacion:4611,2026-0005815,MD-1401,MD,2026-06-22,7,2026-07-22,0,current_regime_2026_early_to_recent,prevalence_baseline,0.16139540393271737
separacion:4678,2026-0006039,MT-A601,MT,2026-06-22,0,2026-07-22,0,current_regime_2026_early_to_recent,prevalence_baseline,0.16139540393271737
separacion:4679,2026-0006048,NP-A-E165,NP,2026-06-22,0,2026-07-22,0,current_regime_2026_early_to_recent,prevalence_baseline,0.16139540393271737
separacion:4684,2026-0006056,SL-E12,SL,2026-06-22,0,2026-07-22,0,current_regime_2026_early_to_recent,prevalence_baseline,0.16139540393271737
separacion:4687,2026-0006060,MT-A1006,MT,2026-06-22,0,2026-07-22,0,current_regime_2026_early_to_recent,prevalence_baseline,0.16139540393271737
separacion:4164,2026-0003197,NP-A-E19,NP,2026-06-23,90,2026-07-23,0,current_regime_2026_early_to_recent,prevalence_baseline,0.16139540393271737
separacion:4288,2026-0003484,MT-A27,MT,2026-06-23,75,2026-07-23,0,current_regime_2026_early_to_recent,prevalence_baseline,0.16139540393271737
separacion:4290,2026-0003499,MT-A45,MT,2026-06-23,75,2026-07-23,0,current_regime_2026_early_to_recent,prevalence_baseline,0.16139540393271737
separacion:4363,2026-0003941,GY-33,GY,2026-06-23,60,2026-07-23,0,current_regime_2026_early_to_recent,prevalence_baseline,0.16139540393271737
separacion:4555,2026-0005288,MD-E66,MD,2026-06-23,21,2026-07-23,0,current_regime_2026_early_to_recent,prevalence_baseline,0.16139540393271737
separacion:4625,2026-0005859,FX-1301,FX,2026-06-23,7,2026-07-23,0,current_regime_2026_early_to_recent,prevalence_baseline,0.16139540393271737
separacion:4708,2026-0006085,GY-1401,GY,2026-06-23,0,2026-07-23,0,current_regime_2026_early_to_recent,prevalence_baseline,0.16139540393271737
separacion:4166,2026-0003221,CP-E52,CP,2026-06-24,90,2026-07-24,0,current_regime_2026_early_to_recent,prevalence_baseline,0.16139540393271737
separacion:4295,2026-0003502,SL-E7,SL,2026-06-24,75,2026-07-24,0,current_regime_2026_early_to_recent,prevalence_baseline,0.16139540393271737
separacion:4365,2026-0003981,TZ-19,TZ,2026-06-24,60,2026-07-24,0,current_regime_2026_early_to_recent,prevalence_baseline,0.16139540393271737
separacion:4648,2026-0005877,FX-1201,FX,2026-06-24,7,2026-07-24,0,current_regime_2026_early_to_recent,prevalence_baseline,0.16139540393271737
separacion:4649,2026-0005898,FX-1303,FX,2026-06-24,7,2026-07-24,0,current_regime_2026_early_to_recent,prevalence_baseline,0.16139540393271737
separacion:4650,2026-0005846,FX-505,FX,2026-06-24,7,2026-07-24,0,current_regime_2026_early_to_recent,prevalence_baseline,0.16139540393271737
separacion:4651,2026-0005821,CP-B1107,CP,2026-06-24,7,2026-07-24,0,current_regime_2026_early_to_recent,prevalence_baseline,0.16139540393271737
separacion:4652,2026-0005915,SL-303,SL,2026-06-24,7,2026-07-24,0,current_regime_2026_early_to_recent,prevalence_baseline,0.16139540393271737
separacion:4591,2026-0005535,NP-A-E163,NP,2026-06-25,14,2026-07-25,0,current_regime_2026_early_to_recent,prevalence_baseline,0.16139540393271737
separacion:4592,2026-0005534,MD-1701,MD,2026-06-25,14,2026-07-25,0,current_regime_2026_early_to_recent,prevalence_baseline,0.16139540393271737
separacion:4596,2026-0005566,NP-A1303,NP,2026-06-25,14,2026-07-25,0,current_regime_2026_early_to_recent,prevalence_baseline,0.16139540393271737
separacion:4192,2026-0003243,CP-B1306,CP,2026-06-26,90,2026-07-26,0,current_regime_2026_early_to_recent,prevalence_baseline,0.16139540393271737
separacion:4193,2026-0003246,NP-A-E138,NP,2026-06-26,90,2026-07-26,0,current_regime_2026_early_to_recent,prevalence_baseline,0.16139540393271737
separacion:4367,2026-0004067,TZ-50,TZ,2026-06-26,60,2026-07-26,0,current_regime_2026_early_to_recent,prevalence_baseline,0.16139540393271737
separacion:4451,2026-0004523,NP-A-E154,NP,2026-06-26,45,2026-07-26,0,current_regime_2026_early_to_recent,prevalence_baseline,0.16139540393271737
separacion:4599,2026-0005574,CP-E2,CP,2026-06-26,14,2026-07-26,0,current_regime_2026_early_to_recent,prevalence_baseline,0.16139540393271737
separacion:4370,2026-0004112,NP-A-E06,NP,2026-06-27,60,2026-07-27,0,current_regime_2026_early_to_recent,prevalence_baseline,0.16139540393271737
separacion:4600,2026-0005594,TZ-39,TZ,2026-06-27,14,2026-07-27,0,current_regime_2026_early_to_recent,prevalence_baseline,0.16139540393271737
separacion:4601,2026-0005611,FX-E28,FX,2026-06-27,14,2026-07-27,0,current_regime_2026_early_to_recent,prevalence_baseline,0.16139540393271737
separacion:4742,2026-0006180,MT-A702,MT,2026-06-27,0,2026-07-27,0,current_regime_2026_early_to_recent,prevalence_baseline,0.16139540393271737
separacion:4743,2026-0006183,MD-E49,MD,2026-06-27,0,2026-07-27,0,current_regime_2026_early_to_recent,prevalence_baseline,0.16139540393271737
separacion:4202,2026-0003313,NP-A2203,NP,2026-06-28,90,2026-07-28,0,current_regime_2026_early_to_recent,prevalence_baseline,0.16139540393271737
separacion:4203,2026-0003315,NP-A2204,NP,2026-06-28,90,2026-07-28,0,current_regime_2026_early_to_recent,prevalence_baseline,0.16139540393271737
separacion:4301,2026-0003630,NP-A-E08,NP,2026-06-28,75,2026-07-28,0,current_regime_2026_early_to_recent,prevalence_baseline,0.16139540393271737
separacion:4455,2026-0004548,NP-A1901,NP,2026-06-28,45,2026-07-28,1,current_regime_2026_early_to_recent,prevalence_baseline,0.16139540393271737
separacion:4457,2026-0004561,MT-B28,MT,2026-06-28,45,2026-07-28,0,current_regime_2026_early_to_recent,prevalence_baseline,0.16139540393271737
separacion:4604,2026-0005781,SL-1001,SL,2026-06-28,14,2026-07-28,0,current_regime_2026_early_to_recent,prevalence_baseline,0.16139540393271737
separacion:4606,2026-0005804,MD-E52,MD,2026-06-28,14,2026-07-28,1,current_regime_2026_early_to_recent,prevalence_baseline,0.16139540393271737
separacion:4745,2026-0006261,NP-A-E77,NP,2026-06-28,0,2026-07-28,0,current_regime_2026_early_to_recent,prevalence_baseline,0.16139540393271737
separacion:4746,2026-0006279,NP-A2607,NP,2026-06-28,0,2026-07-28,0,current_regime_2026_early_to_recent,prevalence_baseline,0.16139540393271737
separacion:4463,2026-0004597,TZ-40,TZ,2026-06-29,45,2026-07-29,0,current_regime_2026_early_to_recent,prevalence_baseline,0.16139540393271737
separacion:4464,2026-0004616,TZ-43,TZ,2026-06-29,45,2026-07-29,0,current_regime_2026_early_to_recent,prevalence_baseline,0.16139540393271737
separacion:4544,2026-0005233,NP-A2104,NP,2026-06-29,30,2026-07-29,0,current_regime_2026_early_to_recent,prevalence_baseline,0.16139540393271737
separacion:4609,2026-0005817,NP-A-E106,NP,2026-06-29,14,2026-07-29,0,current_regime_2026_early_to_recent,prevalence_baseline,0.16139540393271737
separacion:4611,2026-0005815,MD-1401,MD,2026-06-29,14,2026-07-29,0,current_regime_2026_early_to_recent,prevalence_baseline,0.16139540393271737
separacion:4679,2026-0006048,NP-A-E165,NP,2026-06-29,7,2026-07-29,0,current_regime_2026_early_to_recent,prevalence_baseline,0.16139540393271737
separacion:4684,2026-0006056,SL-E12,SL,2026-06-29,7,2026-07-29,0,current_regime_2026_early_to_recent,prevalence_baseline,0.16139540393271737
separacion:4389,2026-0004188,SL-E1,SL,2026-06-30,60,2026-07-30,0,current_regime_2026_early_to_recent,prevalence_baseline,0.16139540393271737
separacion:4550,2026-0005313,MT-A1202,MT,2026-06-30,30,2026-07-30,1,current_regime_2026_early_to_recent,prevalence_baseline,0.16139540393271737
separacion:4625,2026-0005859,FX-1301,FX,2026-06-30,14,2026-07-30,0,current_regime_2026_early_to_recent,prevalence_baseline,0.16139540393271737
separacion:4708,2026-0006085,GY-1401,GY,2026-06-30,7,2026-07-30,0,current_regime_2026_early_to_recent,prevalence_baseline,0.16139540393271737
separacion:4752,2026-0006331,NP-A2107,NP,2026-06-30,0,2026-07-30,0,current_regime_2026_early_to_recent,prevalence_baseline,0.16139540393271737
separacion:4553,2026-0005356,NP-A-E161,NP,2026-07-01,60,2026-07-31,0,current_regime_2026_early_to_recent,prevalence_baseline,0.16139540393271737
separacion:4648,2026-0005877,FX-1201,FX,2026-07-01,14,2026-07-31,0,current_regime_2026_early_to_recent,prevalence_baseline,0.16139540393271737
separacion:4649,2026-0005898,FX-1303,FX,2026-07-01,14,2026-07-31,0,current_regime_2026_early_to_recent,prevalence_baseline,0.16139540393271737
separacion:4484,2026-0004638,CP-E18,CP,2026-07-02,45,2026-08-01,0,current_regime_2026_early_to_recent,prevalence_baseline,0.16139540393271737
separacion:4555,2026-0005288,MD-E66,MD,2026-07-02,30,2026-08-01,0,current_regime_2026_early_to_recent,prevalence_baseline,0.16139540393271737
separacion:4591,2026-0005535,NP-A-E163,NP,2026-07-02,21,2026-08-01,0,current_regime_2026_early_to_recent,prevalence_baseline,0.16139540393271737
separacion:4596,2026-0005566,NP-A1303,NP,2026-07-02,21,2026-08-01,0,current_regime_2026_early_to_recent,prevalence_baseline,0.16139540393271737
separacion:4400,2026-0004310,NP-A-E134,NP,2026-07-03,60,2026-08-02,0,current_regime_2026_early_to_recent,prevalence_baseline,0.16139540393271737
separacion:4599,2026-0005574,CP-E2,CP,2026-07-03,21,2026-08-02,0,current_regime_2026_early_to_recent,prevalence_baseline,0.16139540393271737
separacion:4761,2026-0006417,FX-201,FX,2026-07-03,0,2026-08-02,1,current_regime_2026_early_to_recent,prevalence_baseline,0.16139540393271737
separacion:4403,2026-0004320,MD-E97,MD,2026-07-04,60,2026-08-03,0,current_regime_2026_early_to_recent,prevalence_baseline,0.16139540393271737
separacion:4601,2026-0005611,FX-E28,FX,2026-07-04,21,2026-08-03,0,current_regime_2026_early_to_recent,prevalence_baseline,0.16139540393271737
separacion:4743,2026-0006183,MD-E49,MD,2026-07-04,7,2026-08-03,0,current_regime_2026_early_to_recent,prevalence_baseline,0.16139540393271737
separacion:4762,2026-0006421,TZ-28,TZ,2026-07-04,0,2026-08-03,0,current_regime_2026_early_to_recent,prevalence_baseline,0.16139540393271737
separacion:4210,2026-0003409,SL-E4,SL,2026-07-05,90,2026-08-04,0,current_regime_2026_early_to_recent,prevalence_baseline,0.16139540393271737
separacion:4213,2026-0003412,MT-A54,MT,2026-07-05,90,2026-08-04,0,current_regime_2026_early_to_recent,prevalence_baseline,0.16139540393271737
separacion:4216,2026-0003420,CP-E87,CP,2026-07-05,90,2026-08-04,0,current_regime_2026_early_to_recent,prevalence_baseline,0.16139540393271737
separacion:4337,2026-0003807,CP-E60,CP,2026-07-05,75,2026-08-04,0,current_regime_2026_early_to_recent,prevalence_baseline,0.16139540393271737
separacion:4409,2026-0004351,SL-E47,SL,2026-07-05,60,2026-08-04,0,current_regime_2026_early_to_recent,prevalence_baseline,0.16139540393271737
separacion:4413,2026-0004374,MT-B24,MT,2026-07-05,60,2026-08-04,0,current_regime_2026_early_to_recent,prevalence_baseline,0.16139540393271737
separacion:4604,2026-0005781,SL-1001,SL,2026-07-05,21,2026-08-04,0,current_regime_2026_early_to_recent,prevalence_baseline,0.16139540393271737
separacion:4606,2026-0005804,MD-E52,MD,2026-07-05,21,2026-08-04,1,current_regime_2026_early_to_recent,prevalence_baseline,0.16139540393271737
separacion:4745,2026-0006261,NP-A-E77,NP,2026-07-05,7,2026-08-04,0,current_regime_2026_early_to_recent,prevalence_baseline,0.16139540393271737
separacion:4343,2026-0003846,FX-E43,FX,2026-07-06,75,2026-08-05,0,current_regime_2026_early_to_recent,prevalence_baseline,0.16139540393271737
separacion:4609,2026-0005817,NP-A-E106,NP,2026-07-06,21,2026-08-05,0,current_regime_2026_early_to_recent,prevalence_baseline,0.16139540393271737
separacion:4611,2026-0005815,MD-1401,MD,2026-07-06,21,2026-08-05,0,current_regime_2026_early_to_recent,prevalence_baseline,0.16139540393271737
separacion:4679,2026-0006048,NP-A-E165,NP,2026-07-06,14,2026-08-05,0,current_regime_2026_early_to_recent,prevalence_baseline,0.16139540393271737
separacion:4684,2026-0006056,SL-E12,SL,2026-07-06,14,2026-08-05,0,current_regime_2026_early_to_recent,prevalence_baseline,0.16139540393271737
separacion:4773,2026-0006518,MD-2106,MD,2026-07-06,0,2026-08-05,0,current_regime_2026_early_to_recent,prevalence_baseline,0.16139540393271737
separacion:4625,2026-0005859,FX-1301,FX,2026-07-07,21,2026-08-06,0,current_regime_2026_early_to_recent,prevalence_baseline,0.16139540393271737
separacion:4708,2026-0006085,GY-1401,GY,2026-07-07,14,2026-08-06,0,current_regime_2026_early_to_recent,prevalence_baseline,0.16139540393271737
separacion:4775,2026-0006528,NP-A1306,NP,2026-07-07,0,2026-08-06,0,current_regime_2026_early_to_recent,prevalence_baseline,0.16139540393271737
separacion:4777,2026-0006546,GY-1602,GY,2026-07-07,0,2026-08-06,0,current_regime_2026_early_to_recent,prevalence_baseline,0.16139540393271737
separacion:4288,2026-0003484,MT-A27,MT,2026-07-08,90,2026-08-07,0,current_regime_2026_early_to_recent,prevalence_baseline,0.16139540393271737
separacion:4290,2026-0003499,MT-A45,MT,2026-07-08,90,2026-08-07,0,current_regime_2026_early_to_recent,prevalence_baseline,0.16139540393271737
separacion:4363,2026-0003941,GY-33,GY,2026-07-08,75,2026-08-07,0,current_regime_2026_early_to_recent,prevalence_baseline,0.16139540393271737
separacion:4648,2026-0005877,FX-1201,FX,2026-07-08,21,2026-08-07,0,current_regime_2026_early_to_recent,prevalence_baseline,0.16139540393271737
separacion:4649,2026-0005898,FX-1303,FX,2026-07-08,21,2026-08-07,0,current_regime_2026_early_to_recent,prevalence_baseline,0.16139540393271737
separacion:4295,2026-0003502,SL-E7,SL,2026-07-09,90,2026-08-08,0,current_regime_2026_early_to_recent,prevalence_baseline,0.16139540393271737
separacion:4365,2026-0003981,TZ-19,TZ,2026-07-09,75,2026-08-08,0,current_regime_2026_early_to_recent,prevalence_baseline,0.16139540393271737
separacion:4798,2026-0006629,TZ-27,TZ,2026-07-10,0,2026-08-09,0,current_regime_2026_early_to_recent,prevalence_baseline,0.16139540393271737
separacion:4451,2026-0004523,NP-A-E154,NP,2026-07-11,60,2026-08-10,0,current_regime_2026_early_to_recent,prevalence_baseline,0.16139540393271737
separacion:4591,2026-0005535,NP-A-E163,NP,2026-07-11,30,2026-08-10,0,current_regime_2026_early_to_recent,prevalence_baseline,0.16139540393271737
separacion:4596,2026-0005566,NP-A1303,NP,2026-07-11,30,2026-08-10,0,current_regime_2026_early_to_recent,prevalence_baseline,0.16139540393271737
separacion:4743,2026-0006183,MD-E49,MD,2026-07-11,14,2026-08-10,0,current_regime_2026_early_to_recent,prevalence_baseline,0.16139540393271737
separacion:4762,2026-0006421,TZ-28,TZ,2026-07-11,7,2026-08-10,0,current_regime_2026_early_to_recent,prevalence_baseline,0.16139540393271737
separacion:4803,2026-0006693,SL-1606,SL,2026-07-11,0,2026-08-10,0,current_regime_2026_early_to_recent,prevalence_baseline,0.16139540393271737
separacion:4370,2026-0004112,NP-A-E06,NP,2026-07-12,75,2026-08-11,0,current_regime_2026_early_to_recent,prevalence_baseline,0.16139540393271737
separacion:4599,2026-0005574,CP-E2,CP,2026-07-12,30,2026-08-11,0,current_regime_2026_early_to_recent,prevalence_baseline,0.16139540393271737
separacion:4745,2026-0006261,NP-A-E77,NP,2026-07-12,14,2026-08-11,0,current_regime_2026_early_to_recent,prevalence_baseline,0.16139540393271737
separacion:4804,2026-0006713,CP-B908,CP,2026-07-12,0,2026-08-11,0,current_regime_2026_early_to_recent,prevalence_baseline,0.16139540393271737
separacion:4805,2026-0006709,MT-A1205,MT,2026-07-12,0,2026-08-11,0,current_regime_2026_early_to_recent,prevalence_baseline,0.16139540393271737
separacion:4301,2026-0003630,NP-A-E08,NP,2026-07-13,90,2026-08-12,0,current_regime_2026_early_to_recent,prevalence_baseline,0.16139540393271737
separacion:4457,2026-0004561,MT-B28,MT,2026-07-13,60,2026-08-12,0,current_regime_2026_early_to_recent,prevalence_baseline,0.16139540393271737
separacion:4601,2026-0005611,FX-E28,FX,2026-07-13,30,2026-08-12,0,current_regime_2026_early_to_recent,prevalence_baseline,0.16139540393271737
separacion:4679,2026-0006048,NP-A-E165,NP,2026-07-13,21,2026-08-12,0,current_regime_2026_early_to_recent,prevalence_baseline,0.16139540393271737
separacion:4684,2026-0006056,SL-E12,SL,2026-07-13,21,2026-08-12,0,current_regime_2026_early_to_recent,prevalence_baseline,0.16139540393271737
separacion:4809,2026-0006749,NP-A-E169,NP,2026-07-13,0,2026-08-12,1,current_regime_2026_early_to_recent,prevalence_baseline,0.16139540393271737
separacion:4810,2026-0006752,NP-A-E16,NP,2026-07-13,0,2026-08-12,0,current_regime_2026_early_to_recent,prevalence_baseline,0.16139540393271737
separacion:4811,2026-0006758,MT-A602,MT,2026-07-13,0,2026-08-12,1,current_regime_2026_early_to_recent,prevalence_baseline,0.16139540393271737
separacion:4463,2026-0004597,TZ-40,TZ,2026-07-14,60,2026-08-13,0,current_regime_2026_early_to_recent,prevalence_baseline,0.16139540393271737
separacion:4464,2026-0004616,TZ-43,TZ,2026-07-14,60,2026-08-13,0,current_regime_2026_early_to_recent,prevalence_baseline,0.16139540393271737
separacion:4606,2026-0005804,MD-E52,MD,2026-07-14,30,2026-08-13,1,current_regime_2026_early_to_recent,prevalence_baseline,0.16139540393271737
separacion:4775,2026-0006528,NP-A1306,NP,2026-07-14,7,2026-08-13,0,current_regime_2026_early_to_recent,prevalence_baseline,0.16139540393271737
separacion:4777,2026-0006546,GY-1602,GY,2026-07-14,7,2026-08-13,0,current_regime_2026_early_to_recent,prevalence_baseline,0.16139540393271737
separacion:4389,2026-0004188,SL-E1,SL,2026-07-15,75,2026-08-14,0,current_regime_2026_early_to_recent,prevalence_baseline,0.16139540393271737
separacion:4609,2026-0005817,NP-A-E106,NP,2026-07-15,30,2026-08-14,0,current_regime_2026_early_to_recent,prevalence_baseline,0.16139540393271737
separacion:4611,2026-0005815,MD-1401,MD,2026-07-15,30,2026-08-14,1,current_regime_2026_early_to_recent,prevalence_baseline,0.16139540393271737
separacion:4553,2026-0005356,NP-A-E161,NP,2026-07-16,75,2026-08-15,0,current_regime_2026_early_to_recent,prevalence_baseline,0.16139540393271737
separacion:4625,2026-0005859,FX-1301,FX,2026-07-16,30,2026-08-15,0,current_regime_2026_early_to_recent,prevalence_baseline,0.16139540393271737
separacion:4817,2026-0006802,CP-E78,CP,2026-07-16,0,2026-08-15,0,current_regime_2026_early_to_recent,prevalence_baseline,0.16139540393271737
separacion:4818,2026-0006805,MD-E29,MD,2026-07-16,0,2026-08-15,1,current_regime_2026_early_to_recent,prevalence_baseline,0.16139540393271737
separacion:4823,2026-0006814,GY-806,GY,2026-07-16,0,2026-08-15,0,current_regime_2026_early_to_recent,prevalence_baseline,0.16139540393271737
separacion:4824,2026-0006815,GY-42,GY,2026-07-16,0,2026-08-15,0,current_regime_2026_early_to_recent,prevalence_baseline,0.16139540393271737
separacion:4484,2026-0004638,CP-E18,CP,2026-07-17,60,2026-08-16,0,current_regime_2026_early_to_recent,prevalence_baseline,0.16139540393271737
separacion:4555,2026-0005288,MD-E66,MD,2026-07-17,45,2026-08-16,0,current_regime_2026_early_to_recent,prevalence_baseline,0.16139540393271737
separacion:4798,2026-0006629,TZ-27,TZ,2026-07-17,7,2026-08-16,0,current_regime_2026_early_to_recent,prevalence_baseline,0.16139540393271737
separacion:4400,2026-0004310,NP-A-E134,NP,2026-07-18,75,2026-08-17,0,current_regime_2026_early_to_recent,prevalence_baseline,0.16139540393271737
separacion:4743,2026-0006183,MD-E49,MD,2026-07-18,21,2026-08-17,0,current_regime_2026_early_to_recent,prevalence_baseline,0.16139540393271737
separacion:4762,2026-0006421,TZ-28,TZ,2026-07-18,14,2026-08-17,0,current_regime_2026_early_to_recent,prevalence_baseline,0.16139540393271737
separacion:4803,2026-0006693,SL-1606,SL,2026-07-18,7,2026-08-17,0,current_regime_2026_early_to_recent,prevalence_baseline,0.16139540393271737
separacion:4858,2026-0006846,FX-204,FX,2026-07-18,0,2026-08-17,0,current_regime_2026_early_to_recent,prevalence_baseline,0.16139540393271737
separacion:4859,2026-0006847,MD-1302,MD,2026-07-18,0,2026-08-17,0,current_regime_2026_early_to_recent,prevalence_baseline,0.16139540393271737
separacion:4860,2026-0006852,MT-A501,MT,2026-07-18,0,2026-08-17,0,current_regime_2026_early_to_recent,prevalence_baseline,0.16139540393271737
separacion:4403,2026-0004320,MD-E97,MD,2026-07-19,75,2026-08-18,0,current_regime_2026_early_to_recent,prevalence_baseline,0.16139540393271737
separacion:4745,2026-0006261,NP-A-E77,NP,2026-07-19,21,2026-08-18,0,current_regime_2026_early_to_recent,prevalence_baseline,0.16139540393271737
separacion:4805,2026-0006709,MT-A1205,MT,2026-07-19,7,2026-08-18,0,current_regime_2026_early_to_recent,prevalence_baseline,0.16139540393271737
separacion:4122,2026-0002991,GY-D7,GY,2026-05-01,45,2026-05-31,0,current_regime_2026_early_to_recent,landmark_prevalence_baseline,0.16492578339747116
separacion:4295,2026-0003502,SL-E7,SL,2026-05-01,21,2026-05-31,0,current_regime_2026_early_to_recent,landmark_prevalence_baseline,0.3065002928059823
separacion:4363,2026-0003941,GY-33,GY,2026-05-01,7,2026-05-31,0,current_regime_2026_early_to_recent,landmark_prevalence_baseline,0.13841455095036678
separacion:4389,2026-0004188,SL-E1,SL,2026-05-01,0,2026-05-31,0,current_regime_2026_early_to_recent,landmark_prevalence_baseline,0.14761577853034596
separacion:4131,2026-0003014,EEUU-E50,EEUU,2026-05-02,45,2026-06-01,0,current_regime_2026_early_to_recent,landmark_prevalence_baseline,0.16492578339747116
separacion:4365,2026-0003981,TZ-19,TZ,2026-05-02,7,2026-06-01,0,current_regime_2026_early_to_recent,landmark_prevalence_baseline,0.13841455095036678
separacion:4393,2026-0004251,CP-B507,CP,2026-05-02,0,2026-06-01,0,current_regime_2026_early_to_recent,landmark_prevalence_baseline,0.14761577853034596
separacion:4394,2026-0004235,FX-304,FX,2026-05-02,0,2026-06-01,0,current_regime_2026_early_to_recent,landmark_prevalence_baseline,0.14761577853034596
separacion:4395,2026-0004267,GY-605,GY,2026-05-02,0,2026-06-01,0,current_regime_2026_early_to_recent,landmark_prevalence_baseline,0.14761577853034596
separacion:4553,2026-0005356,NP-A-E161,NP,2026-05-02,0,2026-06-01,0,current_regime_2026_early_to_recent,landmark_prevalence_baseline,0.14761577853034596
separacion:4014,2026-0001698,EEUU-E48,EEUU,2026-05-03,75,2026-06-02,0,current_regime_2026_early_to_recent,landmark_prevalence_baseline,0.04663212435233161
separacion:4136,2026-0003041,MT-A04,MT,2026-05-03,45,2026-06-02,0,current_regime_2026_early_to_recent,landmark_prevalence_baseline,0.16492578339747116
separacion:4366,2026-0004062,NP-A2306,NP,2026-05-03,7,2026-06-02,0,current_regime_2026_early_to_recent,landmark_prevalence_baseline,0.13841455095036678
separacion:4140,2026-0003067,GY-14,GY,2026-05-04,45,2026-06-03,0,current_regime_2026_early_to_recent,landmark_prevalence_baseline,0.16492578339747116
separacion:4367,2026-0004067,TZ-50,TZ,2026-05-04,7,2026-06-03,0,current_regime_2026_early_to_recent,landmark_prevalence_baseline,0.13841455095036678
separacion:4400,2026-0004310,NP-A-E134,NP,2026-05-04,0,2026-06-03,0,current_regime_2026_early_to_recent,landmark_prevalence_baseline,0.14761577853034596
separacion:4401,2026-0004311,MD-1901,MD,2026-05-04,0,2026-06-03,0,current_regime_2026_early_to_recent,landmark_prevalence_baseline,0.14761577853034596
separacion:4026,2026-0001742,CP-E27,CP,2026-05-05,75,2026-06-04,0,current_regime_2026_early_to_recent,landmark_prevalence_baseline,0.04663212435233161
separacion:4301,2026-0003630,NP-A-E08,NP,2026-05-05,21,2026-06-04,0,current_regime_2026_early_to_recent,landmark_prevalence_baseline,0.3065002928059823
separacion:4336,2026-0003787,FX-603,FX,2026-05-05,14,2026-06-04,1,current_regime_2026_early_to_recent,landmark_prevalence_baseline,0.23994900729478982
separacion:4337,2026-0003807,CP-E60,CP,2026-05-05,14,2026-06-04,0,current_regime_2026_early_to_recent,landmark_prevalence_baseline,0.23994900729478982
separacion:4370,2026-0004112,NP-A-E06,NP,2026-05-05,7,2026-06-04,0,current_regime_2026_early_to_recent,landmark_prevalence_baseline,0.13841455095036678
separacion:4402,2026-0004319,MD-1803,MD,2026-05-05,0,2026-06-04,0,current_regime_2026_early_to_recent,landmark_prevalence_baseline,0.14761577853034596
separacion:4403,2026-0004320,MD-E97,MD,2026-05-05,0,2026-06-04,0,current_regime_2026_early_to_recent,landmark_prevalence_baseline,0.14761577853034596
separacion:4405,2026-0004331,NP-A1501,NP,2026-05-05,0,2026-06-04,0,current_regime_2026_early_to_recent,landmark_prevalence_baseline,0.14761577853034596
separacion:4407,2026-0004338,NP-A2210,NP,2026-05-05,0,2026-06-04,0,current_regime_2026_early_to_recent,landmark_prevalence_baseline,0.14761577853034596
separacion:4148,2026-0003118,GY-43,GY,2026-05-06,45,2026-06-05,0,current_regime_2026_early_to_recent,landmark_prevalence_baseline,0.16492578339747116
separacion:4150,2026-0003125,NP-A1304,NP,2026-05-06,45,2026-06-05,1,current_regime_2026_early_to_recent,landmark_prevalence_baseline,0.16492578339747116
separacion:4210,2026-0003409,SL-E4,SL,2026-05-06,30,2026-06-05,0,current_regime_2026_early_to_recent,landmark_prevalence_baseline,0.23526197144613706
separacion:4213,2026-0003412,MT-A54,MT,2026-05-06,30,2026-06-05,0,current_regime_2026_early_to_recent,landmark_prevalence_baseline,0.23526197144613706
separacion:4216,2026-0003420,CP-E87,CP,2026-05-06,30,2026-06-05,0,current_regime_2026_early_to_recent,landmark_prevalence_baseline,0.23526197144613706
separacion:4343,2026-0003846,FX-E43,FX,2026-05-06,14,2026-06-05,0,current_regime_2026_early_to_recent,landmark_prevalence_baseline,0.23994900729478982
separacion:4345,2026-0003857,GY-801,GY,2026-05-06,14,2026-06-05,0,current_regime_2026_early_to_recent,landmark_prevalence_baseline,0.23994900729478982
separacion:4408,2026-0004330,SL-1308,SL,2026-05-06,0,2026-06-05,0,current_regime_2026_early_to_recent,landmark_prevalence_baseline,0.14761577853034596
separacion:4409,2026-0004351,SL-E47,SL,2026-05-06,0,2026-06-05,0,current_regime_2026_early_to_recent,landmark_prevalence_baseline,0.14761577853034596
separacion:4413,2026-0004374,MT-B24,MT,2026-05-06,0,2026-06-05,0,current_regime_2026_early_to_recent,landmark_prevalence_baseline,0.14761577853034596
separacion:4153,2026-0003145,GY-27,GY,2026-05-07,45,2026-06-06,0,current_regime_2026_early_to_recent,landmark_prevalence_baseline,0.16492578339747116
separacion:4352,2026-0003901,EEUU-503,EEUU,2026-05-07,14,2026-06-06,0,current_regime_2026_early_to_recent,landmark_prevalence_baseline,0.23994900729478982
separacion:4384,2026-0004153,CP-B705,CP,2026-05-07,7,2026-06-06,0,current_regime_2026_early_to_recent,landmark_prevalence_baseline,0.13841455095036678
separacion:4385,2026-0004150,GY-201,GY,2026-05-07,7,2026-06-06,0,current_regime_2026_early_to_recent,landmark_prevalence_baseline,0.13841455095036678
separacion:4415,2026-0004385,EEUU-1404,EEUU,2026-05-07,0,2026-06-06,0,current_regime_2026_early_to_recent,landmark_prevalence_baseline,0.14761577853034596
separacion:4416,2026-0004370,TZ-106,TZ,2026-05-07,0,2026-06-06,0,current_regime_2026_early_to_recent,landmark_prevalence_baseline,0.14761577853034596
separacion:4417,2026-0004387,FX-405,FX,2026-05-07,0,2026-06-06,0,current_regime_2026_early_to_recent,landmark_prevalence_baseline,0.14761577853034596
separacion:4163,2026-0003190,MD-E18,MD,2026-05-08,45,2026-06-07,0,current_regime_2026_early_to_recent,landmark_prevalence_baseline,0.16492578339747116
separacion:4363,2026-0003941,GY-33,GY,2026-05-08,14,2026-06-07,0,current_regime_2026_early_to_recent,landmark_prevalence_baseline,0.23994900729478982
separacion:4389,2026-0004188,SL-E1,SL,2026-05-08,7,2026-06-07,0,current_regime_2026_early_to_recent,landmark_prevalence_baseline,0.13841455095036678
separacion:4040,2026-0001859,TZ-17,TZ,2026-05-09,75,2026-06-08,0,current_regime_2026_early_to_recent,landmark_prevalence_baseline,0.04663212435233161
separacion:4164,2026-0003197,NP-A-E19,NP,2026-05-09,45,2026-06-08,0,current_regime_2026_early_to_recent,landmark_prevalence_baseline,0.16492578339747116
separacion:4288,2026-0003484,MT-A27,MT,2026-05-09,30,2026-06-08,0,current_regime_2026_early_to_recent,landmark_prevalence_baseline,0.23526197144613706
separacion:4290,2026-0003499,MT-A45,MT,2026-05-09,30,2026-06-08,0,current_regime_2026_early_to_recent,landmark_prevalence_baseline,0.23526197144613706
separacion:4365,2026-0003981,TZ-19,TZ,2026-05-09,14,2026-06-08,0,current_regime_2026_early_to_recent,landmark_prevalence_baseline,0.23994900729478982
separacion:4393,2026-0004251,CP-B507,CP,2026-05-09,7,2026-06-08,0,current_regime_2026_early_to_recent,landmark_prevalence_baseline,0.13841455095036678
separacion:4394,2026-0004235,FX-304,FX,2026-05-09,7,2026-06-08,0,current_regime_2026_early_to_recent,landmark_prevalence_baseline,0.13841455095036678
separacion:4395,2026-0004267,GY-605,GY,2026-05-09,7,2026-06-08,0,current_regime_2026_early_to_recent,landmark_prevalence_baseline,0.13841455095036678
separacion:4422,2026-0004435,NP-A1810,NP,2026-05-09,0,2026-06-08,0,current_regime_2026_early_to_recent,landmark_prevalence_baseline,0.14761577853034596
separacion:4423,2026-0004300,MT-B1303,MT,2026-05-09,0,2026-06-08,0,current_regime_2026_early_to_recent,landmark_prevalence_baseline,0.14761577853034596
separacion:4553,2026-0005356,NP-A-E161,NP,2026-05-09,7,2026-06-08,0,current_regime_2026_early_to_recent,landmark_prevalence_baseline,0.13841455095036678
separacion:4166,2026-0003221,CP-E52,CP,2026-05-10,45,2026-06-09,0,current_regime_2026_early_to_recent,landmark_prevalence_baseline,0.16492578339747116
separacion:4295,2026-0003502,SL-E7,SL,2026-05-10,30,2026-06-09,0,current_regime_2026_early_to_recent,landmark_prevalence_baseline,0.23526197144613706
separacion:4366,2026-0004062,NP-A2306,NP,2026-05-10,14,2026-06-09,0,current_regime_2026_early_to_recent,landmark_prevalence_baseline,0.23994900729478982
separacion:4424,2026-0004451,SL-903,SL,2026-05-10,0,2026-06-09,0,current_regime_2026_early_to_recent,landmark_prevalence_baseline,0.14761577853034596
separacion:4088,2026-0002498,NP-A1601,NP,2026-05-11,60,2026-06-10,0,current_regime_2026_early_to_recent,landmark_prevalence_baseline,0.17804722399489473
separacion:4089,2026-0002499,NP-A1603,NP,2026-05-11,60,2026-06-10,0,current_regime_2026_early_to_recent,landmark_prevalence_baseline,0.17804722399489473
separacion:4191,2026-0003242,NP-A2005,NP,2026-05-11,45,2026-06-10,0,current_regime_2026_early_to_recent,landmark_prevalence_baseline,0.16492578339747116
separacion:4367,2026-0004067,TZ-50,TZ,2026-05-11,14,2026-06-10,0,current_regime_2026_early_to_recent,landmark_prevalence_baseline,0.23994900729478982
separacion:4400,2026-0004310,NP-A-E134,NP,2026-05-11,7,2026-06-10,0,current_regime_2026_early_to_recent,landmark_prevalence_baseline,0.13841455095036678
separacion:4401,2026-0004311,MD-1901,MD,2026-05-11,7,2026-06-10,0,current_regime_2026_early_to_recent,landmark_prevalence_baseline,0.13841455095036678
separacion:4427,2026-0004436,SL-808,SL,2026-05-11,0,2026-06-10,0,current_regime_2026_early_to_recent,landmark_prevalence_baseline,0.14761577853034596
separacion:4192,2026-0003243,CP-B1306,CP,2026-05-12,45,2026-06-11,0,current_regime_2026_early_to_recent,landmark_prevalence_baseline,0.16492578339747116
separacion:4193,2026-0003246,NP-A-E138,NP,2026-05-12,45,2026-06-11,0,current_regime_2026_early_to_recent,landmark_prevalence_baseline,0.16492578339747116
separacion:4337,2026-0003807,CP-E60,CP,2026-05-12,21,2026-06-11,0,current_regime_2026_early_to_recent,landmark_prevalence_baseline,0.3065002928059823
separacion:4370,2026-0004112,NP-A-E06,NP,2026-05-12,14,2026-06-11,0,current_regime_2026_early_to_recent,landmark_prevalence_baseline,0.23994900729478982
separacion:4402,2026-0004319,MD-1803,MD,2026-05-12,7,2026-06-11,0,current_regime_2026_early_to_recent,landmark_prevalence_baseline,0.13841455095036678
separacion:4403,2026-0004320,MD-E97,MD,2026-05-12,7,2026-06-11,0,current_regime_2026_early_to_recent,landmark_prevalence_baseline,0.13841455095036678
separacion:4407,2026-0004338,NP-A2210,NP,2026-05-12,7,2026-06-11,0,current_regime_2026_early_to_recent,landmark_prevalence_baseline,0.13841455095036678
separacion:4451,2026-0004523,NP-A-E154,NP,2026-05-12,0,2026-06-11,0,current_regime_2026_early_to_recent,landmark_prevalence_baseline,0.14761577853034596
separacion:4106,2026-0002781,FX-E16,FX,2026-05-13,60,2026-06-12,0,current_regime_2026_early_to_recent,landmark_prevalence_baseline,0.17804722399489473
separacion:4343,2026-0003846,FX-E43,FX,2026-05-13,21,2026-06-12,0,current_regime_2026_early_to_recent,landmark_prevalence_baseline,0.3065002928059823
separacion:4345,2026-0003857,GY-801,GY,2026-05-13,21,2026-06-12,0,current_regime_2026_early_to_recent,landmark_prevalence_baseline,0.3065002928059823
separacion:4408,2026-0004330,SL-1308,SL,2026-05-13,7,2026-06-12,0,current_regime_2026_early_to_recent,landmark_prevalence_baseline,0.13841455095036678
separacion:4409,2026-0004351,SL-E47,SL,2026-05-13,7,2026-06-12,0,current_regime_2026_early_to_recent,landmark_prevalence_baseline,0.13841455095036678
separacion:4413,2026-0004374,MT-B24,MT,2026-05-13,7,2026-06-12,0,current_regime_2026_early_to_recent,landmark_prevalence_baseline,0.13841455095036678
separacion:4452,2026-0004527,SL-207,SL,2026-05-13,0,2026-06-12,0,current_regime_2026_early_to_recent,landmark_prevalence_baseline,0.14761577853034596
separacion:4107,2026-0002813,GY-303,GY,2026-05-14,60,2026-06-13,0,current_regime_2026_early_to_recent,landmark_prevalence_baseline,0.17804722399489473
separacion:4109,2026-0002890,MT-A57,MT,2026-05-14,60,2026-06-13,1,current_regime_2026_early_to_recent,landmark_prevalence_baseline,0.17804722399489473
separacion:4202,2026-0003313,NP-A2203,NP,2026-05-14,45,2026-06-13,0,current_regime_2026_early_to_recent,landmark_prevalence_baseline,0.16492578339747116
separacion:4203,2026-0003315,NP-A2204,NP,2026-05-14,45,2026-06-13,0,current_regime_2026_early_to_recent,landmark_prevalence_baseline,0.16492578339747116
separacion:4301,2026-0003630,NP-A-E08,NP,2026-05-14,30,2026-06-13,0,current_regime_2026_early_to_recent,landmark_prevalence_baseline,0.23526197144613706
separacion:4352,2026-0003901,EEUU-503,EEUU,2026-05-14,21,2026-06-13,0,current_regime_2026_early_to_recent,landmark_prevalence_baseline,0.3065002928059823
separacion:4384,2026-0004153,CP-B705,CP,2026-05-14,14,2026-06-13,1,current_regime_2026_early_to_recent,landmark_prevalence_baseline,0.23994900729478982
separacion:4385,2026-0004150,GY-201,GY,2026-05-14,14,2026-06-13,0,current_regime_2026_early_to_recent,landmark_prevalence_baseline,0.23994900729478982
separacion:4415,2026-0004385,EEUU-1404,EEUU,2026-05-14,7,2026-06-13,0,current_regime_2026_early_to_recent,landmark_prevalence_baseline,0.13841455095036678
separacion:4455,2026-0004548,NP-A1901,NP,2026-05-14,0,2026-06-13,0,current_regime_2026_early_to_recent,landmark_prevalence_baseline,0.14761577853034596
separacion:4457,2026-0004561,MT-B28,MT,2026-05-14,0,2026-06-13,0,current_regime_2026_early_to_recent,landmark_prevalence_baseline,0.14761577853034596
separacion:4363,2026-0003941,GY-33,GY,2026-05-15,21,2026-06-14,0,current_regime_2026_early_to_recent,landmark_prevalence_baseline,0.3065002928059823
separacion:4389,2026-0004188,SL-E1,SL,2026-05-15,14,2026-06-14,0,current_regime_2026_early_to_recent,landmark_prevalence_baseline,0.23994900729478982
separacion:4463,2026-0004597,TZ-40,TZ,2026-05-15,0,2026-06-14,0,current_regime_2026_early_to_recent,landmark_prevalence_baseline,0.14761577853034596
separacion:4464,2026-0004616,TZ-43,TZ,2026-05-15,0,2026-06-14,0,current_regime_2026_early_to_recent,landmark_prevalence_baseline,0.14761577853034596
separacion:4122,2026-0002991,GY-D7,GY,2026-05-16,60,2026-06-15,0,current_regime_2026_early_to_recent,landmark_prevalence_baseline,0.17804722399489473
separacion:4365,2026-0003981,TZ-19,TZ,2026-05-16,21,2026-06-15,0,current_regime_2026_early_to_recent,landmark_prevalence_baseline,0.3065002928059823
separacion:4393,2026-0004251,CP-B507,CP,2026-05-16,14,2026-06-15,0,current_regime_2026_early_to_recent,landmark_prevalence_baseline,0.23994900729478982
separacion:4394,2026-0004235,FX-304,FX,2026-05-16,14,2026-06-15,0,current_regime_2026_early_to_recent,landmark_prevalence_baseline,0.23994900729478982
separacion:4422,2026-0004435,NP-A1810,NP,2026-05-16,7,2026-06-15,0,current_regime_2026_early_to_recent,landmark_prevalence_baseline,0.13841455095036678
separacion:4423,2026-0004300,MT-B1303,MT,2026-05-16,7,2026-06-15,0,current_regime_2026_early_to_recent,landmark_prevalence_baseline,0.13841455095036678
separacion:4466,2026-0004655,NP-A1506,NP,2026-05-16,0,2026-06-15,0,current_regime_2026_early_to_recent,landmark_prevalence_baseline,0.14761577853034596
separacion:4468,2026-0004668,EEUU-203,EEUU,2026-05-16,0,2026-06-15,1,current_regime_2026_early_to_recent,landmark_prevalence_baseline,0.14761577853034596
separacion:4471,2026-0004712,FX-402,FX,2026-05-16,0,2026-06-15,1,current_regime_2026_early_to_recent,landmark_prevalence_baseline,0.14761577853034596
separacion:4553,2026-0005356,NP-A-E161,NP,2026-05-16,14,2026-06-15,0,current_regime_2026_early_to_recent,landmark_prevalence_baseline,0.23994900729478982
separacion:4131,2026-0003014,EEUU-E50,EEUU,2026-05-17,60,2026-06-16,0,current_regime_2026_early_to_recent,landmark_prevalence_baseline,0.17804722399489473
separacion:4366,2026-0004062,NP-A2306,NP,2026-05-17,21,2026-06-16,0,current_regime_2026_early_to_recent,landmark_prevalence_baseline,0.3065002928059823
separacion:4424,2026-0004451,SL-903,SL,2026-05-17,7,2026-06-16,0,current_regime_2026_early_to_recent,landmark_prevalence_baseline,0.13841455095036678
separacion:4472,2026-0004699,SL-908,SL,2026-05-17,0,2026-06-16,0,current_regime_2026_early_to_recent,landmark_prevalence_baseline,0.14761577853034596
separacion:4473,2026-0004716,NP-A2707,NP,2026-05-17,0,2026-06-16,0,current_regime_2026_early_to_recent,landmark_prevalence_baseline,0.14761577853034596
separacion:4474,2026-0004773,SL-1006,SL,2026-05-17,0,2026-06-16,0,current_regime_2026_early_to_recent,landmark_prevalence_baseline,0.14761577853034596
separacion:4475,2026-0004774,SL-406,SL,2026-05-17,0,2026-06-16,0,current_regime_2026_early_to_recent,landmark_prevalence_baseline,0.14761577853034596
separacion:4477,2026-0004791,SL-1302,SL,2026-05-17,0,2026-06-16,0,current_regime_2026_early_to_recent,landmark_prevalence_baseline,0.14761577853034596
separacion:4478,2026-0004831,SL-1506,SL,2026-05-17,0,2026-06-16,0,current_regime_2026_early_to_recent,landmark_prevalence_baseline,0.14761577853034596
separacion:4479,2026-0004836,GY-1603,GY,2026-05-17,0,2026-06-16,0,current_regime_2026_early_to_recent,landmark_prevalence_baseline,0.14761577853034596
separacion:4480,2026-0004850,MD-1403,MD,2026-05-17,0,2026-06-16,0,current_regime_2026_early_to_recent,landmark_prevalence_baseline,0.14761577853034596
separacion:4481,2026-0004572,FX-901,FX,2026-05-17,0,2026-06-16,1,current_regime_2026_early_to_recent,landmark_prevalence_baseline,0.14761577853034596
separacion:4482,2026-0004857,NP-A1008,NP,2026-05-17,0,2026-06-16,1,current_regime_2026_early_to_recent,landmark_prevalence_baseline,0.14761577853034596
separacion:4483,2026-0004861,NP-A2608,NP,2026-05-17,0,2026-06-16,0,current_regime_2026_early_to_recent,landmark_prevalence_baseline,0.14761577853034596
separacion:4136,2026-0003041,MT-A04,MT,2026-05-18,60,2026-06-17,0,current_regime_2026_early_to_recent,landmark_prevalence_baseline,0.17804722399489473
separacion:4367,2026-0004067,TZ-50,TZ,2026-05-18,21,2026-06-17,0,current_regime_2026_early_to_recent,landmark_prevalence_baseline,0.3065002928059823
separacion:4400,2026-0004310,NP-A-E134,NP,2026-05-18,14,2026-06-17,0,current_regime_2026_early_to_recent,landmark_prevalence_baseline,0.23994900729478982
separacion:4427,2026-0004436,SL-808,SL,2026-05-18,7,2026-06-17,0,current_regime_2026_early_to_recent,landmark_prevalence_baseline,0.13841455095036678
separacion:4484,2026-0004638,CP-E18,CP,2026-05-18,0,2026-06-17,0,current_regime_2026_early_to_recent,landmark_prevalence_baseline,0.14761577853034596
separacion:4486,2026-0004887,MT-A701,MT,2026-05-18,0,2026-06-17,0,current_regime_2026_early_to_recent,landmark_prevalence_baseline,0.14761577853034596
separacion:4495,2026-0004886,NP-A904,NP,2026-05-18,0,2026-06-17,0,current_regime_2026_early_to_recent,landmark_prevalence_baseline,0.14761577853034596
separacion:4498,2026-0004746,NP-A2706,NP,2026-05-18,0,2026-06-17,0,current_regime_2026_early_to_recent,landmark_prevalence_baseline,0.14761577853034596
separacion:4140,2026-0003067,GY-14,GY,2026-05-19,60,2026-06-18,0,current_regime_2026_early_to_recent,landmark_prevalence_baseline,0.17804722399489473
separacion:4370,2026-0004112,NP-A-E06,NP,2026-05-19,21,2026-06-18,0,current_regime_2026_early_to_recent,landmark_prevalence_baseline,0.3065002928059823
separacion:4403,2026-0004320,MD-E97,MD,2026-05-19,14,2026-06-18,0,current_regime_2026_early_to_recent,landmark_prevalence_baseline,0.23994900729478982
separacion:4407,2026-0004338,NP-A2210,NP,2026-05-19,14,2026-06-18,0,current_regime_2026_early_to_recent,landmark_prevalence_baseline,0.23994900729478982
separacion:4451,2026-0004523,NP-A-E154,NP,2026-05-19,7,2026-06-18,0,current_regime_2026_early_to_recent,landmark_prevalence_baseline,0.13841455095036678
separacion:4502,2026-0004895,NP-A802,NP,2026-05-19,0,2026-06-18,0,current_regime_2026_early_to_recent,landmark_prevalence_baseline,0.14761577853034596
separacion:4409,2026-0004351,SL-E47,SL,2026-05-20,14,2026-06-19,0,current_regime_2026_early_to_recent,landmark_prevalence_baseline,0.23994900729478982
separacion:4413,2026-0004374,MT-B24,MT,2026-05-20,14,2026-06-19,0,current_regime_2026_early_to_recent,landmark_prevalence_baseline,0.23994900729478982
separacion:4452,2026-0004527,SL-207,SL,2026-05-20,7,2026-06-19,0,current_regime_2026_early_to_recent,landmark_prevalence_baseline,0.13841455095036678
separacion:4505,2026-0004947,MT-A1002,MT,2026-05-20,0,2026-06-19,0,current_regime_2026_early_to_recent,landmark_prevalence_baseline,0.14761577853034596
separacion:4148,2026-0003118,GY-43,GY,2026-05-21,60,2026-06-20,0,current_regime_2026_early_to_recent,landmark_prevalence_baseline,0.17804722399489473
separacion:4210,2026-0003409,SL-E4,SL,2026-05-21,45,2026-06-20,0,current_regime_2026_early_to_recent,landmark_prevalence_baseline,0.16492578339747116
separacion:4213,2026-0003412,MT-A54,MT,2026-05-21,45,2026-06-20,0,current_regime_2026_early_to_recent,landmark_prevalence_baseline,0.16492578339747116
separacion:4216,2026-0003420,CP-E87,CP,2026-05-21,45,2026-06-20,0,current_regime_2026_early_to_recent,landmark_prevalence_baseline,0.16492578339747116
separacion:4337,2026-0003807,CP-E60,CP,2026-05-21,30,2026-06-20,0,current_regime_2026_early_to_recent,landmark_prevalence_baseline,0.23526197144613706
separacion:4384,2026-0004153,CP-B705,CP,2026-05-21,21,2026-06-20,1,current_regime_2026_early_to_recent,landmark_prevalence_baseline,0.3065002928059823
separacion:4385,2026-0004150,GY-201,GY,2026-05-21,21,2026-06-20,0,current_regime_2026_early_to_recent,landmark_prevalence_baseline,0.3065002928059823
separacion:4415,2026-0004385,EEUU-1404,EEUU,2026-05-21,14,2026-06-20,0,current_regime_2026_early_to_recent,landmark_prevalence_baseline,0.23994900729478982
separacion:4455,2026-0004548,NP-A1901,NP,2026-05-21,7,2026-06-20,0,current_regime_2026_early_to_recent,landmark_prevalence_baseline,0.13841455095036678
separacion:4457,2026-0004561,MT-B28,MT,2026-05-21,7,2026-06-20,0,current_regime_2026_early_to_recent,landmark_prevalence_baseline,0.13841455095036678
separacion:4508,2026-0004899,FX-605,FX,2026-05-21,0,2026-06-20,0,current_regime_2026_early_to_recent,landmark_prevalence_baseline,0.14761577853034596
separacion:4153,2026-0003145,GY-27,GY,2026-05-22,60,2026-06-21,0,current_regime_2026_early_to_recent,landmark_prevalence_baseline,0.17804722399489473
separacion:4343,2026-0003846,FX-E43,FX,2026-05-22,30,2026-06-21,0,current_regime_2026_early_to_recent,landmark_prevalence_baseline,0.23526197144613706
separacion:4345,2026-0003857,GY-801,GY,2026-05-22,30,2026-06-21,0,current_regime_2026_early_to_recent,landmark_prevalence_baseline,0.23526197144613706
separacion:4389,2026-0004188,SL-E1,SL,2026-05-22,21,2026-06-21,0,current_regime_2026_early_to_recent,landmark_prevalence_baseline,0.3065002928059823
separacion:4463,2026-0004597,TZ-40,TZ,2026-05-22,7,2026-06-21,0,current_regime_2026_early_to_recent,landmark_prevalence_baseline,0.13841455095036678
separacion:4464,2026-0004616,TZ-43,TZ,2026-05-22,7,2026-06-21,0,current_regime_2026_early_to_recent,landmark_prevalence_baseline,0.13841455095036678
separacion:4511,2026-0004992,CP-B1207,CP,2026-05-22,0,2026-06-21,0,current_regime_2026_early_to_recent,landmark_prevalence_baseline,0.14761577853034596
separacion:4163,2026-0003190,MD-E18,MD,2026-05-23,60,2026-06-22,0,current_regime_2026_early_to_recent,landmark_prevalence_baseline,0.17804722399489473
separacion:4352,2026-0003901,EEUU-503,EEUU,2026-05-23,30,2026-06-22,1,current_regime_2026_early_to_recent,landmark_prevalence_baseline,0.23526197144613706
separacion:4394,2026-0004235,FX-304,FX,2026-05-23,21,2026-06-22,0,current_regime_2026_early_to_recent,landmark_prevalence_baseline,0.3065002928059823
separacion:4468,2026-0004668,EEUU-203,EEUU,2026-05-23,7,2026-06-22,1,current_regime_2026_early_to_recent,landmark_prevalence_baseline,0.13841455095036678
separacion:4512,2026-0004858,SL-1008,SL,2026-05-23,0,2026-06-22,0,current_regime_2026_early_to_recent,landmark_prevalence_baseline,0.14761577853034596
separacion:4553,2026-0005356,NP-A-E161,NP,2026-05-23,21,2026-06-22,0,current_regime_2026_early_to_recent,landmark_prevalence_baseline,0.3065002928059823
separacion:4164,2026-0003197,NP-A-E19,NP,2026-05-24,60,2026-06-23,0,current_regime_2026_early_to_recent,landmark_prevalence_baseline,0.17804722399489473
separacion:4288,2026-0003484,MT-A27,MT,2026-05-24,45,2026-06-23,0,current_regime_2026_early_to_recent,landmark_prevalence_baseline,0.16492578339747116
separacion:4290,2026-0003499,MT-A45,MT,2026-05-24,45,2026-06-23,0,current_regime_2026_early_to_recent,landmark_prevalence_baseline,0.16492578339747116
separacion:4363,2026-0003941,GY-33,GY,2026-05-24,30,2026-06-23,0,current_regime_2026_early_to_recent,landmark_prevalence_baseline,0.23526197144613706
separacion:4424,2026-0004451,SL-903,SL,2026-05-24,14,2026-06-23,0,current_regime_2026_early_to_recent,landmark_prevalence_baseline,0.23994900729478982
separacion:4472,2026-0004699,SL-908,SL,2026-05-24,7,2026-06-23,0,current_regime_2026_early_to_recent,landmark_prevalence_baseline,0.13841455095036678
separacion:4474,2026-0004773,SL-1006,SL,2026-05-24,7,2026-06-23,0,current_regime_2026_early_to_recent,landmark_prevalence_baseline,0.13841455095036678
separacion:4475,2026-0004774,SL-406,SL,2026-05-24,7,2026-06-23,0,current_regime_2026_early_to_recent,landmark_prevalence_baseline,0.13841455095036678
separacion:4477,2026-0004791,SL-1302,SL,2026-05-24,7,2026-06-23,0,current_regime_2026_early_to_recent,landmark_prevalence_baseline,0.13841455095036678
separacion:4479,2026-0004836,GY-1603,GY,2026-05-24,7,2026-06-23,0,current_regime_2026_early_to_recent,landmark_prevalence_baseline,0.13841455095036678
separacion:4480,2026-0004850,MD-1403,MD,2026-05-24,7,2026-06-23,1,current_regime_2026_early_to_recent,landmark_prevalence_baseline,0.13841455095036678
separacion:4483,2026-0004861,NP-A2608,NP,2026-05-24,7,2026-06-23,0,current_regime_2026_early_to_recent,landmark_prevalence_baseline,0.13841455095036678
separacion:4166,2026-0003221,CP-E52,CP,2026-05-25,60,2026-06-24,0,current_regime_2026_early_to_recent,landmark_prevalence_baseline,0.17804722399489473
separacion:4295,2026-0003502,SL-E7,SL,2026-05-25,45,2026-06-24,0,current_regime_2026_early_to_recent,landmark_prevalence_baseline,0.16492578339747116
separacion:4365,2026-0003981,TZ-19,TZ,2026-05-25,30,2026-06-24,0,current_regime_2026_early_to_recent,landmark_prevalence_baseline,0.23526197144613706
separacion:4400,2026-0004310,NP-A-E134,NP,2026-05-25,21,2026-06-24,0,current_regime_2026_early_to_recent,landmark_prevalence_baseline,0.3065002928059823
separacion:4427,2026-0004436,SL-808,SL,2026-05-25,14,2026-06-24,0,current_regime_2026_early_to_recent,landmark_prevalence_baseline,0.23994900729478982
separacion:4484,2026-0004638,CP-E18,CP,2026-05-25,7,2026-06-24,0,current_regime_2026_early_to_recent,landmark_prevalence_baseline,0.13841455095036678
separacion:4486,2026-0004887,MT-A701,MT,2026-05-25,7,2026-06-24,0,current_regime_2026_early_to_recent,landmark_prevalence_baseline,0.13841455095036678
separacion:4495,2026-0004886,NP-A904,NP,2026-05-25,7,2026-06-24,0,current_regime_2026_early_to_recent,landmark_prevalence_baseline,0.13841455095036678
separacion:4498,2026-0004746,NP-A2706,NP,2026-05-25,7,2026-06-24,0,current_regime_2026_early_to_recent,landmark_prevalence_baseline,0.13841455095036678
separacion:4513,2026-0004955,MT-A1206,MT,2026-05-25,0,2026-06-24,0,current_regime_2026_early_to_recent,landmark_prevalence_baseline,0.14761577853034596
separacion:4191,2026-0003242,NP-A2005,NP,2026-05-26,60,2026-06-25,1,current_regime_2026_early_to_recent,landmark_prevalence_baseline,0.17804722399489473
separacion:4403,2026-0004320,MD-E97,MD,2026-05-26,21,2026-06-25,0,current_regime_2026_early_to_recent,landmark_prevalence_baseline,0.3065002928059823
separacion:4451,2026-0004523,NP-A-E154,NP,2026-05-26,14,2026-06-25,0,current_regime_2026_early_to_recent,landmark_prevalence_baseline,0.23994900729478982
separacion:4528,2026-0005078,SL-1206,SL,2026-05-26,0,2026-06-25,0,current_regime_2026_early_to_recent,landmark_prevalence_baseline,0.14761577853034596
separacion:4192,2026-0003243,CP-B1306,CP,2026-05-27,60,2026-06-26,0,current_regime_2026_early_to_recent,landmark_prevalence_baseline,0.17804722399489473
separacion:4193,2026-0003246,NP-A-E138,NP,2026-05-27,60,2026-06-26,0,current_regime_2026_early_to_recent,landmark_prevalence_baseline,0.17804722399489473
separacion:4367,2026-0004067,TZ-50,TZ,2026-05-27,30,2026-06-26,0,current_regime_2026_early_to_recent,landmark_prevalence_baseline,0.23526197144613706
separacion:4409,2026-0004351,SL-E47,SL,2026-05-27,21,2026-06-26,0,current_regime_2026_early_to_recent,landmark_prevalence_baseline,0.3065002928059823
separacion:4413,2026-0004374,MT-B24,MT,2026-05-27,21,2026-06-26,0,current_regime_2026_early_to_recent,landmark_prevalence_baseline,0.3065002928059823
separacion:4532,2026-0005086,NP-A2807,NP,2026-05-27,0,2026-06-26,0,current_regime_2026_early_to_recent,landmark_prevalence_baseline,0.14761577853034596
separacion:4106,2026-0002781,FX-E16,FX,2026-05-28,75,2026-06-27,0,current_regime_2026_early_to_recent,landmark_prevalence_baseline,0.04663212435233161
separacion:4370,2026-0004112,NP-A-E06,NP,2026-05-28,30,2026-06-27,0,current_regime_2026_early_to_recent,landmark_prevalence_baseline,0.23526197144613706
separacion:4455,2026-0004548,NP-A1901,NP,2026-05-28,14,2026-06-27,0,current_regime_2026_early_to_recent,landmark_prevalence_baseline,0.23994900729478982
separacion:4457,2026-0004561,MT-B28,MT,2026-05-28,14,2026-06-27,0,current_regime_2026_early_to_recent,landmark_prevalence_baseline,0.23994900729478982
separacion:4107,2026-0002813,GY-303,GY,2026-05-29,75,2026-06-28,1,current_regime_2026_early_to_recent,landmark_prevalence_baseline,0.04663212435233161
separacion:4202,2026-0003313,NP-A2203,NP,2026-05-29,60,2026-06-28,0,current_regime_2026_early_to_recent,landmark_prevalence_baseline,0.17804722399489473
separacion:4203,2026-0003315,NP-A2204,NP,2026-05-29,60,2026-06-28,0,current_regime_2026_early_to_recent,landmark_prevalence_baseline,0.17804722399489473
separacion:4301,2026-0003630,NP-A-E08,NP,2026-05-29,45,2026-06-28,0,current_regime_2026_early_to_recent,landmark_prevalence_baseline,0.16492578339747116
separacion:4463,2026-0004597,TZ-40,TZ,2026-05-29,14,2026-06-28,0,current_regime_2026_early_to_recent,landmark_prevalence_baseline,0.23994900729478982
separacion:4464,2026-0004616,TZ-43,TZ,2026-05-29,14,2026-06-28,0,current_regime_2026_early_to_recent,landmark_prevalence_baseline,0.23994900729478982
separacion:4542,2026-0005156,NP-A2601,NP,2026-05-29,0,2026-06-28,1,current_regime_2026_early_to_recent,landmark_prevalence_baseline,0.14761577853034596
separacion:4384,2026-0004153,CP-B705,CP,2026-05-30,30,2026-06-29,1,current_regime_2026_early_to_recent,landmark_prevalence_baseline,0.23526197144613706
separacion:4468,2026-0004668,EEUU-203,EEUU,2026-05-30,14,2026-06-29,1,current_regime_2026_early_to_recent,landmark_prevalence_baseline,0.23994900729478982
separacion:4544,2026-0005233,NP-A2104,NP,2026-05-30,0,2026-06-29,0,current_regime_2026_early_to_recent,landmark_prevalence_baseline,0.14761577853034596
separacion:4122,2026-0002991,GY-D7,GY,2026-05-31,75,2026-06-30,0,current_regime_2026_early_to_recent,landmark_prevalence_baseline,0.04663212435233161
separacion:4389,2026-0004188,SL-E1,SL,2026-05-31,30,2026-06-30,0,current_regime_2026_early_to_recent,landmark_prevalence_baseline,0.23526197144613706
separacion:4479,2026-0004836,GY-1603,GY,2026-05-31,14,2026-06-30,0,current_regime_2026_early_to_recent,landmark_prevalence_baseline,0.23994900729478982
separacion:4480,2026-0004850,MD-1403,MD,2026-05-31,14,2026-06-30,1,current_regime_2026_early_to_recent,landmark_prevalence_baseline,0.23994900729478982
separacion:4546,2026-0005276,NP-A-E158,NP,2026-05-31,0,2026-06-30,1,current_regime_2026_early_to_recent,landmark_prevalence_baseline,0.14761577853034596
separacion:4547,2026-0005274,NP-A2102,NP,2026-05-31,0,2026-06-30,0,current_regime_2026_early_to_recent,landmark_prevalence_baseline,0.14761577853034596
separacion:4131,2026-0003014,EEUU-E50,EEUU,2026-06-01,75,2026-07-01,0,current_regime_2026_early_to_recent,landmark_prevalence_baseline,0.04663212435233161
separacion:4484,2026-0004638,CP-E18,CP,2026-06-01,14,2026-07-01,0,current_regime_2026_early_to_recent,landmark_prevalence_baseline,0.23994900729478982
separacion:4553,2026-0005356,NP-A-E161,NP,2026-06-01,30,2026-07-01,0,current_regime_2026_early_to_recent,landmark_prevalence_baseline,0.23526197144613706
separacion:4136,2026-0003041,MT-A04,MT,2026-06-02,75,2026-07-02,0,current_regime_2026_early_to_recent,landmark_prevalence_baseline,0.04663212435233161
separacion:4451,2026-0004523,NP-A-E154,NP,2026-06-02,21,2026-07-02,0,current_regime_2026_early_to_recent,landmark_prevalence_baseline,0.3065002928059823
separacion:4528,2026-0005078,SL-1206,SL,2026-06-02,7,2026-07-02,0,current_regime_2026_early_to_recent,landmark_prevalence_baseline,0.13841455095036678
separacion:4551,2026-0005345,MD-1202,MD,2026-06-02,0,2026-07-02,0,current_regime_2026_early_to_recent,landmark_prevalence_baseline,0.14761577853034596
separacion:4554,2026-0005178,MT-B1202,MT,2026-06-02,0,2026-07-02,0,current_regime_2026_early_to_recent,landmark_prevalence_baseline,0.14761577853034596
separacion:4555,2026-0005288,MD-E66,MD,2026-06-02,0,2026-07-02,0,current_regime_2026_early_to_recent,landmark_prevalence_baseline,0.14761577853034596
separacion:4140,2026-0003067,GY-14,GY,2026-06-03,75,2026-07-03,0,current_regime_2026_early_to_recent,landmark_prevalence_baseline,0.04663212435233161
separacion:4400,2026-0004310,NP-A-E134,NP,2026-06-03,30,2026-07-03,0,current_regime_2026_early_to_recent,landmark_prevalence_baseline,0.23526197144613706
separacion:4403,2026-0004320,MD-E97,MD,2026-06-04,30,2026-07-04,0,current_regime_2026_early_to_recent,landmark_prevalence_baseline,0.23526197144613706
separacion:4455,2026-0004548,NP-A1901,NP,2026-06-04,21,2026-07-04,0,current_regime_2026_early_to_recent,landmark_prevalence_baseline,0.3065002928059823
separacion:4457,2026-0004561,MT-B28,MT,2026-06-04,21,2026-07-04,0,current_regime_2026_early_to_recent,landmark_prevalence_baseline,0.3065002928059823
separacion:4563,2026-0005384,CP-B808,CP,2026-06-04,0,2026-07-04,0,current_regime_2026_early_to_recent,landmark_prevalence_baseline,0.14761577853034596
separacion:4564,2026-0005299,NP-A2507,NP,2026-06-04,0,2026-07-04,0,current_regime_2026_early_to_recent,landmark_prevalence_baseline,0.14761577853034596
separacion:4577,2026-0005381,NP-A1710,NP,2026-06-04,0,2026-07-04,0,current_regime_2026_early_to_recent,landmark_prevalence_baseline,0.14761577853034596
separacion:4148,2026-0003118,GY-43,GY,2026-06-05,75,2026-07-05,0,current_regime_2026_early_to_recent,landmark_prevalence_baseline,0.04663212435233161
separacion:4210,2026-0003409,SL-E4,SL,2026-06-05,60,2026-07-05,0,current_regime_2026_early_to_recent,landmark_prevalence_baseline,0.17804722399489473
separacion:4213,2026-0003412,MT-A54,MT,2026-06-05,60,2026-07-05,0,current_regime_2026_early_to_recent,landmark_prevalence_baseline,0.17804722399489473
separacion:4216,2026-0003420,CP-E87,CP,2026-06-05,60,2026-07-05,0,current_regime_2026_early_to_recent,landmark_prevalence_baseline,0.17804722399489473
separacion:4337,2026-0003807,CP-E60,CP,2026-06-05,45,2026-07-05,0,current_regime_2026_early_to_recent,landmark_prevalence_baseline,0.16492578339747116
separacion:4409,2026-0004351,SL-E47,SL,2026-06-05,30,2026-07-05,0,current_regime_2026_early_to_recent,landmark_prevalence_baseline,0.23526197144613706
separacion:4413,2026-0004374,MT-B24,MT,2026-06-05,30,2026-07-05,0,current_regime_2026_early_to_recent,landmark_prevalence_baseline,0.23526197144613706
separacion:4463,2026-0004597,TZ-40,TZ,2026-06-05,21,2026-07-05,0,current_regime_2026_early_to_recent,landmark_prevalence_baseline,0.3065002928059823
separacion:4464,2026-0004616,TZ-43,TZ,2026-06-05,21,2026-07-05,0,current_regime_2026_early_to_recent,landmark_prevalence_baseline,0.3065002928059823
separacion:4153,2026-0003145,GY-27,GY,2026-06-06,75,2026-07-06,0,current_regime_2026_early_to_recent,landmark_prevalence_baseline,0.04663212435233161
separacion:4343,2026-0003846,FX-E43,FX,2026-06-06,45,2026-07-06,0,current_regime_2026_early_to_recent,landmark_prevalence_baseline,0.16492578339747116
separacion:4468,2026-0004668,EEUU-203,EEUU,2026-06-06,21,2026-07-06,1,current_regime_2026_early_to_recent,landmark_prevalence_baseline,0.3065002928059823
separacion:4544,2026-0005233,NP-A2104,NP,2026-06-06,7,2026-07-06,0,current_regime_2026_early_to_recent,landmark_prevalence_baseline,0.13841455095036678
separacion:4581,2026-0005412,FX-402,FX,2026-06-06,0,2026-07-06,0,current_regime_2026_early_to_recent,landmark_prevalence_baseline,0.14761577853034596
separacion:4163,2026-0003190,MD-E18,MD,2026-06-07,75,2026-07-07,0,current_regime_2026_early_to_recent,landmark_prevalence_baseline,0.04663212435233161
separacion:4352,2026-0003901,EEUU-503,EEUU,2026-06-07,45,2026-07-07,1,current_regime_2026_early_to_recent,landmark_prevalence_baseline,0.16492578339747116
separacion:4479,2026-0004836,GY-1603,GY,2026-06-07,21,2026-07-07,0,current_regime_2026_early_to_recent,landmark_prevalence_baseline,0.3065002928059823
separacion:4480,2026-0004850,MD-1403,MD,2026-06-07,21,2026-07-07,1,current_regime_2026_early_to_recent,landmark_prevalence_baseline,0.3065002928059823
separacion:4546,2026-0005276,NP-A-E158,NP,2026-06-07,7,2026-07-07,1,current_regime_2026_early_to_recent,landmark_prevalence_baseline,0.13841455095036678
separacion:4547,2026-0005274,NP-A2102,NP,2026-06-07,7,2026-07-07,0,current_regime_2026_early_to_recent,landmark_prevalence_baseline,0.13841455095036678
separacion:4550,2026-0005313,MT-A1202,MT,2026-06-07,7,2026-07-07,0,current_regime_2026_early_to_recent,landmark_prevalence_baseline,0.13841455095036678
separacion:4164,2026-0003197,NP-A-E19,NP,2026-06-08,75,2026-07-08,0,current_regime_2026_early_to_recent,landmark_prevalence_baseline,0.04663212435233161
separacion:4288,2026-0003484,MT-A27,MT,2026-06-08,60,2026-07-08,0,current_regime_2026_early_to_recent,landmark_prevalence_baseline,0.17804722399489473
separacion:4290,2026-0003499,MT-A45,MT,2026-06-08,60,2026-07-08,0,current_regime_2026_early_to_recent,landmark_prevalence_baseline,0.17804722399489473
separacion:4363,2026-0003941,GY-33,GY,2026-06-08,45,2026-07-08,0,current_regime_2026_early_to_recent,landmark_prevalence_baseline,0.16492578339747116
separacion:4484,2026-0004638,CP-E18,CP,2026-06-08,21,2026-07-08,0,current_regime_2026_early_to_recent,landmark_prevalence_baseline,0.3065002928059823
separacion:4582,2026-0005474,SL-1104,SL,2026-06-08,0,2026-07-08,0,current_regime_2026_early_to_recent,landmark_prevalence_baseline,0.14761577853034596
separacion:4166,2026-0003221,CP-E52,CP,2026-06-09,75,2026-07-09,0,current_regime_2026_early_to_recent,landmark_prevalence_baseline,0.04663212435233161
separacion:4295,2026-0003502,SL-E7,SL,2026-06-09,60,2026-07-09,0,current_regime_2026_early_to_recent,landmark_prevalence_baseline,0.17804722399489473
separacion:4365,2026-0003981,TZ-19,TZ,2026-06-09,45,2026-07-09,0,current_regime_2026_early_to_recent,landmark_prevalence_baseline,0.16492578339747116
separacion:4554,2026-0005178,MT-B1202,MT,2026-06-09,7,2026-07-09,0,current_regime_2026_early_to_recent,landmark_prevalence_baseline,0.13841455095036678
separacion:4555,2026-0005288,MD-E66,MD,2026-06-09,7,2026-07-09,0,current_regime_2026_early_to_recent,landmark_prevalence_baseline,0.13841455095036678
separacion:4191,2026-0003242,NP-A2005,NP,2026-06-10,75,2026-07-10,1,current_regime_2026_early_to_recent,landmark_prevalence_baseline,0.04663212435233161
separacion:4589,2026-0005520,NP-A2207,NP,2026-06-10,0,2026-07-10,0,current_regime_2026_early_to_recent,landmark_prevalence_baseline,0.14761577853034596
separacion:4192,2026-0003243,CP-B1306,CP,2026-06-11,75,2026-07-11,0,current_regime_2026_early_to_recent,landmark_prevalence_baseline,0.04663212435233161
separacion:4193,2026-0003246,NP-A-E138,NP,2026-06-11,75,2026-07-11,0,current_regime_2026_early_to_recent,landmark_prevalence_baseline,0.04663212435233161
separacion:4367,2026-0004067,TZ-50,TZ,2026-06-11,45,2026-07-11,0,current_regime_2026_early_to_recent,landmark_prevalence_baseline,0.16492578339747116
separacion:4451,2026-0004523,NP-A-E154,NP,2026-06-11,30,2026-07-11,0,current_regime_2026_early_to_recent,landmark_prevalence_baseline,0.23526197144613706
separacion:4563,2026-0005384,CP-B808,CP,2026-06-11,7,2026-07-11,0,current_regime_2026_early_to_recent,landmark_prevalence_baseline,0.13841455095036678
separacion:4564,2026-0005299,NP-A2507,NP,2026-06-11,7,2026-07-11,0,current_regime_2026_early_to_recent,landmark_prevalence_baseline,0.13841455095036678
separacion:4577,2026-0005381,NP-A1710,NP,2026-06-11,7,2026-07-11,0,current_regime_2026_early_to_recent,landmark_prevalence_baseline,0.13841455095036678
separacion:4591,2026-0005535,NP-A-E163,NP,2026-06-11,0,2026-07-11,0,current_regime_2026_early_to_recent,landmark_prevalence_baseline,0.14761577853034596
separacion:4592,2026-0005534,MD-1701,MD,2026-06-11,0,2026-07-11,0,current_regime_2026_early_to_recent,landmark_prevalence_baseline,0.14761577853034596
separacion:4596,2026-0005566,NP-A1303,NP,2026-06-11,0,2026-07-11,0,current_regime_2026_early_to_recent,landmark_prevalence_baseline,0.14761577853034596
separacion:4106,2026-0002781,FX-E16,FX,2026-06-12,90,2026-07-12,0,current_regime_2026_early_to_recent,landmark_prevalence_baseline,0.0
separacion:4370,2026-0004112,NP-A-E06,NP,2026-06-12,45,2026-07-12,0,current_regime_2026_early_to_recent,landmark_prevalence_baseline,0.16492578339747116
separacion:4599,2026-0005574,CP-E2,CP,2026-06-12,0,2026-07-12,0,current_regime_2026_early_to_recent,landmark_prevalence_baseline,0.14761577853034596
separacion:4107,2026-0002813,GY-303,GY,2026-06-13,90,2026-07-13,1,current_regime_2026_early_to_recent,landmark_prevalence_baseline,0.0
separacion:4202,2026-0003313,NP-A2203,NP,2026-06-13,75,2026-07-13,0,current_regime_2026_early_to_recent,landmark_prevalence_baseline,0.04663212435233161
separacion:4203,2026-0003315,NP-A2204,NP,2026-06-13,75,2026-07-13,0,current_regime_2026_early_to_recent,landmark_prevalence_baseline,0.04663212435233161
separacion:4301,2026-0003630,NP-A-E08,NP,2026-06-13,60,2026-07-13,0,current_regime_2026_early_to_recent,landmark_prevalence_baseline,0.17804722399489473
separacion:4455,2026-0004548,NP-A1901,NP,2026-06-13,30,2026-07-13,1,current_regime_2026_early_to_recent,landmark_prevalence_baseline,0.23526197144613706
separacion:4457,2026-0004561,MT-B28,MT,2026-06-13,30,2026-07-13,0,current_regime_2026_early_to_recent,landmark_prevalence_baseline,0.23526197144613706
separacion:4544,2026-0005233,NP-A2104,NP,2026-06-13,14,2026-07-13,0,current_regime_2026_early_to_recent,landmark_prevalence_baseline,0.23994900729478982
separacion:4600,2026-0005594,TZ-39,TZ,2026-06-13,0,2026-07-13,0,current_regime_2026_early_to_recent,landmark_prevalence_baseline,0.14761577853034596
separacion:4601,2026-0005611,FX-E28,FX,2026-06-13,0,2026-07-13,0,current_regime_2026_early_to_recent,landmark_prevalence_baseline,0.14761577853034596
separacion:4602,2026-0005677,MD-1204,MD,2026-06-13,0,2026-07-13,0,current_regime_2026_early_to_recent,landmark_prevalence_baseline,0.14761577853034596
separacion:4463,2026-0004597,TZ-40,TZ,2026-06-14,30,2026-07-14,0,current_regime_2026_early_to_recent,landmark_prevalence_baseline,0.23526197144613706
separacion:4464,2026-0004616,TZ-43,TZ,2026-06-14,30,2026-07-14,0,current_regime_2026_early_to_recent,landmark_prevalence_baseline,0.23526197144613706
separacion:4550,2026-0005313,MT-A1202,MT,2026-06-14,14,2026-07-14,1,current_regime_2026_early_to_recent,landmark_prevalence_baseline,0.23994900729478982
separacion:4603,2026-0005740,MD-405,MD,2026-06-14,0,2026-07-14,0,current_regime_2026_early_to_recent,landmark_prevalence_baseline,0.14761577853034596
separacion:4604,2026-0005781,SL-1001,SL,2026-06-14,0,2026-07-14,0,current_regime_2026_early_to_recent,landmark_prevalence_baseline,0.14761577853034596
separacion:4605,2026-0005789,NP-A2606,NP,2026-06-14,0,2026-07-14,0,current_regime_2026_early_to_recent,landmark_prevalence_baseline,0.14761577853034596
separacion:4606,2026-0005804,MD-E52,MD,2026-06-14,0,2026-07-14,0,current_regime_2026_early_to_recent,landmark_prevalence_baseline,0.14761577853034596
separacion:4122,2026-0002991,GY-D7,GY,2026-06-15,90,2026-07-15,0,current_regime_2026_early_to_recent,landmark_prevalence_baseline,0.0
separacion:4389,2026-0004188,SL-E1,SL,2026-06-15,45,2026-07-15,0,current_regime_2026_early_to_recent,landmark_prevalence_baseline,0.16492578339747116
separacion:4582,2026-0005474,SL-1104,SL,2026-06-15,7,2026-07-15,0,current_regime_2026_early_to_recent,landmark_prevalence_baseline,0.13841455095036678
separacion:4609,2026-0005817,NP-A-E106,NP,2026-06-15,0,2026-07-15,0,current_regime_2026_early_to_recent,landmark_prevalence_baseline,0.14761577853034596
separacion:4611,2026-0005815,MD-1401,MD,2026-06-15,0,2026-07-15,0,current_regime_2026_early_to_recent,landmark_prevalence_baseline,0.14761577853034596
separacion:4131,2026-0003014,EEUU-E50,EEUU,2026-06-16,90,2026-07-16,0,current_regime_2026_early_to_recent,landmark_prevalence_baseline,0.0
separacion:4479,2026-0004836,GY-1603,GY,2026-06-16,30,2026-07-16,0,current_regime_2026_early_to_recent,landmark_prevalence_baseline,0.23526197144613706
separacion:4480,2026-0004850,MD-1403,MD,2026-06-16,30,2026-07-16,1,current_regime_2026_early_to_recent,landmark_prevalence_baseline,0.23526197144613706
separacion:4553,2026-0005356,NP-A-E161,NP,2026-06-16,45,2026-07-16,0,current_regime_2026_early_to_recent,landmark_prevalence_baseline,0.16492578339747116
separacion:4555,2026-0005288,MD-E66,MD,2026-06-16,14,2026-07-16,0,current_regime_2026_early_to_recent,landmark_prevalence_baseline,0.23994900729478982
separacion:4625,2026-0005859,FX-1301,FX,2026-06-16,0,2026-07-16,0,current_regime_2026_early_to_recent,landmark_prevalence_baseline,0.14761577853034596
separacion:4136,2026-0003041,MT-A04,MT,2026-06-17,90,2026-07-17,0,current_regime_2026_early_to_recent,landmark_prevalence_baseline,0.0
separacion:4484,2026-0004638,CP-E18,CP,2026-06-17,30,2026-07-17,0,current_regime_2026_early_to_recent,landmark_prevalence_baseline,0.23526197144613706
separacion:4648,2026-0005877,FX-1201,FX,2026-06-17,0,2026-07-17,0,current_regime_2026_early_to_recent,landmark_prevalence_baseline,0.14761577853034596
separacion:4649,2026-0005898,FX-1303,FX,2026-06-17,0,2026-07-17,0,current_regime_2026_early_to_recent,landmark_prevalence_baseline,0.14761577853034596
separacion:4650,2026-0005846,FX-505,FX,2026-06-17,0,2026-07-17,0,current_regime_2026_early_to_recent,landmark_prevalence_baseline,0.14761577853034596
separacion:4651,2026-0005821,CP-B1107,CP,2026-06-17,0,2026-07-17,0,current_regime_2026_early_to_recent,landmark_prevalence_baseline,0.14761577853034596
separacion:4652,2026-0005915,SL-303,SL,2026-06-17,0,2026-07-17,0,current_regime_2026_early_to_recent,landmark_prevalence_baseline,0.14761577853034596
separacion:4140,2026-0003067,GY-14,GY,2026-06-18,90,2026-07-18,0,current_regime_2026_early_to_recent,landmark_prevalence_baseline,0.0
separacion:4400,2026-0004310,NP-A-E134,NP,2026-06-18,45,2026-07-18,0,current_regime_2026_early_to_recent,landmark_prevalence_baseline,0.16492578339747116
separacion:4563,2026-0005384,CP-B808,CP,2026-06-18,14,2026-07-18,0,current_regime_2026_early_to_recent,landmark_prevalence_baseline,0.23994900729478982
separacion:4591,2026-0005535,NP-A-E163,NP,2026-06-18,7,2026-07-18,0,current_regime_2026_early_to_recent,landmark_prevalence_baseline,0.13841455095036678
separacion:4592,2026-0005534,MD-1701,MD,2026-06-18,7,2026-07-18,0,current_regime_2026_early_to_recent,landmark_prevalence_baseline,0.13841455095036678
separacion:4596,2026-0005566,NP-A1303,NP,2026-06-18,7,2026-07-18,0,current_regime_2026_early_to_recent,landmark_prevalence_baseline,0.13841455095036678
separacion:4655,2026-0005954,EEUU-E1,EEUU,2026-06-18,0,2026-07-18,0,current_regime_2026_early_to_recent,landmark_prevalence_baseline,0.14761577853034596
separacion:4403,2026-0004320,MD-E97,MD,2026-06-19,45,2026-07-19,0,current_regime_2026_early_to_recent,landmark_prevalence_baseline,0.16492578339747116
separacion:4599,2026-0005574,CP-E2,CP,2026-06-19,7,2026-07-19,0,current_regime_2026_early_to_recent,landmark_prevalence_baseline,0.13841455095036678
separacion:4664,2026-0005875,NP-A2609,NP,2026-06-19,0,2026-07-19,0,current_regime_2026_early_to_recent,landmark_prevalence_baseline,0.14761577853034596
separacion:4148,2026-0003118,GY-43,GY,2026-06-20,90,2026-07-20,0,current_regime_2026_early_to_recent,landmark_prevalence_baseline,0.0
separacion:4210,2026-0003409,SL-E4,SL,2026-06-20,75,2026-07-20,0,current_regime_2026_early_to_recent,landmark_prevalence_baseline,0.04663212435233161
separacion:4213,2026-0003412,MT-A54,MT,2026-06-20,75,2026-07-20,0,current_regime_2026_early_to_recent,landmark_prevalence_baseline,0.04663212435233161
separacion:4216,2026-0003420,CP-E87,CP,2026-06-20,75,2026-07-20,0,current_regime_2026_early_to_recent,landmark_prevalence_baseline,0.04663212435233161
separacion:4337,2026-0003807,CP-E60,CP,2026-06-20,60,2026-07-20,0,current_regime_2026_early_to_recent,landmark_prevalence_baseline,0.17804722399489473
separacion:4409,2026-0004351,SL-E47,SL,2026-06-20,45,2026-07-20,0,current_regime_2026_early_to_recent,landmark_prevalence_baseline,0.16492578339747116
separacion:4413,2026-0004374,MT-B24,MT,2026-06-20,45,2026-07-20,0,current_regime_2026_early_to_recent,landmark_prevalence_baseline,0.16492578339747116
separacion:4544,2026-0005233,NP-A2104,NP,2026-06-20,21,2026-07-20,0,current_regime_2026_early_to_recent,landmark_prevalence_baseline,0.3065002928059823
separacion:4600,2026-0005594,TZ-39,TZ,2026-06-20,7,2026-07-20,0,current_regime_2026_early_to_recent,landmark_prevalence_baseline,0.13841455095036678
separacion:4601,2026-0005611,FX-E28,FX,2026-06-20,7,2026-07-20,0,current_regime_2026_early_to_recent,landmark_prevalence_baseline,0.13841455095036678
separacion:4673,2026-0005998,GY-506,GY,2026-06-20,0,2026-07-20,0,current_regime_2026_early_to_recent,landmark_prevalence_baseline,0.14761577853034596
separacion:4153,2026-0003145,GY-27,GY,2026-06-21,90,2026-07-21,0,current_regime_2026_early_to_recent,landmark_prevalence_baseline,0.0
separacion:4343,2026-0003846,FX-E43,FX,2026-06-21,60,2026-07-21,0,current_regime_2026_early_to_recent,landmark_prevalence_baseline,0.17804722399489473
separacion:4550,2026-0005313,MT-A1202,MT,2026-06-21,21,2026-07-21,1,current_regime_2026_early_to_recent,landmark_prevalence_baseline,0.3065002928059823
separacion:4603,2026-0005740,MD-405,MD,2026-06-21,7,2026-07-21,0,current_regime_2026_early_to_recent,landmark_prevalence_baseline,0.13841455095036678
separacion:4604,2026-0005781,SL-1001,SL,2026-06-21,7,2026-07-21,0,current_regime_2026_early_to_recent,landmark_prevalence_baseline,0.13841455095036678
separacion:4605,2026-0005789,NP-A2606,NP,2026-06-21,7,2026-07-21,0,current_regime_2026_early_to_recent,landmark_prevalence_baseline,0.13841455095036678
separacion:4606,2026-0005804,MD-E52,MD,2026-06-21,7,2026-07-21,1,current_regime_2026_early_to_recent,landmark_prevalence_baseline,0.13841455095036678
separacion:4163,2026-0003190,MD-E18,MD,2026-06-22,90,2026-07-22,0,current_regime_2026_early_to_recent,landmark_prevalence_baseline,0.0
separacion:4582,2026-0005474,SL-1104,SL,2026-06-22,14,2026-07-22,0,current_regime_2026_early_to_recent,landmark_prevalence_baseline,0.23994900729478982
separacion:4609,2026-0005817,NP-A-E106,NP,2026-06-22,7,2026-07-22,0,current_regime_2026_early_to_recent,landmark_prevalence_baseline,0.13841455095036678
separacion:4611,2026-0005815,MD-1401,MD,2026-06-22,7,2026-07-22,0,current_regime_2026_early_to_recent,landmark_prevalence_baseline,0.13841455095036678
separacion:4678,2026-0006039,MT-A601,MT,2026-06-22,0,2026-07-22,0,current_regime_2026_early_to_recent,landmark_prevalence_baseline,0.14761577853034596
separacion:4679,2026-0006048,NP-A-E165,NP,2026-06-22,0,2026-07-22,0,current_regime_2026_early_to_recent,landmark_prevalence_baseline,0.14761577853034596
separacion:4684,2026-0006056,SL-E12,SL,2026-06-22,0,2026-07-22,0,current_regime_2026_early_to_recent,landmark_prevalence_baseline,0.14761577853034596
separacion:4687,2026-0006060,MT-A1006,MT,2026-06-22,0,2026-07-22,0,current_regime_2026_early_to_recent,landmark_prevalence_baseline,0.14761577853034596
separacion:4164,2026-0003197,NP-A-E19,NP,2026-06-23,90,2026-07-23,0,current_regime_2026_early_to_recent,landmark_prevalence_baseline,0.0
separacion:4288,2026-0003484,MT-A27,MT,2026-06-23,75,2026-07-23,0,current_regime_2026_early_to_recent,landmark_prevalence_baseline,0.04663212435233161
separacion:4290,2026-0003499,MT-A45,MT,2026-06-23,75,2026-07-23,0,current_regime_2026_early_to_recent,landmark_prevalence_baseline,0.04663212435233161
separacion:4363,2026-0003941,GY-33,GY,2026-06-23,60,2026-07-23,0,current_regime_2026_early_to_recent,landmark_prevalence_baseline,0.17804722399489473
separacion:4555,2026-0005288,MD-E66,MD,2026-06-23,21,2026-07-23,0,current_regime_2026_early_to_recent,landmark_prevalence_baseline,0.3065002928059823
separacion:4625,2026-0005859,FX-1301,FX,2026-06-23,7,2026-07-23,0,current_regime_2026_early_to_recent,landmark_prevalence_baseline,0.13841455095036678
separacion:4708,2026-0006085,GY-1401,GY,2026-06-23,0,2026-07-23,0,current_regime_2026_early_to_recent,landmark_prevalence_baseline,0.14761577853034596
separacion:4166,2026-0003221,CP-E52,CP,2026-06-24,90,2026-07-24,0,current_regime_2026_early_to_recent,landmark_prevalence_baseline,0.0
separacion:4295,2026-0003502,SL-E7,SL,2026-06-24,75,2026-07-24,0,current_regime_2026_early_to_recent,landmark_prevalence_baseline,0.04663212435233161
separacion:4365,2026-0003981,TZ-19,TZ,2026-06-24,60,2026-07-24,0,current_regime_2026_early_to_recent,landmark_prevalence_baseline,0.17804722399489473
separacion:4648,2026-0005877,FX-1201,FX,2026-06-24,7,2026-07-24,0,current_regime_2026_early_to_recent,landmark_prevalence_baseline,0.13841455095036678
separacion:4649,2026-0005898,FX-1303,FX,2026-06-24,7,2026-07-24,0,current_regime_2026_early_to_recent,landmark_prevalence_baseline,0.13841455095036678
separacion:4650,2026-0005846,FX-505,FX,2026-06-24,7,2026-07-24,0,current_regime_2026_early_to_recent,landmark_prevalence_baseline,0.13841455095036678
separacion:4651,2026-0005821,CP-B1107,CP,2026-06-24,7,2026-07-24,0,current_regime_2026_early_to_recent,landmark_prevalence_baseline,0.13841455095036678
separacion:4652,2026-0005915,SL-303,SL,2026-06-24,7,2026-07-24,0,current_regime_2026_early_to_recent,landmark_prevalence_baseline,0.13841455095036678
separacion:4591,2026-0005535,NP-A-E163,NP,2026-06-25,14,2026-07-25,0,current_regime_2026_early_to_recent,landmark_prevalence_baseline,0.23994900729478982
separacion:4592,2026-0005534,MD-1701,MD,2026-06-25,14,2026-07-25,0,current_regime_2026_early_to_recent,landmark_prevalence_baseline,0.23994900729478982
separacion:4596,2026-0005566,NP-A1303,NP,2026-06-25,14,2026-07-25,0,current_regime_2026_early_to_recent,landmark_prevalence_baseline,0.23994900729478982
separacion:4192,2026-0003243,CP-B1306,CP,2026-06-26,90,2026-07-26,0,current_regime_2026_early_to_recent,landmark_prevalence_baseline,0.0
separacion:4193,2026-0003246,NP-A-E138,NP,2026-06-26,90,2026-07-26,0,current_regime_2026_early_to_recent,landmark_prevalence_baseline,0.0
separacion:4367,2026-0004067,TZ-50,TZ,2026-06-26,60,2026-07-26,0,current_regime_2026_early_to_recent,landmark_prevalence_baseline,0.17804722399489473
separacion:4451,2026-0004523,NP-A-E154,NP,2026-06-26,45,2026-07-26,0,current_regime_2026_early_to_recent,landmark_prevalence_baseline,0.16492578339747116
separacion:4599,2026-0005574,CP-E2,CP,2026-06-26,14,2026-07-26,0,current_regime_2026_early_to_recent,landmark_prevalence_baseline,0.23994900729478982
separacion:4370,2026-0004112,NP-A-E06,NP,2026-06-27,60,2026-07-27,0,current_regime_2026_early_to_recent,landmark_prevalence_baseline,0.17804722399489473
separacion:4600,2026-0005594,TZ-39,TZ,2026-06-27,14,2026-07-27,0,current_regime_2026_early_to_recent,landmark_prevalence_baseline,0.23994900729478982
separacion:4601,2026-0005611,FX-E28,FX,2026-06-27,14,2026-07-27,0,current_regime_2026_early_to_recent,landmark_prevalence_baseline,0.23994900729478982
separacion:4742,2026-0006180,MT-A702,MT,2026-06-27,0,2026-07-27,0,current_regime_2026_early_to_recent,landmark_prevalence_baseline,0.14761577853034596
separacion:4743,2026-0006183,MD-E49,MD,2026-06-27,0,2026-07-27,0,current_regime_2026_early_to_recent,landmark_prevalence_baseline,0.14761577853034596
separacion:4202,2026-0003313,NP-A2203,NP,2026-06-28,90,2026-07-28,0,current_regime_2026_early_to_recent,landmark_prevalence_baseline,0.0
separacion:4203,2026-0003315,NP-A2204,NP,2026-06-28,90,2026-07-28,0,current_regime_2026_early_to_recent,landmark_prevalence_baseline,0.0
separacion:4301,2026-0003630,NP-A-E08,NP,2026-06-28,75,2026-07-28,0,current_regime_2026_early_to_recent,landmark_prevalence_baseline,0.04663212435233161
separacion:4455,2026-0004548,NP-A1901,NP,2026-06-28,45,2026-07-28,1,current_regime_2026_early_to_recent,landmark_prevalence_baseline,0.16492578339747116
separacion:4457,2026-0004561,MT-B28,MT,2026-06-28,45,2026-07-28,0,current_regime_2026_early_to_recent,landmark_prevalence_baseline,0.16492578339747116
separacion:4604,2026-0005781,SL-1001,SL,2026-06-28,14,2026-07-28,0,current_regime_2026_early_to_recent,landmark_prevalence_baseline,0.23994900729478982
separacion:4606,2026-0005804,MD-E52,MD,2026-06-28,14,2026-07-28,1,current_regime_2026_early_to_recent,landmark_prevalence_baseline,0.23994900729478982
separacion:4745,2026-0006261,NP-A-E77,NP,2026-06-28,0,2026-07-28,0,current_regime_2026_early_to_recent,landmark_prevalence_baseline,0.14761577853034596
separacion:4746,2026-0006279,NP-A2607,NP,2026-06-28,0,2026-07-28,0,current_regime_2026_early_to_recent,landmark_prevalence_baseline,0.14761577853034596
separacion:4463,2026-0004597,TZ-40,TZ,2026-06-29,45,2026-07-29,0,current_regime_2026_early_to_recent,landmark_prevalence_baseline,0.16492578339747116
separacion:4464,2026-0004616,TZ-43,TZ,2026-06-29,45,2026-07-29,0,current_regime_2026_early_to_recent,landmark_prevalence_baseline,0.16492578339747116
separacion:4544,2026-0005233,NP-A2104,NP,2026-06-29,30,2026-07-29,0,current_regime_2026_early_to_recent,landmark_prevalence_baseline,0.23526197144613706
separacion:4609,2026-0005817,NP-A-E106,NP,2026-06-29,14,2026-07-29,0,current_regime_2026_early_to_recent,landmark_prevalence_baseline,0.23994900729478982
separacion:4611,2026-0005815,MD-1401,MD,2026-06-29,14,2026-07-29,0,current_regime_2026_early_to_recent,landmark_prevalence_baseline,0.23994900729478982
separacion:4679,2026-0006048,NP-A-E165,NP,2026-06-29,7,2026-07-29,0,current_regime_2026_early_to_recent,landmark_prevalence_baseline,0.13841455095036678
separacion:4684,2026-0006056,SL-E12,SL,2026-06-29,7,2026-07-29,0,current_regime_2026_early_to_recent,landmark_prevalence_baseline,0.13841455095036678
separacion:4389,2026-0004188,SL-E1,SL,2026-06-30,60,2026-07-30,0,current_regime_2026_early_to_recent,landmark_prevalence_baseline,0.17804722399489473
separacion:4550,2026-0005313,MT-A1202,MT,2026-06-30,30,2026-07-30,1,current_regime_2026_early_to_recent,landmark_prevalence_baseline,0.23526197144613706
separacion:4625,2026-0005859,FX-1301,FX,2026-06-30,14,2026-07-30,0,current_regime_2026_early_to_recent,landmark_prevalence_baseline,0.23994900729478982
separacion:4708,2026-0006085,GY-1401,GY,2026-06-30,7,2026-07-30,0,current_regime_2026_early_to_recent,landmark_prevalence_baseline,0.13841455095036678
separacion:4752,2026-0006331,NP-A2107,NP,2026-06-30,0,2026-07-30,0,current_regime_2026_early_to_recent,landmark_prevalence_baseline,0.14761577853034596
separacion:4553,2026-0005356,NP-A-E161,NP,2026-07-01,60,2026-07-31,0,current_regime_2026_early_to_recent,landmark_prevalence_baseline,0.17804722399489473
separacion:4648,2026-0005877,FX-1201,FX,2026-07-01,14,2026-07-31,0,current_regime_2026_early_to_recent,landmark_prevalence_baseline,0.23994900729478982
separacion:4649,2026-0005898,FX-1303,FX,2026-07-01,14,2026-07-31,0,current_regime_2026_early_to_recent,landmark_prevalence_baseline,0.23994900729478982
separacion:4484,2026-0004638,CP-E18,CP,2026-07-02,45,2026-08-01,0,current_regime_2026_early_to_recent,landmark_prevalence_baseline,0.16492578339747116
separacion:4555,2026-0005288,MD-E66,MD,2026-07-02,30,2026-08-01,0,current_regime_2026_early_to_recent,landmark_prevalence_baseline,0.23526197144613706
separacion:4591,2026-0005535,NP-A-E163,NP,2026-07-02,21,2026-08-01,0,current_regime_2026_early_to_recent,landmark_prevalence_baseline,0.3065002928059823
separacion:4596,2026-0005566,NP-A1303,NP,2026-07-02,21,2026-08-01,0,current_regime_2026_early_to_recent,landmark_prevalence_baseline,0.3065002928059823
separacion:4400,2026-0004310,NP-A-E134,NP,2026-07-03,60,2026-08-02,0,current_regime_2026_early_to_recent,landmark_prevalence_baseline,0.17804722399489473
separacion:4599,2026-0005574,CP-E2,CP,2026-07-03,21,2026-08-02,0,current_regime_2026_early_to_recent,landmark_prevalence_baseline,0.3065002928059823
separacion:4761,2026-0006417,FX-201,FX,2026-07-03,0,2026-08-02,1,current_regime_2026_early_to_recent,landmark_prevalence_baseline,0.14761577853034596
separacion:4403,2026-0004320,MD-E97,MD,2026-07-04,60,2026-08-03,0,current_regime_2026_early_to_recent,landmark_prevalence_baseline,0.17804722399489473
separacion:4601,2026-0005611,FX-E28,FX,2026-07-04,21,2026-08-03,0,current_regime_2026_early_to_recent,landmark_prevalence_baseline,0.3065002928059823
separacion:4743,2026-0006183,MD-E49,MD,2026-07-04,7,2026-08-03,0,current_regime_2026_early_to_recent,landmark_prevalence_baseline,0.13841455095036678
separacion:4762,2026-0006421,TZ-28,TZ,2026-07-04,0,2026-08-03,0,current_regime_2026_early_to_recent,landmark_prevalence_baseline,0.14761577853034596
separacion:4210,2026-0003409,SL-E4,SL,2026-07-05,90,2026-08-04,0,current_regime_2026_early_to_recent,landmark_prevalence_baseline,0.0
separacion:4213,2026-0003412,MT-A54,MT,2026-07-05,90,2026-08-04,0,current_regime_2026_early_to_recent,landmark_prevalence_baseline,0.0
separacion:4216,2026-0003420,CP-E87,CP,2026-07-05,90,2026-08-04,0,current_regime_2026_early_to_recent,landmark_prevalence_baseline,0.0
separacion:4337,2026-0003807,CP-E60,CP,2026-07-05,75,2026-08-04,0,current_regime_2026_early_to_recent,landmark_prevalence_baseline,0.04663212435233161
separacion:4409,2026-0004351,SL-E47,SL,2026-07-05,60,2026-08-04,0,current_regime_2026_early_to_recent,landmark_prevalence_baseline,0.17804722399489473
separacion:4413,2026-0004374,MT-B24,MT,2026-07-05,60,2026-08-04,0,current_regime_2026_early_to_recent,landmark_prevalence_baseline,0.17804722399489473
separacion:4604,2026-0005781,SL-1001,SL,2026-07-05,21,2026-08-04,0,current_regime_2026_early_to_recent,landmark_prevalence_baseline,0.3065002928059823
separacion:4606,2026-0005804,MD-E52,MD,2026-07-05,21,2026-08-04,1,current_regime_2026_early_to_recent,landmark_prevalence_baseline,0.3065002928059823
separacion:4745,2026-0006261,NP-A-E77,NP,2026-07-05,7,2026-08-04,0,current_regime_2026_early_to_recent,landmark_prevalence_baseline,0.13841455095036678
separacion:4343,2026-0003846,FX-E43,FX,2026-07-06,75,2026-08-05,0,current_regime_2026_early_to_recent,landmark_prevalence_baseline,0.04663212435233161
separacion:4609,2026-0005817,NP-A-E106,NP,2026-07-06,21,2026-08-05,0,current_regime_2026_early_to_recent,landmark_prevalence_baseline,0.3065002928059823
separacion:4611,2026-0005815,MD-1401,MD,2026-07-06,21,2026-08-05,0,current_regime_2026_early_to_recent,landmark_prevalence_baseline,0.3065002928059823
separacion:4679,2026-0006048,NP-A-E165,NP,2026-07-06,14,2026-08-05,0,current_regime_2026_early_to_recent,landmark_prevalence_baseline,0.23994900729478982
separacion:4684,2026-0006056,SL-E12,SL,2026-07-06,14,2026-08-05,0,current_regime_2026_early_to_recent,landmark_prevalence_baseline,0.23994900729478982
separacion:4773,2026-0006518,MD-2106,MD,2026-07-06,0,2026-08-05,0,current_regime_2026_early_to_recent,landmark_prevalence_baseline,0.14761577853034596
separacion:4625,2026-0005859,FX-1301,FX,2026-07-07,21,2026-08-06,0,current_regime_2026_early_to_recent,landmark_prevalence_baseline,0.3065002928059823
separacion:4708,2026-0006085,GY-1401,GY,2026-07-07,14,2026-08-06,0,current_regime_2026_early_to_recent,landmark_prevalence_baseline,0.23994900729478982
separacion:4775,2026-0006528,NP-A1306,NP,2026-07-07,0,2026-08-06,0,current_regime_2026_early_to_recent,landmark_prevalence_baseline,0.14761577853034596
separacion:4777,2026-0006546,GY-1602,GY,2026-07-07,0,2026-08-06,0,current_regime_2026_early_to_recent,landmark_prevalence_baseline,0.14761577853034596
separacion:4288,2026-0003484,MT-A27,MT,2026-07-08,90,2026-08-07,0,current_regime_2026_early_to_recent,landmark_prevalence_baseline,0.0
separacion:4290,2026-0003499,MT-A45,MT,2026-07-08,90,2026-08-07,0,current_regime_2026_early_to_recent,landmark_prevalence_baseline,0.0
separacion:4363,2026-0003941,GY-33,GY,2026-07-08,75,2026-08-07,0,current_regime_2026_early_to_recent,landmark_prevalence_baseline,0.04663212435233161
separacion:4648,2026-0005877,FX-1201,FX,2026-07-08,21,2026-08-07,0,current_regime_2026_early_to_recent,landmark_prevalence_baseline,0.3065002928059823
separacion:4649,2026-0005898,FX-1303,FX,2026-07-08,21,2026-08-07,0,current_regime_2026_early_to_recent,landmark_prevalence_baseline,0.3065002928059823
separacion:4295,2026-0003502,SL-E7,SL,2026-07-09,90,2026-08-08,0,current_regime_2026_early_to_recent,landmark_prevalence_baseline,0.0
separacion:4365,2026-0003981,TZ-19,TZ,2026-07-09,75,2026-08-08,0,current_regime_2026_early_to_recent,landmark_prevalence_baseline,0.04663212435233161
separacion:4798,2026-0006629,TZ-27,TZ,2026-07-10,0,2026-08-09,0,current_regime_2026_early_to_recent,landmark_prevalence_baseline,0.14761577853034596
separacion:4451,2026-0004523,NP-A-E154,NP,2026-07-11,60,2026-08-10,0,current_regime_2026_early_to_recent,landmark_prevalence_baseline,0.17804722399489473
separacion:4591,2026-0005535,NP-A-E163,NP,2026-07-11,30,2026-08-10,0,current_regime_2026_early_to_recent,landmark_prevalence_baseline,0.23526197144613706
separacion:4596,2026-0005566,NP-A1303,NP,2026-07-11,30,2026-08-10,0,current_regime_2026_early_to_recent,landmark_prevalence_baseline,0.23526197144613706
separacion:4743,2026-0006183,MD-E49,MD,2026-07-11,14,2026-08-10,0,current_regime_2026_early_to_recent,landmark_prevalence_baseline,0.23994900729478982
separacion:4762,2026-0006421,TZ-28,TZ,2026-07-11,7,2026-08-10,0,current_regime_2026_early_to_recent,landmark_prevalence_baseline,0.13841455095036678
separacion:4803,2026-0006693,SL-1606,SL,2026-07-11,0,2026-08-10,0,current_regime_2026_early_to_recent,landmark_prevalence_baseline,0.14761577853034596
separacion:4370,2026-0004112,NP-A-E06,NP,2026-07-12,75,2026-08-11,0,current_regime_2026_early_to_recent,landmark_prevalence_baseline,0.04663212435233161
separacion:4599,2026-0005574,CP-E2,CP,2026-07-12,30,2026-08-11,0,current_regime_2026_early_to_recent,landmark_prevalence_baseline,0.23526197144613706
separacion:4745,2026-0006261,NP-A-E77,NP,2026-07-12,14,2026-08-11,0,current_regime_2026_early_to_recent,landmark_prevalence_baseline,0.23994900729478982
separacion:4804,2026-0006713,CP-B908,CP,2026-07-12,0,2026-08-11,0,current_regime_2026_early_to_recent,landmark_prevalence_baseline,0.14761577853034596
separacion:4805,2026-0006709,MT-A1205,MT,2026-07-12,0,2026-08-11,0,current_regime_2026_early_to_recent,landmark_prevalence_baseline,0.14761577853034596
separacion:4301,2026-0003630,NP-A-E08,NP,2026-07-13,90,2026-08-12,0,current_regime_2026_early_to_recent,landmark_prevalence_baseline,0.0
separacion:4457,2026-0004561,MT-B28,MT,2026-07-13,60,2026-08-12,0,current_regime_2026_early_to_recent,landmark_prevalence_baseline,0.17804722399489473
separacion:4601,2026-0005611,FX-E28,FX,2026-07-13,30,2026-08-12,0,current_regime_2026_early_to_recent,landmark_prevalence_baseline,0.23526197144613706
separacion:4679,2026-0006048,NP-A-E165,NP,2026-07-13,21,2026-08-12,0,current_regime_2026_early_to_recent,landmark_prevalence_baseline,0.3065002928059823
separacion:4684,2026-0006056,SL-E12,SL,2026-07-13,21,2026-08-12,0,current_regime_2026_early_to_recent,landmark_prevalence_baseline,0.3065002928059823
separacion:4809,2026-0006749,NP-A-E169,NP,2026-07-13,0,2026-08-12,1,current_regime_2026_early_to_recent,landmark_prevalence_baseline,0.14761577853034596
separacion:4810,2026-0006752,NP-A-E16,NP,2026-07-13,0,2026-08-12,0,current_regime_2026_early_to_recent,landmark_prevalence_baseline,0.14761577853034596
separacion:4811,2026-0006758,MT-A602,MT,2026-07-13,0,2026-08-12,1,current_regime_2026_early_to_recent,landmark_prevalence_baseline,0.14761577853034596
separacion:4463,2026-0004597,TZ-40,TZ,2026-07-14,60,2026-08-13,0,current_regime_2026_early_to_recent,landmark_prevalence_baseline,0.17804722399489473
separacion:4464,2026-0004616,TZ-43,TZ,2026-07-14,60,2026-08-13,0,current_regime_2026_early_to_recent,landmark_prevalence_baseline,0.17804722399489473
separacion:4606,2026-0005804,MD-E52,MD,2026-07-14,30,2026-08-13,1,current_regime_2026_early_to_recent,landmark_prevalence_baseline,0.23526197144613706
separacion:4775,2026-0006528,NP-A1306,NP,2026-07-14,7,2026-08-13,0,current_regime_2026_early_to_recent,landmark_prevalence_baseline,0.13841455095036678
separacion:4777,2026-0006546,GY-1602,GY,2026-07-14,7,2026-08-13,0,current_regime_2026_early_to_recent,landmark_prevalence_baseline,0.13841455095036678
separacion:4389,2026-0004188,SL-E1,SL,2026-07-15,75,2026-08-14,0,current_regime_2026_early_to_recent,landmark_prevalence_baseline,0.04663212435233161
separacion:4609,2026-0005817,NP-A-E106,NP,2026-07-15,30,2026-08-14,0,current_regime_2026_early_to_recent,landmark_prevalence_baseline,0.23526197144613706
separacion:4611,2026-0005815,MD-1401,MD,2026-07-15,30,2026-08-14,1,current_regime_2026_early_to_recent,landmark_prevalence_baseline,0.23526197144613706
separacion:4553,2026-0005356,NP-A-E161,NP,2026-07-16,75,2026-08-15,0,current_regime_2026_early_to_recent,landmark_prevalence_baseline,0.04663212435233161
separacion:4625,2026-0005859,FX-1301,FX,2026-07-16,30,2026-08-15,0,current_regime_2026_early_to_recent,landmark_prevalence_baseline,0.23526197144613706
separacion:4817,2026-0006802,CP-E78,CP,2026-07-16,0,2026-08-15,0,current_regime_2026_early_to_recent,landmark_prevalence_baseline,0.14761577853034596
separacion:4818,2026-0006805,MD-E29,MD,2026-07-16,0,2026-08-15,1,current_regime_2026_early_to_recent,landmark_prevalence_baseline,0.14761577853034596
separacion:4823,2026-0006814,GY-806,GY,2026-07-16,0,2026-08-15,0,current_regime_2026_early_to_recent,landmark_prevalence_baseline,0.14761577853034596
separacion:4824,2026-0006815,GY-42,GY,2026-07-16,0,2026-08-15,0,current_regime_2026_early_to_recent,landmark_prevalence_baseline,0.14761577853034596
separacion:4484,2026-0004638,CP-E18,CP,2026-07-17,60,2026-08-16,0,current_regime_2026_early_to_recent,landmark_prevalence_baseline,0.17804722399489473
separacion:4555,2026-0005288,MD-E66,MD,2026-07-17,45,2026-08-16,0,current_regime_2026_early_to_recent,landmark_prevalence_baseline,0.16492578339747116
separacion:4798,2026-0006629,TZ-27,TZ,2026-07-17,7,2026-08-16,0,current_regime_2026_early_to_recent,landmark_prevalence_baseline,0.13841455095036678
separacion:4400,2026-0004310,NP-A-E134,NP,2026-07-18,75,2026-08-17,0,current_regime_2026_early_to_recent,landmark_prevalence_baseline,0.04663212435233161
separacion:4743,2026-0006183,MD-E49,MD,2026-07-18,21,2026-08-17,0,current_regime_2026_early_to_recent,landmark_prevalence_baseline,0.3065002928059823
separacion:4762,2026-0006421,TZ-28,TZ,2026-07-18,14,2026-08-17,0,current_regime_2026_early_to_recent,landmark_prevalence_baseline,0.23994900729478982
separacion:4803,2026-0006693,SL-1606,SL,2026-07-18,7,2026-08-17,0,current_regime_2026_early_to_recent,landmark_prevalence_baseline,0.13841455095036678
separacion:4858,2026-0006846,FX-204,FX,2026-07-18,0,2026-08-17,0,current_regime_2026_early_to_recent,landmark_prevalence_baseline,0.14761577853034596
separacion:4859,2026-0006847,MD-1302,MD,2026-07-18,0,2026-08-17,0,current_regime_2026_early_to_recent,landmark_prevalence_baseline,0.14761577853034596
separacion:4860,2026-0006852,MT-A501,MT,2026-07-18,0,2026-08-17,0,current_regime_2026_early_to_recent,landmark_prevalence_baseline,0.14761577853034596
separacion:4403,2026-0004320,MD-E97,MD,2026-07-19,75,2026-08-18,0,current_regime_2026_early_to_recent,landmark_prevalence_baseline,0.04663212435233161
separacion:4745,2026-0006261,NP-A-E77,NP,2026-07-19,21,2026-08-18,0,current_regime_2026_early_to_recent,landmark_prevalence_baseline,0.3065002928059823
separacion:4805,2026-0006709,MT-A1205,MT,2026-07-19,7,2026-08-18,0,current_regime_2026_early_to_recent,landmark_prevalence_baseline,0.13841455095036678
separacion:4122,2026-0002991,GY-D7,GY,2026-05-01,45,2026-05-31,0,current_regime_2026_early_to_recent,logistic_regression,0.057139861505245394
separacion:4295,2026-0003502,SL-E7,SL,2026-05-01,21,2026-05-31,0,current_regime_2026_early_to_recent,logistic_regression,0.03306947636327675
separacion:4363,2026-0003941,GY-33,GY,2026-05-01,7,2026-05-31,0,current_regime_2026_early_to_recent,logistic_regression,0.04203324006907595
separacion:4389,2026-0004188,SL-E1,SL,2026-05-01,0,2026-05-31,0,current_regime_2026_early_to_recent,logistic_regression,0.021889495667790224
separacion:4131,2026-0003014,EEUU-E50,EEUU,2026-05-02,45,2026-06-01,0,current_regime_2026_early_to_recent,logistic_regression,0.05418482989982705
separacion:4365,2026-0003981,TZ-19,TZ,2026-05-02,7,2026-06-01,0,current_regime_2026_early_to_recent,logistic_regression,0.02127237140756341
separacion:4393,2026-0004251,CP-B507,CP,2026-05-02,0,2026-06-01,0,current_regime_2026_early_to_recent,logistic_regression,0.0437253345147083
separacion:4394,2026-0004235,FX-304,FX,2026-05-02,0,2026-06-01,0,current_regime_2026_early_to_recent,logistic_regression,0.07577400334767989
separacion:4395,2026-0004267,GY-605,GY,2026-05-02,0,2026-06-01,0,current_regime_2026_early_to_recent,logistic_regression,0.06425071920124191
separacion:4553,2026-0005356,NP-A-E161,NP,2026-05-02,0,2026-06-01,0,current_regime_2026_early_to_recent,logistic_regression,0.028876932493998256
separacion:4014,2026-0001698,EEUU-E48,EEUU,2026-05-03,75,2026-06-02,0,current_regime_2026_early_to_recent,logistic_regression,0.0806217505189079
separacion:4136,2026-0003041,MT-A04,MT,2026-05-03,45,2026-06-02,0,current_regime_2026_early_to_recent,logistic_regression,0.020176517647404576
separacion:4366,2026-0004062,NP-A2306,NP,2026-05-03,7,2026-06-02,0,current_regime_2026_early_to_recent,logistic_regression,0.05814676544814558
separacion:4140,2026-0003067,GY-14,GY,2026-05-04,45,2026-06-03,0,current_regime_2026_early_to_recent,logistic_regression,0.16268641273180337
separacion:4367,2026-0004067,TZ-50,TZ,2026-05-04,7,2026-06-03,0,current_regime_2026_early_to_recent,logistic_regression,0.03399812492859922
separacion:4400,2026-0004310,NP-A-E134,NP,2026-05-04,0,2026-06-03,0,current_regime_2026_early_to_recent,logistic_regression,0.0681976382903741
separacion:4401,2026-0004311,MD-1901,MD,2026-05-04,0,2026-06-03,0,current_regime_2026_early_to_recent,logistic_regression,0.07881063816319135
separacion:4026,2026-0001742,CP-E27,CP,2026-05-05,75,2026-06-04,0,current_regime_2026_early_to_recent,logistic_regression,0.11527712948547221
separacion:4301,2026-0003630,NP-A-E08,NP,2026-05-05,21,2026-06-04,0,current_regime_2026_early_to_recent,logistic_regression,0.05789606029053291
separacion:4336,2026-0003787,FX-603,FX,2026-05-05,14,2026-06-04,1,current_regime_2026_early_to_recent,logistic_regression,0.1787209815426909
separacion:4337,2026-0003807,CP-E60,CP,2026-05-05,14,2026-06-04,0,current_regime_2026_early_to_recent,logistic_regression,0.03662031622410426
separacion:4370,2026-0004112,NP-A-E06,NP,2026-05-05,7,2026-06-04,0,current_regime_2026_early_to_recent,logistic_regression,0.06577459629098442
separacion:4402,2026-0004319,MD-1803,MD,2026-05-05,0,2026-06-04,0,current_regime_2026_early_to_recent,logistic_regression,0.06668532563944629
separacion:4403,2026-0004320,MD-E97,MD,2026-05-05,0,2026-06-04,0,current_regime_2026_early_to_recent,logistic_regression,0.021315452656362303
separacion:4405,2026-0004331,NP-A1501,NP,2026-05-05,0,2026-06-04,0,current_regime_2026_early_to_recent,logistic_regression,0.11654668723170451
separacion:4407,2026-0004338,NP-A2210,NP,2026-05-05,0,2026-06-04,0,current_regime_2026_early_to_recent,logistic_regression,0.11654668723170451
separacion:4148,2026-0003118,GY-43,GY,2026-05-06,45,2026-06-05,0,current_regime_2026_early_to_recent,logistic_regression,0.11934432827701688
separacion:4150,2026-0003125,NP-A1304,NP,2026-05-06,45,2026-06-05,1,current_regime_2026_early_to_recent,logistic_regression,0.214687032231168
separacion:4210,2026-0003409,SL-E4,SL,2026-05-06,30,2026-06-05,0,current_regime_2026_early_to_recent,logistic_regression,0.05554161014188188
separacion:4213,2026-0003412,MT-A54,MT,2026-05-06,30,2026-06-05,0,current_regime_2026_early_to_recent,logistic_regression,0.03031813486059055
separacion:4216,2026-0003420,CP-E87,CP,2026-05-06,30,2026-06-05,0,current_regime_2026_early_to_recent,logistic_regression,0.0420127786059967
separacion:4343,2026-0003846,FX-E43,FX,2026-05-06,14,2026-06-05,0,current_regime_2026_early_to_recent,logistic_regression,0.053856653063408
separacion:4345,2026-0003857,GY-801,GY,2026-05-06,14,2026-06-05,0,current_regime_2026_early_to_recent,logistic_regression,0.13523990405184114
separacion:4408,2026-0004330,SL-1308,SL,2026-05-06,0,2026-06-05,0,current_regime_2026_early_to_recent,logistic_regression,0.06314112897210665
separacion:4409,2026-0004351,SL-E47,SL,2026-05-06,0,2026-06-05,0,current_regime_2026_early_to_recent,logistic_regression,0.031088477207894177
separacion:4413,2026-0004374,MT-B24,MT,2026-05-06,0,2026-06-05,0,current_regime_2026_early_to_recent,logistic_regression,0.01677284613395626
separacion:4153,2026-0003145,GY-27,GY,2026-05-07,45,2026-06-06,0,current_regime_2026_early_to_recent,logistic_regression,0.10167104721539477
separacion:4352,2026-0003901,EEUU-503,EEUU,2026-05-07,14,2026-06-06,0,current_regime_2026_early_to_recent,logistic_regression,0.08658098976037838
separacion:4384,2026-0004153,CP-B705,CP,2026-05-07,7,2026-06-06,0,current_regime_2026_early_to_recent,logistic_regression,0.07020979306190926
separacion:4385,2026-0004150,GY-201,GY,2026-05-07,7,2026-06-06,0,current_regime_2026_early_to_recent,logistic_regression,0.10184337940660308
separacion:4415,2026-0004385,EEUU-1404,EEUU,2026-05-07,0,2026-06-06,0,current_regime_2026_early_to_recent,logistic_regression,0.06667971403630717
separacion:4416,2026-0004370,TZ-106,TZ,2026-05-07,0,2026-06-06,0,current_regime_2026_early_to_recent,logistic_regression,0.05377074202529059
separacion:4417,2026-0004387,FX-405,FX,2026-05-07,0,2026-06-06,0,current_regime_2026_early_to_recent,logistic_regression,0.10518261464503395
separacion:4163,2026-0003190,MD-E18,MD,2026-05-08,45,2026-06-07,0,current_regime_2026_early_to_recent,logistic_regression,0.030519003324062474
separacion:4363,2026-0003941,GY-33,GY,2026-05-08,14,2026-06-07,0,current_regime_2026_early_to_recent,logistic_regression,0.04810879519752911
separacion:4389,2026-0004188,SL-E1,SL,2026-05-08,7,2026-06-07,0,current_regime_2026_early_to_recent,logistic_regression,0.025129818834486062
separacion:4040,2026-0001859,TZ-17,TZ,2026-05-09,75,2026-06-08,0,current_regime_2026_early_to_recent,logistic_regression,0.0534395323351055
separacion:4164,2026-0003197,NP-A-E19,NP,2026-05-09,45,2026-06-08,0,current_regime_2026_early_to_recent,logistic_regression,0.06871327695375276
separacion:4288,2026-0003484,MT-A27,MT,2026-05-09,30,2026-06-08,0,current_regime_2026_early_to_recent,logistic_regression,0.017886834767336497
separacion:4290,2026-0003499,MT-A45,MT,2026-05-09,30,2026-06-08,0,current_regime_2026_early_to_recent,logistic_regression,0.017886834767336497
separacion:4365,2026-0003981,TZ-19,TZ,2026-05-09,14,2026-06-08,0,current_regime_2026_early_to_recent,logistic_regression,0.024423622190342484
separacion:4393,2026-0004251,CP-B507,CP,2026-05-09,7,2026-06-08,0,current_regime_2026_early_to_recent,logistic_regression,0.050032693986375505
separacion:4394,2026-0004235,FX-304,FX,2026-05-09,7,2026-06-08,0,current_regime_2026_early_to_recent,logistic_regression,0.08628722242991964
separacion:4395,2026-0004267,GY-605,GY,2026-05-09,7,2026-06-08,0,current_regime_2026_early_to_recent,logistic_regression,0.0732919326161031
separacion:4422,2026-0004435,NP-A1810,NP,2026-05-09,0,2026-06-08,0,current_regime_2026_early_to_recent,logistic_regression,0.05878779588939146
separacion:4423,2026-0004300,MT-B1303,MT,2026-05-09,0,2026-06-08,0,current_regime_2026_early_to_recent,logistic_regression,0.006933004762131614
separacion:4553,2026-0005356,NP-A-E161,NP,2026-05-09,7,2026-06-08,0,current_regime_2026_early_to_recent,logistic_regression,0.03311659170647464
separacion:4166,2026-0003221,CP-E52,CP,2026-05-10,45,2026-06-09,0,current_regime_2026_early_to_recent,logistic_regression,0.02807247678656645
separacion:4295,2026-0003502,SL-E7,SL,2026-05-10,30,2026-06-09,0,current_regime_2026_early_to_recent,logistic_regression,0.027813162981882678
separacion:4366,2026-0004062,NP-A2306,NP,2026-05-10,14,2026-06-09,0,current_regime_2026_early_to_recent,logistic_regression,0.066389984612442
separacion:4424,2026-0004451,SL-903,SL,2026-05-10,0,2026-06-09,0,current_regime_2026_early_to_recent,logistic_regression,0.0317462452154409
separacion:4088,2026-0002498,NP-A1601,NP,2026-05-11,60,2026-06-10,0,current_regime_2026_early_to_recent,logistic_regression,0.34667366843096337
separacion:4089,2026-0002499,NP-A1603,NP,2026-05-11,60,2026-06-10,0,current_regime_2026_early_to_recent,logistic_regression,0.34667366843096337
separacion:4191,2026-0003242,NP-A2005,NP,2026-05-11,45,2026-06-10,0,current_regime_2026_early_to_recent,logistic_regression,0.2815833301667685
separacion:4367,2026-0004067,TZ-50,TZ,2026-05-11,14,2026-06-10,0,current_regime_2026_early_to_recent,logistic_regression,0.038959504305646146
separacion:4400,2026-0004310,NP-A-E134,NP,2026-05-11,7,2026-06-10,0,current_regime_2026_early_to_recent,logistic_regression,0.077748106739636
separacion:4401,2026-0004311,MD-1901,MD,2026-05-11,7,2026-06-10,0,current_regime_2026_early_to_recent,logistic_regression,0.08970428089786507
separacion:4427,2026-0004436,SL-808,SL,2026-05-11,0,2026-06-10,0,current_regime_2026_early_to_recent,logistic_regression,0.08385101994971125
separacion:4192,2026-0003243,CP-B1306,CP,2026-05-12,45,2026-06-11,0,current_regime_2026_early_to_recent,logistic_regression,0.0820124416709493
separacion:4193,2026-0003246,NP-A-E138,NP,2026-05-12,45,2026-06-11,0,current_regime_2026_early_to_recent,logistic_regression,0.13169375119166982
separacion:4337,2026-0003807,CP-E60,CP,2026-05-12,21,2026-06-11,0,current_regime_2026_early_to_recent,logistic_regression,0.0419477379128723
separacion:4370,2026-0004112,NP-A-E06,NP,2026-05-12,14,2026-06-11,0,current_regime_2026_early_to_recent,logistic_regression,0.07501305617878147
separacion:4402,2026-0004319,MD-1803,MD,2026-05-12,7,2026-06-11,0,current_regime_2026_early_to_recent,logistic_regression,0.07604129138469364
separacion:4403,2026-0004320,MD-E97,MD,2026-05-12,7,2026-06-11,0,current_regime_2026_early_to_recent,logistic_regression,0.024472925837395822
separacion:4407,2026-0004338,NP-A2210,NP,2026-05-12,7,2026-06-11,0,current_regime_2026_early_to_recent,logistic_regression,0.13190949940600522
separacion:4451,2026-0004523,NP-A-E154,NP,2026-05-12,0,2026-06-11,0,current_regime_2026_early_to_recent,logistic_regression,0.0576030715829792
separacion:4106,2026-0002781,FX-E16,FX,2026-05-13,60,2026-06-12,0,current_regime_2026_early_to_recent,logistic_regression,0.1259681669769721
separacion:4343,2026-0003846,FX-E43,FX,2026-05-13,21,2026-06-12,0,current_regime_2026_early_to_recent,logistic_regression,0.061531414482834716
separacion:4345,2026-0003857,GY-801,GY,2026-05-13,21,2026-06-12,0,current_regime_2026_early_to_recent,logistic_regression,0.15264105820329055
separacion:4408,2026-0004330,SL-1308,SL,2026-05-13,7,2026-06-12,0,current_regime_2026_early_to_recent,logistic_regression,0.07203822368943874
separacion:4409,2026-0004351,SL-E47,SL,2026-05-13,7,2026-06-12,0,current_regime_2026_early_to_recent,logistic_regression,0.03564091489119541
separacion:4413,2026-0004374,MT-B24,MT,2026-05-13,7,2026-06-12,0,current_regime_2026_early_to_recent,logistic_regression,0.019270669422759082
separacion:4452,2026-0004527,SL-207,SL,2026-05-13,0,2026-06-12,0,current_regime_2026_early_to_recent,logistic_regression,0.06476503629558826
separacion:4107,2026-0002813,GY-303,GY,2026-05-14,60,2026-06-13,0,current_regime_2026_early_to_recent,logistic_regression,0.24851255429312102
separacion:4109,2026-0002890,MT-A57,MT,2026-05-14,60,2026-06-13,1,current_regime_2026_early_to_recent,logistic_regression,0.03052465279832015
separacion:4202,2026-0003313,NP-A2203,NP,2026-05-14,45,2026-06-13,0,current_regime_2026_early_to_recent,logistic_regression,0.18587479267684826
separacion:4203,2026-0003315,NP-A2204,NP,2026-05-14,45,2026-06-13,0,current_regime_2026_early_to_recent,logistic_regression,0.18587479267684826
separacion:4301,2026-0003630,NP-A-E08,NP,2026-05-14,30,2026-06-13,0,current_regime_2026_early_to_recent,logistic_regression,0.04889315849788219
separacion:4352,2026-0003901,EEUU-503,EEUU,2026-05-14,21,2026-06-13,0,current_regime_2026_early_to_recent,logistic_regression,0.09843392444838941
separacion:4384,2026-0004153,CP-B705,CP,2026-05-14,14,2026-06-13,1,current_regime_2026_early_to_recent,logistic_regression,0.08001784774842235
separacion:4385,2026-0004150,GY-201,GY,2026-05-14,14,2026-06-13,0,current_regime_2026_early_to_recent,logistic_regression,0.11552148255508919
separacion:4415,2026-0004385,EEUU-1404,EEUU,2026-05-14,7,2026-06-13,0,current_regime_2026_early_to_recent,logistic_regression,0.07603495661263779
separacion:4455,2026-0004548,NP-A1901,NP,2026-05-14,0,2026-06-13,0,current_regime_2026_early_to_recent,logistic_regression,0.08425992245503133
separacion:4457,2026-0004561,MT-B28,MT,2026-05-14,0,2026-06-13,0,current_regime_2026_early_to_recent,logistic_regression,0.009285851039568955
separacion:4363,2026-0003941,GY-33,GY,2026-05-15,21,2026-06-14,0,current_regime_2026_early_to_recent,logistic_regression,0.055012091524198524
separacion:4389,2026-0004188,SL-E1,SL,2026-05-15,14,2026-06-14,0,current_regime_2026_early_to_recent,logistic_regression,0.028835669072514447
separacion:4463,2026-0004597,TZ-40,TZ,2026-05-15,0,2026-06-14,0,current_regime_2026_early_to_recent,logistic_regression,0.014646681853291524
separacion:4464,2026-0004616,TZ-43,TZ,2026-05-15,0,2026-06-14,0,current_regime_2026_early_to_recent,logistic_regression,0.014646681853291524
separacion:4122,2026-0002991,GY-D7,GY,2026-05-16,60,2026-06-15,0,current_regime_2026_early_to_recent,logistic_regression,0.06412621352739911
separacion:4365,2026-0003981,TZ-19,TZ,2026-05-16,21,2026-06-15,0,current_regime_2026_early_to_recent,logistic_regression,0.028028325006456446
separacion:4393,2026-0004251,CP-B507,CP,2026-05-16,14,2026-06-15,0,current_regime_2026_early_to_recent,logistic_regression,0.05719546936924418
separacion:4394,2026-0004235,FX-304,FX,2026-05-16,14,2026-06-15,0,current_regime_2026_early_to_recent,logistic_regression,0.09810425979223159
separacion:4422,2026-0004435,NP-A1810,NP,2026-05-16,7,2026-06-15,0,current_regime_2026_early_to_recent,logistic_regression,0.06711541547398783
separacion:4423,2026-0004300,MT-B1303,MT,2026-05-16,7,2026-06-15,0,current_regime_2026_early_to_recent,logistic_regression,0.00797736148126921
separacion:4466,2026-0004655,NP-A1506,NP,2026-05-16,0,2026-06-15,0,current_regime_2026_early_to_recent,logistic_regression,0.06030694833183499
separacion:4468,2026-0004668,EEUU-203,EEUU,2026-05-16,0,2026-06-15,1,current_regime_2026_early_to_recent,logistic_regression,0.04746531065061609
separacion:4471,2026-0004712,FX-402,FX,2026-05-16,0,2026-06-15,1,current_regime_2026_early_to_recent,logistic_regression,0.07577400334767989
separacion:4553,2026-0005356,NP-A-E161,NP,2026-05-16,14,2026-06-15,0,current_regime_2026_early_to_recent,logistic_regression,0.037954382490511994
separacion:4131,2026-0003014,EEUU-E50,EEUU,2026-05-17,60,2026-06-16,0,current_regime_2026_early_to_recent,logistic_regression,0.0608331887000487
separacion:4366,2026-0004062,NP-A2306,NP,2026-05-17,21,2026-06-16,0,current_regime_2026_early_to_recent,logistic_regression,0.07570787515281896
separacion:4424,2026-0004451,SL-903,SL,2026-05-17,7,2026-06-16,0,current_regime_2026_early_to_recent,logistic_regression,0.03639138538982595
separacion:4472,2026-0004699,SL-908,SL,2026-05-17,0,2026-06-16,0,current_regime_2026_early_to_recent,logistic_regression,0.0317462452154409
separacion:4473,2026-0004716,NP-A2707,NP,2026-05-17,0,2026-06-16,0,current_regime_2026_early_to_recent,logistic_regression,0.04957727927414009
separacion:4474,2026-0004773,SL-1006,SL,2026-05-17,0,2026-06-16,0,current_regime_2026_early_to_recent,logistic_regression,0.03259080566583835
separacion:4475,2026-0004774,SL-406,SL,2026-05-17,0,2026-06-16,0,current_regime_2026_early_to_recent,logistic_regression,0.03259080566583835
separacion:4477,2026-0004791,SL-1302,SL,2026-05-17,0,2026-06-16,0,current_regime_2026_early_to_recent,logistic_regression,0.03259080566583835
separacion:4478,2026-0004831,SL-1506,SL,2026-05-17,0,2026-06-16,0,current_regime_2026_early_to_recent,logistic_regression,0.03259080566583835
separacion:4479,2026-0004836,GY-1603,GY,2026-05-17,0,2026-06-16,0,current_regime_2026_early_to_recent,logistic_regression,0.054233622491882134
separacion:4480,2026-0004850,MD-1403,MD,2026-05-17,0,2026-06-16,0,current_regime_2026_early_to_recent,logistic_regression,0.028210175529549717
separacion:4481,2026-0004572,FX-901,FX,2026-05-17,0,2026-06-16,1,current_regime_2026_early_to_recent,logistic_regression,0.059371922870535825
separacion:4482,2026-0004857,NP-A1008,NP,2026-05-17,0,2026-06-16,1,current_regime_2026_early_to_recent,logistic_regression,0.05087128430781164
separacion:4483,2026-0004861,NP-A2608,NP,2026-05-17,0,2026-06-16,0,current_regime_2026_early_to_recent,logistic_regression,0.05087128430781164
separacion:4136,2026-0003041,MT-A04,MT,2026-05-18,60,2026-06-17,0,current_regime_2026_early_to_recent,logistic_regression,0.07592232339675101
separacion:4367,2026-0004067,TZ-50,TZ,2026-05-18,21,2026-06-17,0,current_regime_2026_early_to_recent,logistic_regression,0.0446114662745777
separacion:4400,2026-0004310,NP-A-E134,NP,2026-05-18,14,2026-06-17,0,current_regime_2026_early_to_recent,logistic_regression,0.08850899184779218
separacion:4427,2026-0004436,SL-808,SL,2026-05-18,7,2026-06-17,0,current_regime_2026_early_to_recent,logistic_regression,0.09536924295663346
separacion:4484,2026-0004638,CP-E18,CP,2026-05-18,0,2026-06-17,0,current_regime_2026_early_to_recent,logistic_regression,0.04706670175278363
separacion:4486,2026-0004887,MT-A701,MT,2026-05-18,0,2026-06-17,0,current_regime_2026_early_to_recent,logistic_regression,0.05014002355538489
separacion:4495,2026-0004886,NP-A904,NP,2026-05-18,0,2026-06-17,0,current_regime_2026_early_to_recent,logistic_regression,0.13641311231933212
separacion:4498,2026-0004746,NP-A2706,NP,2026-05-18,0,2026-06-17,0,current_regime_2026_early_to_recent,logistic_regression,0.13324867070050925
separacion:4140,2026-0003067,GY-14,GY,2026-05-19,60,2026-06-18,0,current_regime_2026_early_to_recent,logistic_regression,0.18011248671510782
separacion:4370,2026-0004112,NP-A-E06,NP,2026-05-19,21,2026-06-18,0,current_regime_2026_early_to_recent,logistic_regression,0.08543045708055473
separacion:4403,2026-0004320,MD-E97,MD,2026-05-19,14,2026-06-18,0,current_regime_2026_early_to_recent,logistic_regression,0.028084695937908574
separacion:4407,2026-0004338,NP-A2210,NP,2026-05-19,14,2026-06-18,0,current_regime_2026_early_to_recent,logistic_regression,0.14895594736200535
separacion:4451,2026-0004523,NP-A-E154,NP,2026-05-19,7,2026-06-18,0,current_regime_2026_early_to_recent,logistic_regression,0.06577459629098442
separacion:4502,2026-0004895,NP-A802,NP,2026-05-19,0,2026-06-18,0,current_regime_2026_early_to_recent,logistic_regression,0.11654668723170451
separacion:4409,2026-0004351,SL-E47,SL,2026-05-20,14,2026-06-19,0,current_regime_2026_early_to_recent,logistic_regression,0.04083189489820398
separacion:4413,2026-0004374,MT-B24,MT,2026-05-20,14,2026-06-19,0,current_regime_2026_early_to_recent,logistic_regression,0.022132097117866324
separacion:4452,2026-0004527,SL-207,SL,2026-05-20,7,2026-06-19,0,current_regime_2026_early_to_recent,logistic_regression,0.07387290968737323
separacion:4505,2026-0004947,MT-A1002,MT,2026-05-20,0,2026-06-19,0,current_regime_2026_early_to_recent,logistic_regression,0.035510355322516694
separacion:4148,2026-0003118,GY-43,GY,2026-05-21,60,2026-06-20,0,current_regime_2026_early_to_recent,logistic_regression,0.1328645165934085
separacion:4210,2026-0003409,SL-E4,SL,2026-05-21,45,2026-06-20,0,current_regime_2026_early_to_recent,logistic_regression,0.06234546938486267
separacion:4213,2026-0003412,MT-A54,MT,2026-05-21,45,2026-06-20,0,current_regime_2026_early_to_recent,logistic_regression,0.03414381752349178
separacion:4216,2026-0003420,CP-E87,CP,2026-05-21,45,2026-06-20,0,current_regime_2026_early_to_recent,logistic_regression,0.04724225122431928
separacion:4337,2026-0003807,CP-E60,CP,2026-05-21,30,2026-06-20,0,current_regime_2026_early_to_recent,logistic_regression,0.03533181100555294
separacion:4384,2026-0004153,CP-B705,CP,2026-05-21,21,2026-06-20,1,current_regime_2026_early_to_recent,logistic_regression,0.09106186243804788
separacion:4385,2026-0004150,GY-201,GY,2026-05-21,21,2026-06-20,0,current_regime_2026_early_to_recent,logistic_regression,0.13076915888895402
separacion:4415,2026-0004385,EEUU-1404,EEUU,2026-05-21,14,2026-06-20,0,current_regime_2026_early_to_recent,logistic_regression,0.08658098976037838
separacion:4455,2026-0004548,NP-A1901,NP,2026-05-21,7,2026-06-20,0,current_regime_2026_early_to_recent,logistic_regression,0.09582843925478356
separacion:4457,2026-0004561,MT-B28,MT,2026-05-21,7,2026-06-20,0,current_regime_2026_early_to_recent,logistic_regression,0.01068081801408425
separacion:4508,2026-0004899,FX-605,FX,2026-05-21,0,2026-06-20,0,current_regime_2026_early_to_recent,logistic_regression,0.10018430598220587
separacion:4153,2026-0003145,GY-27,GY,2026-05-22,60,2026-06-21,0,current_regime_2026_early_to_recent,logistic_regression,0.113446998479174
separacion:4343,2026-0003846,FX-E43,FX,2026-05-22,30,2026-06-21,0,current_regime_2026_early_to_recent,logistic_regression,0.051994409881000875
separacion:4345,2026-0003857,GY-801,GY,2026-05-22,30,2026-06-21,0,current_regime_2026_early_to_recent,logistic_regression,0.13095309434216432
separacion:4389,2026-0004188,SL-E1,SL,2026-05-22,21,2026-06-21,0,current_regime_2026_early_to_recent,logistic_regression,0.03306947636327675
separacion:4463,2026-0004597,TZ-40,TZ,2026-05-22,7,2026-06-21,0,current_regime_2026_early_to_recent,logistic_regression,0.01683329620360477
separacion:4464,2026-0004616,TZ-43,TZ,2026-05-22,7,2026-06-21,0,current_regime_2026_early_to_recent,logistic_regression,0.01683329620360477
separacion:4511,2026-0004992,CP-B1207,CP,2026-05-22,0,2026-06-21,0,current_regime_2026_early_to_recent,logistic_regression,0.05190804812750341
separacion:4163,2026-0003190,MD-E18,MD,2026-05-23,60,2026-06-22,0,current_regime_2026_early_to_recent,logistic_regression,0.03436913412517528
separacion:4352,2026-0003901,EEUU-503,EEUU,2026-05-23,30,2026-06-22,1,current_regime_2026_early_to_recent,logistic_regression,0.08368729720086945
separacion:4394,2026-0004235,FX-304,FX,2026-05-23,21,2026-06-22,0,current_regime_2026_early_to_recent,logistic_regression,0.11134243399552232
separacion:4468,2026-0004668,EEUU-203,EEUU,2026-05-23,7,2026-06-22,1,current_regime_2026_early_to_recent,logistic_regression,0.05428153661234333
separacion:4512,2026-0004858,SL-1008,SL,2026-05-23,0,2026-06-22,0,current_regime_2026_early_to_recent,logistic_regression,0.033142912009812626
separacion:4553,2026-0005356,NP-A-E161,NP,2026-05-23,21,2026-06-22,0,current_regime_2026_early_to_recent,logistic_regression,0.04346712382099926
separacion:4164,2026-0003197,NP-A-E19,NP,2026-05-24,60,2026-06-23,0,current_regime_2026_early_to_recent,logistic_regression,0.07699912135332916
separacion:4288,2026-0003484,MT-A27,MT,2026-05-24,45,2026-06-23,0,current_regime_2026_early_to_recent,logistic_regression,0.020176517647404576
separacion:4290,2026-0003499,MT-A45,MT,2026-05-24,45,2026-06-23,0,current_regime_2026_early_to_recent,logistic_regression,0.020176517647404576
separacion:4363,2026-0003941,GY-33,GY,2026-05-24,30,2026-06-23,0,current_regime_2026_early_to_recent,logistic_regression,0.04643554583329868
separacion:4424,2026-0004451,SL-903,SL,2026-05-24,14,2026-06-23,0,current_regime_2026_early_to_recent,logistic_regression,0.04168694398360295
separacion:4472,2026-0004699,SL-908,SL,2026-05-24,7,2026-06-23,0,current_regime_2026_early_to_recent,logistic_regression,0.03639138538982595
separacion:4474,2026-0004773,SL-1006,SL,2026-05-24,7,2026-06-23,0,current_regime_2026_early_to_recent,logistic_regression,0.03735475517697475
separacion:4475,2026-0004774,SL-406,SL,2026-05-24,7,2026-06-23,0,current_regime_2026_early_to_recent,logistic_regression,0.03735475517697475
separacion:4477,2026-0004791,SL-1302,SL,2026-05-24,7,2026-06-23,0,current_regime_2026_early_to_recent,logistic_regression,0.03735475517697475
separacion:4479,2026-0004836,GY-1603,GY,2026-05-24,7,2026-06-23,0,current_regime_2026_early_to_recent,logistic_regression,0.06195858553225415
separacion:4480,2026-0004850,MD-1403,MD,2026-05-24,7,2026-06-23,1,current_regime_2026_early_to_recent,logistic_regression,0.03235520418512024
separacion:4483,2026-0004861,NP-A2608,NP,2026-05-24,7,2026-06-23,0,current_regime_2026_early_to_recent,logistic_regression,0.05814676544814558
separacion:4166,2026-0003221,CP-E52,CP,2026-05-25,60,2026-06-24,0,current_regime_2026_early_to_recent,logistic_regression,0.10333335036839342
separacion:4295,2026-0003502,SL-E7,SL,2026-05-25,45,2026-06-24,0,current_regime_2026_early_to_recent,logistic_regression,0.10245211217963439
separacion:4365,2026-0003981,TZ-19,TZ,2026-05-25,30,2026-06-24,0,current_regime_2026_early_to_recent,logistic_regression,0.07844572600347444
separacion:4400,2026-0004310,NP-A-E134,NP,2026-05-25,21,2026-06-24,0,current_regime_2026_early_to_recent,logistic_regression,0.10059680130178275
separacion:4427,2026-0004436,SL-808,SL,2026-05-25,14,2026-06-24,0,current_regime_2026_early_to_recent,logistic_regression,0.10828266450556845
separacion:4484,2026-0004638,CP-E18,CP,2026-05-25,7,2026-06-24,0,current_regime_2026_early_to_recent,logistic_regression,0.05382892055092187
separacion:4486,2026-0004887,MT-A701,MT,2026-05-25,7,2026-06-24,0,current_regime_2026_early_to_recent,logistic_regression,0.057317237349703544
separacion:4495,2026-0004886,NP-A904,NP,2026-05-25,7,2026-06-24,0,current_regime_2026_early_to_recent,logistic_regression,0.15393834978355822
separacion:4498,2026-0004746,NP-A2706,NP,2026-05-25,7,2026-06-24,0,current_regime_2026_early_to_recent,logistic_regression,0.15043818683299942
separacion:4513,2026-0004955,MT-A1206,MT,2026-05-25,0,2026-06-24,0,current_regime_2026_early_to_recent,logistic_regression,0.045217103464254914
separacion:4191,2026-0003242,NP-A2005,NP,2026-05-26,60,2026-06-25,1,current_regime_2026_early_to_recent,logistic_regression,0.30707437072892385
separacion:4403,2026-0004320,MD-E97,MD,2026-05-26,21,2026-06-25,0,current_regime_2026_early_to_recent,logistic_regression,0.03221189853596884
separacion:4451,2026-0004523,NP-A-E154,NP,2026-05-26,14,2026-06-25,0,current_regime_2026_early_to_recent,logistic_regression,0.07501305617878147
separacion:4528,2026-0005078,SL-1206,SL,2026-05-26,0,2026-06-25,0,current_regime_2026_early_to_recent,logistic_regression,0.0765698305847966
separacion:4192,2026-0003243,CP-B1306,CP,2026-05-27,60,2026-06-26,0,current_regime_2026_early_to_recent,logistic_regression,0.09174399170030118
separacion:4193,2026-0003246,NP-A-E138,NP,2026-05-27,60,2026-06-26,0,current_regime_2026_early_to_recent,logistic_regression,0.14638042776129923
separacion:4367,2026-0004067,TZ-50,TZ,2026-05-27,30,2026-06-26,0,current_regime_2026_early_to_recent,logistic_regression,0.0375919051500294
separacion:4409,2026-0004351,SL-E47,SL,2026-05-27,21,2026-06-26,0,current_regime_2026_early_to_recent,logistic_regression,0.04674227824856575
separacion:4413,2026-0004374,MT-B24,MT,2026-05-27,21,2026-06-26,0,current_regime_2026_early_to_recent,logistic_regression,0.02540739994747348
separacion:4532,2026-0005086,NP-A2807,NP,2026-05-27,0,2026-06-26,0,current_regime_2026_early_to_recent,logistic_regression,0.09924101235416302
separacion:4106,2026-0002781,FX-E16,FX,2026-05-28,75,2026-06-27,0,current_regime_2026_early_to_recent,logistic_regression,0.1401193575730056
separacion:4370,2026-0004112,NP-A-E06,NP,2026-05-28,30,2026-06-27,0,current_regime_2026_early_to_recent,logistic_regression,0.07247530829756352
separacion:4455,2026-0004548,NP-A1901,NP,2026-05-28,14,2026-06-27,0,current_regime_2026_early_to_recent,logistic_regression,0.10879656021080694
separacion:4457,2026-0004561,MT-B28,MT,2026-05-28,14,2026-06-27,0,current_regime_2026_early_to_recent,logistic_regression,0.012282745818361803
separacion:4107,2026-0002813,GY-303,GY,2026-05-29,75,2026-06-28,1,current_regime_2026_early_to_recent,logistic_regression,0.27214386858811473
separacion:4202,2026-0003313,NP-A2203,NP,2026-05-29,60,2026-06-28,0,current_regime_2026_early_to_recent,logistic_regression,0.20517604304280537
separacion:4203,2026-0003315,NP-A2204,NP,2026-05-29,60,2026-06-28,0,current_regime_2026_early_to_recent,logistic_regression,0.20517604304280537
separacion:4301,2026-0003630,NP-A-E08,NP,2026-05-29,45,2026-06-28,0,current_regime_2026_early_to_recent,logistic_regression,0.054929948834722346
separacion:4463,2026-0004597,TZ-40,TZ,2026-05-29,14,2026-06-28,0,current_regime_2026_early_to_recent,logistic_regression,0.019339944683262885
separacion:4464,2026-0004616,TZ-43,TZ,2026-05-29,14,2026-06-28,0,current_regime_2026_early_to_recent,logistic_regression,0.019339944683262885
separacion:4542,2026-0005156,NP-A2601,NP,2026-05-29,0,2026-06-28,1,current_regime_2026_early_to_recent,logistic_regression,0.07136116430872717
separacion:4384,2026-0004153,CP-B705,CP,2026-05-30,30,2026-06-29,1,current_regime_2026_early_to_recent,logistic_regression,0.07732493809752508
separacion:4468,2026-0004668,EEUU-203,EEUU,2026-05-30,14,2026-06-29,1,current_regime_2026_early_to_recent,logistic_regression,0.06201287697835245
separacion:4544,2026-0005233,NP-A2104,NP,2026-05-30,0,2026-06-29,0,current_regime_2026_early_to_recent,logistic_regression,0.06030694833183499
separacion:4122,2026-0002991,GY-D7,GY,2026-05-31,75,2026-06-30,0,current_regime_2026_early_to_recent,logistic_regression,0.07190162901826497
separacion:4389,2026-0004188,SL-E1,SL,2026-05-31,30,2026-06-30,0,current_regime_2026_early_to_recent,logistic_regression,0.027813162981882678
separacion:4479,2026-0004836,GY-1603,GY,2026-05-31,14,2026-06-30,0,current_regime_2026_early_to_recent,logistic_regression,0.07070162533991775
separacion:4480,2026-0004850,MD-1403,MD,2026-05-31,14,2026-06-30,1,current_regime_2026_early_to_recent,logistic_regression,0.03708603496501894
separacion:4546,2026-0005276,NP-A-E158,NP,2026-05-31,0,2026-06-30,1,current_regime_2026_early_to_recent,logistic_regression,0.0242320190736167
separacion:4547,2026-0005274,NP-A2102,NP,2026-05-31,0,2026-06-30,0,current_regime_2026_early_to_recent,logistic_regression,0.05087128430781164
separacion:4131,2026-0003014,EEUU-E50,EEUU,2026-06-01,75,2026-07-01,0,current_regime_2026_early_to_recent,logistic_regression,0.15522058167569452
separacion:4484,2026-0004638,CP-E18,CP,2026-06-01,14,2026-07-01,0,current_regime_2026_early_to_recent,logistic_regression,0.04451536533824731
separacion:4553,2026-0005356,NP-A-E161,NP,2026-06-01,30,2026-07-01,0,current_regime_2026_early_to_recent,logistic_regression,0.08706638796500532
separacion:4136,2026-0003041,MT-A04,MT,2026-06-02,75,2026-07-02,0,current_regime_2026_early_to_recent,logistic_regression,0.06195235352036658
separacion:4451,2026-0004523,NP-A-E154,NP,2026-06-02,21,2026-07-02,0,current_regime_2026_early_to_recent,logistic_regression,0.06227543680084689
separacion:4528,2026-0005078,SL-1206,SL,2026-06-02,7,2026-07-02,0,current_regime_2026_early_to_recent,logistic_regression,0.06358603458173992
separacion:4551,2026-0005345,MD-1202,MD,2026-06-02,0,2026-07-02,0,current_regime_2026_early_to_recent,logistic_regression,0.04834242004769512
separacion:4554,2026-0005178,MT-B1202,MT,2026-06-02,0,2026-07-02,0,current_regime_2026_early_to_recent,logistic_regression,0.027350558314658963
separacion:4555,2026-0005288,MD-E66,MD,2026-06-02,0,2026-07-02,0,current_regime_2026_early_to_recent,logistic_regression,0.02180740941067502
separacion:4140,2026-0003067,GY-14,GY,2026-06-03,75,2026-07-03,0,current_regime_2026_early_to_recent,logistic_regression,0.1500848986269896
separacion:4400,2026-0004310,NP-A-E134,NP,2026-06-03,30,2026-07-03,0,current_regime_2026_early_to_recent,logistic_regression,0.062369944067252436
separacion:4403,2026-0004320,MD-E97,MD,2026-06-04,30,2026-07-04,0,current_regime_2026_early_to_recent,logistic_regression,0.01941052851052169
separacion:4455,2026-0004548,NP-A1901,NP,2026-06-04,21,2026-07-04,0,current_regime_2026_early_to_recent,logistic_regression,0.09088598083559883
separacion:4457,2026-0004561,MT-B28,MT,2026-06-04,21,2026-07-04,0,current_regime_2026_early_to_recent,logistic_regression,0.01008097937351855
separacion:4563,2026-0005384,CP-B808,CP,2026-06-04,0,2026-07-04,0,current_regime_2026_early_to_recent,logistic_regression,0.044532727687210574
separacion:4564,2026-0005299,NP-A2507,NP,2026-06-04,0,2026-07-04,0,current_regime_2026_early_to_recent,logistic_regression,0.05543684328801798
separacion:4577,2026-0005381,NP-A1710,NP,2026-06-04,0,2026-07-04,0,current_regime_2026_early_to_recent,logistic_regression,0.05985591015149558
separacion:4148,2026-0003118,GY-43,GY,2026-06-05,75,2026-07-05,0,current_regime_2026_early_to_recent,logistic_regression,0.10966035916777869
separacion:4210,2026-0003409,SL-E4,SL,2026-06-05,60,2026-07-05,0,current_regime_2026_early_to_recent,logistic_regression,0.05073652444303681
separacion:4213,2026-0003412,MT-A54,MT,2026-06-05,60,2026-07-05,0,current_regime_2026_early_to_recent,logistic_regression,0.02763137210164071
separacion:4216,2026-0003420,CP-E87,CP,2026-06-05,60,2026-07-05,0,current_regime_2026_early_to_recent,logistic_regression,0.03833061486644755
separacion:4337,2026-0003807,CP-E60,CP,2026-06-05,45,2026-07-05,0,current_regime_2026_early_to_recent,logistic_regression,0.02859948232356205
separacion:4409,2026-0004351,SL-E47,SL,2026-06-05,30,2026-07-05,0,current_regime_2026_early_to_recent,logistic_regression,0.028335442336346373
separacion:4413,2026-0004374,MT-B24,MT,2026-06-05,30,2026-07-05,0,current_regime_2026_early_to_recent,logistic_regression,0.015267553585044448
separacion:4463,2026-0004597,TZ-40,TZ,2026-06-05,21,2026-07-05,0,current_regime_2026_early_to_recent,logistic_regression,0.015893483031365854
separacion:4464,2026-0004616,TZ-43,TZ,2026-06-05,21,2026-07-05,0,current_regime_2026_early_to_recent,logistic_regression,0.015893483031365854
separacion:4153,2026-0003145,GY-27,GY,2026-06-06,75,2026-07-06,0,current_regime_2026_early_to_recent,logistic_regression,0.09326926275503097
separacion:4343,2026-0003846,FX-E43,FX,2026-06-06,45,2026-07-06,0,current_regime_2026_early_to_recent,logistic_regression,0.04222607035295344
separacion:4468,2026-0004668,EEUU-203,EEUU,2026-06-06,21,2026-07-06,1,current_regime_2026_early_to_recent,logistic_regression,0.051360185644849475
separacion:4544,2026-0005233,NP-A2104,NP,2026-06-06,7,2026-07-06,0,current_regime_2026_early_to_recent,logistic_regression,0.04993170494640418
separacion:4581,2026-0005412,FX-402,FX,2026-06-06,0,2026-07-06,0,current_regime_2026_early_to_recent,logistic_regression,0.05368366699210032
separacion:4163,2026-0003190,MD-E18,MD,2026-06-07,75,2026-07-07,0,current_regime_2026_early_to_recent,logistic_regression,0.0278149504109735
separacion:4352,2026-0003901,EEUU-503,EEUU,2026-06-07,45,2026-07-07,1,current_regime_2026_early_to_recent,logistic_regression,0.06839429457851975
separacion:4479,2026-0004836,GY-1603,GY,2026-06-07,21,2026-07-07,0,current_regime_2026_early_to_recent,logistic_regression,0.058649690282384356
separacion:4480,2026-0004850,MD-1403,MD,2026-06-07,21,2026-07-07,1,current_regime_2026_early_to_recent,logistic_regression,0.030575743974929428
separacion:4546,2026-0005276,NP-A-E158,NP,2026-06-07,7,2026-07-07,1,current_regime_2026_early_to_recent,logistic_regression,0.01993148736776378
separacion:4547,2026-0005274,NP-A2102,NP,2026-06-07,7,2026-07-07,0,current_regime_2026_early_to_recent,logistic_regression,0.04204672259031436
separacion:4550,2026-0005313,MT-A1202,MT,2026-06-07,7,2026-07-07,0,current_regime_2026_early_to_recent,logistic_regression,0.014312651819108091
separacion:4164,2026-0003197,NP-A-E19,NP,2026-06-08,75,2026-07-08,0,current_regime_2026_early_to_recent,logistic_regression,0.19135852147877494
separacion:4288,2026-0003484,MT-A27,MT,2026-06-08,60,2026-07-08,0,current_regime_2026_early_to_recent,logistic_regression,0.05518887052451644
separacion:4290,2026-0003499,MT-A45,MT,2026-06-08,60,2026-07-08,0,current_regime_2026_early_to_recent,logistic_regression,0.05518887052451644
separacion:4363,2026-0003941,GY-33,GY,2026-06-08,45,2026-07-08,0,current_regime_2026_early_to_recent,logistic_regression,0.12137081389585011
separacion:4484,2026-0004638,CP-E18,CP,2026-06-08,21,2026-07-08,0,current_regime_2026_early_to_recent,logistic_regression,0.050930616868431595
separacion:4582,2026-0005474,SL-1104,SL,2026-06-08,0,2026-07-08,0,current_regime_2026_early_to_recent,logistic_regression,0.0642829367792256
separacion:4166,2026-0003221,CP-E52,CP,2026-06-09,75,2026-07-09,0,current_regime_2026_early_to_recent,logistic_regression,0.08478240907536605
separacion:4295,2026-0003502,SL-E7,SL,2026-06-09,60,2026-07-09,0,current_regime_2026_early_to_recent,logistic_regression,0.08404454685464156
separacion:4365,2026-0003981,TZ-19,TZ,2026-06-09,45,2026-07-09,0,current_regime_2026_early_to_recent,logistic_regression,0.06404362087410023
separacion:4554,2026-0005178,MT-B1202,MT,2026-06-09,7,2026-07-09,0,current_regime_2026_early_to_recent,logistic_regression,0.031373357837367236
separacion:4555,2026-0005288,MD-E66,MD,2026-06-09,7,2026-07-09,0,current_regime_2026_early_to_recent,logistic_regression,0.0250358922965784
separacion:4191,2026-0003242,NP-A2005,NP,2026-06-10,75,2026-07-10,1,current_regime_2026_early_to_recent,logistic_regression,0.2626612042955018
separacion:4589,2026-0005520,NP-A2207,NP,2026-06-10,0,2026-07-10,0,current_regime_2026_early_to_recent,logistic_regression,0.0726400930852425
separacion:4192,2026-0003243,CP-B1306,CP,2026-06-11,75,2026-07-11,0,current_regime_2026_early_to_recent,logistic_regression,0.07509937547348164
separacion:4193,2026-0003246,NP-A-E138,NP,2026-06-11,75,2026-07-11,0,current_regime_2026_early_to_recent,logistic_regression,0.12114555932414302
separacion:4367,2026-0004067,TZ-50,TZ,2026-06-11,45,2026-07-11,0,current_regime_2026_early_to_recent,logistic_regression,0.0304425152734846
separacion:4451,2026-0004523,NP-A-E154,NP,2026-06-11,30,2026-07-11,0,current_regime_2026_early_to_recent,logistic_regression,0.0526295802734173
separacion:4563,2026-0005384,CP-B808,CP,2026-06-11,7,2026-07-11,0,current_regime_2026_early_to_recent,logistic_regression,0.050950347936450716
separacion:4564,2026-0005299,NP-A2507,NP,2026-06-11,7,2026-07-11,0,current_regime_2026_early_to_recent,logistic_regression,0.06332171673781488
separacion:4577,2026-0005381,NP-A1710,NP,2026-06-11,7,2026-07-11,0,current_regime_2026_early_to_recent,logistic_regression,0.0683238507013308
separacion:4591,2026-0005535,NP-A-E163,NP,2026-06-11,0,2026-07-11,0,current_regime_2026_early_to_recent,logistic_regression,0.029418582990720733
separacion:4592,2026-0005534,MD-1701,MD,2026-06-11,0,2026-07-11,0,current_regime_2026_early_to_recent,logistic_regression,0.03421835498448597
separacion:4596,2026-0005566,NP-A1303,NP,2026-06-11,0,2026-07-11,0,current_regime_2026_early_to_recent,logistic_regression,0.061400863437088074
separacion:4106,2026-0002781,FX-E16,FX,2026-06-12,90,2026-07-12,0,current_regime_2026_early_to_recent,logistic_regression,0.11581740433353745
separacion:4370,2026-0004112,NP-A-E06,NP,2026-06-12,45,2026-07-12,0,current_regime_2026_early_to_recent,logistic_regression,0.05909903708194375
separacion:4599,2026-0005574,CP-E2,CP,2026-06-12,0,2026-07-12,0,current_regime_2026_early_to_recent,logistic_regression,0.011726183042495616
separacion:4107,2026-0002813,GY-303,GY,2026-06-13,90,2026-07-13,1,current_regime_2026_early_to_recent,logistic_regression,0.23109788261463687
separacion:4202,2026-0003313,NP-A2203,NP,2026-06-13,75,2026-07-13,0,current_regime_2026_early_to_recent,logistic_regression,0.17184576325208106
separacion:4203,2026-0003315,NP-A2204,NP,2026-06-13,75,2026-07-13,0,current_regime_2026_early_to_recent,logistic_regression,0.17184576325208106
separacion:4301,2026-0003630,NP-A-E08,NP,2026-06-13,60,2026-07-13,0,current_regime_2026_early_to_recent,logistic_regression,0.044636068459981575
separacion:4455,2026-0004548,NP-A1901,NP,2026-06-13,30,2026-07-13,1,current_regime_2026_early_to_recent,logistic_regression,0.07717333598751361
separacion:4457,2026-0004561,MT-B28,MT,2026-06-13,30,2026-07-13,0,current_regime_2026_early_to_recent,logistic_regression,0.008446712490854406
separacion:4544,2026-0005233,NP-A2104,NP,2026-06-13,14,2026-07-13,0,current_regime_2026_early_to_recent,logistic_regression,0.0570808912746457
separacion:4600,2026-0005594,TZ-39,TZ,2026-06-13,0,2026-07-13,0,current_regime_2026_early_to_recent,logistic_regression,0.00874868515323747
separacion:4601,2026-0005611,FX-E28,FX,2026-06-13,0,2026-07-13,0,current_regime_2026_early_to_recent,logistic_regression,0.017457756243205617
separacion:4602,2026-0005677,MD-1204,MD,2026-06-13,0,2026-07-13,0,current_regime_2026_early_to_recent,logistic_regression,0.02411630380421956
separacion:4463,2026-0004597,TZ-40,TZ,2026-06-14,30,2026-07-14,0,current_regime_2026_early_to_recent,logistic_regression,0.013329616754606703
separacion:4464,2026-0004616,TZ-43,TZ,2026-06-14,30,2026-07-14,0,current_regime_2026_early_to_recent,logistic_regression,0.013329616754606703
separacion:4550,2026-0005313,MT-A1202,MT,2026-06-14,14,2026-07-14,1,current_regime_2026_early_to_recent,logistic_regression,0.016450231097117983
separacion:4603,2026-0005740,MD-405,MD,2026-06-14,0,2026-07-14,0,current_regime_2026_early_to_recent,logistic_regression,0.02022120224177036
separacion:4604,2026-0005781,SL-1001,SL,2026-06-14,0,2026-07-14,0,current_regime_2026_early_to_recent,logistic_regression,0.023391121704557108
separacion:4605,2026-0005789,NP-A2606,NP,2026-06-14,0,2026-07-14,0,current_regime_2026_early_to_recent,logistic_regression,0.036707211366255134
separacion:4606,2026-0005804,MD-E52,MD,2026-06-14,0,2026-07-14,0,current_regime_2026_early_to_recent,logistic_regression,0.00947198818375354
separacion:4122,2026-0002991,GY-D7,GY,2026-06-15,90,2026-07-15,0,current_regime_2026_early_to_recent,logistic_regression,0.18016802222854447
separacion:4389,2026-0004188,SL-E1,SL,2026-06-15,45,2026-07-15,0,current_regime_2026_early_to_recent,logistic_regression,0.07506220335302737
separacion:4582,2026-0005474,SL-1104,SL,2026-06-15,7,2026-07-15,0,current_regime_2026_early_to_recent,logistic_regression,0.07332832851134592
separacion:4609,2026-0005817,NP-A-E106,NP,2026-06-15,0,2026-07-15,0,current_regime_2026_early_to_recent,logistic_regression,0.033099910502737355
separacion:4611,2026-0005815,MD-1401,MD,2026-06-15,0,2026-07-15,0,current_regime_2026_early_to_recent,logistic_regression,0.05733736339241462
separacion:4131,2026-0003014,EEUU-E50,EEUU,2026-06-16,90,2026-07-16,0,current_regime_2026_early_to_recent,logistic_regression,0.17201124083124233
separacion:4479,2026-0004836,GY-1603,GY,2026-06-16,30,2026-07-16,0,current_regime_2026_early_to_recent,logistic_regression,0.15534541218923342
separacion:4480,2026-0004850,MD-1403,MD,2026-06-16,30,2026-07-16,1,current_regime_2026_early_to_recent,logistic_regression,0.08517389954720535
separacion:4553,2026-0005356,NP-A-E161,NP,2026-06-16,45,2026-07-16,0,current_regime_2026_early_to_recent,logistic_regression,0.09733405049686827
separacion:4555,2026-0005288,MD-E66,MD,2026-06-16,14,2026-07-16,0,current_regime_2026_early_to_recent,logistic_regression,0.02872829953140209
separacion:4625,2026-0005859,FX-1301,FX,2026-06-16,0,2026-07-16,0,current_regime_2026_early_to_recent,logistic_regression,0.10699784850436925
separacion:4136,2026-0003041,MT-A04,MT,2026-06-17,90,2026-07-17,0,current_regime_2026_early_to_recent,logistic_regression,0.06948375444861356
separacion:4484,2026-0004638,CP-E18,CP,2026-06-17,30,2026-07-17,0,current_regime_2026_early_to_recent,logistic_regression,0.04296145661428118
separacion:4648,2026-0005877,FX-1201,FX,2026-06-17,0,2026-07-17,0,current_regime_2026_early_to_recent,logistic_regression,0.08874557964857774
separacion:4649,2026-0005898,FX-1303,FX,2026-06-17,0,2026-07-17,0,current_regime_2026_early_to_recent,logistic_regression,0.09096406183829289
separacion:4650,2026-0005846,FX-505,FX,2026-06-17,0,2026-07-17,0,current_regime_2026_early_to_recent,logistic_regression,0.08657605005414629
separacion:4651,2026-0005821,CP-B1107,CP,2026-06-17,0,2026-07-17,0,current_regime_2026_early_to_recent,logistic_regression,0.05020683568304806
separacion:4652,2026-0005915,SL-303,SL,2026-06-17,0,2026-07-17,0,current_regime_2026_early_to_recent,logistic_regression,0.046923781744374976
separacion:4140,2026-0003067,GY-14,GY,2026-06-18,90,2026-07-18,0,current_regime_2026_early_to_recent,logistic_regression,0.16642946301566422
separacion:4400,2026-0004310,NP-A-E134,NP,2026-06-18,45,2026-07-18,0,current_regime_2026_early_to_recent,logistic_regression,0.0699483250088092
separacion:4563,2026-0005384,CP-B808,CP,2026-06-18,14,2026-07-18,0,current_regime_2026_early_to_recent,logistic_regression,0.05823644275309757
separacion:4591,2026-0005535,NP-A-E163,NP,2026-06-18,7,2026-07-18,0,current_regime_2026_early_to_recent,logistic_regression,0.03373500383281041
separacion:4592,2026-0005534,MD-1701,MD,2026-06-18,7,2026-07-18,0,current_regime_2026_early_to_recent,logistic_regression,0.03921056823194227
separacion:4596,2026-0005566,NP-A1303,NP,2026-06-18,7,2026-07-18,0,current_regime_2026_early_to_recent,logistic_regression,0.07007108139942461
separacion:4655,2026-0005954,EEUU-E1,EEUU,2026-06-18,0,2026-07-18,0,current_regime_2026_early_to_recent,logistic_regression,0.022993310560738323
separacion:4403,2026-0004320,MD-E97,MD,2026-06-19,45,2026-07-19,0,current_regime_2026_early_to_recent,logistic_regression,0.021890910980977278
separacion:4599,2026-0005574,CP-E2,CP,2026-06-19,7,2026-07-19,0,current_regime_2026_early_to_recent,logistic_regression,0.013482759800147194
separacion:4664,2026-0005875,NP-A2609,NP,2026-06-19,0,2026-07-19,0,current_regime_2026_early_to_recent,logistic_regression,0.047948591252428334
separacion:4148,2026-0003118,GY-43,GY,2026-06-20,90,2026-07-20,0,current_regime_2026_early_to_recent,logistic_regression,0.12223575170027524
separacion:4210,2026-0003409,SL-E4,SL,2026-06-20,75,2026-07-20,0,current_regime_2026_early_to_recent,logistic_regression,0.05698727638712774
separacion:4213,2026-0003412,MT-A54,MT,2026-06-20,75,2026-07-20,0,current_regime_2026_early_to_recent,logistic_regression,0.031128910143147108
separacion:4216,2026-0003420,CP-E87,CP,2026-06-20,75,2026-07-20,0,current_regime_2026_early_to_recent,logistic_regression,0.043122387226245555
separacion:4337,2026-0003807,CP-E60,CP,2026-06-20,60,2026-07-20,0,current_regime_2026_early_to_recent,logistic_regression,0.03221550238697978
separacion:4409,2026-0004351,SL-E47,SL,2026-06-20,45,2026-07-20,0,current_regime_2026_early_to_recent,logistic_regression,0.0319191750653696
separacion:4413,2026-0004374,MT-B24,MT,2026-06-20,45,2026-07-20,0,current_regime_2026_early_to_recent,logistic_regression,0.017227825433026273
separacion:4544,2026-0005233,NP-A2104,NP,2026-06-20,21,2026-07-20,0,current_regime_2026_early_to_recent,logistic_regression,0.06518346358475183
separacion:4600,2026-0005594,TZ-39,TZ,2026-06-20,7,2026-07-20,0,current_regime_2026_early_to_recent,logistic_regression,0.010063776098028708
separacion:4601,2026-0005611,FX-E28,FX,2026-06-20,7,2026-07-20,0,current_regime_2026_early_to_recent,logistic_regression,0.020055496294701047
separacion:4673,2026-0005998,GY-506,GY,2026-06-20,0,2026-07-20,0,current_regime_2026_early_to_recent,logistic_regression,0.046544095850532555
separacion:4153,2026-0003145,GY-27,GY,2026-06-21,90,2026-07-21,0,current_regime_2026_early_to_recent,logistic_regression,0.104184945352599
separacion:4343,2026-0003846,FX-E43,FX,2026-06-21,60,2026-07-21,0,current_regime_2026_early_to_recent,logistic_regression,0.04748077625944688
separacion:4550,2026-0005313,MT-A1202,MT,2026-06-21,21,2026-07-21,1,current_regime_2026_early_to_recent,logistic_regression,0.018900933910399806
separacion:4603,2026-0005740,MD-405,MD,2026-06-21,7,2026-07-21,0,current_regime_2026_early_to_recent,logistic_regression,0.023220429153091054
separacion:4604,2026-0005781,SL-1001,SL,2026-06-21,7,2026-07-21,0,current_regime_2026_early_to_recent,logistic_regression,0.026847630581737437
separacion:4605,2026-0005789,NP-A2606,NP,2026-06-21,7,2026-07-21,0,current_regime_2026_early_to_recent,logistic_regression,0.04204672259031436
separacion:4606,2026-0005804,MD-E52,MD,2026-06-21,7,2026-07-21,1,current_regime_2026_early_to_recent,logistic_regression,0.010894610115421585
separacion:4163,2026-0003190,MD-E18,MD,2026-06-22,90,2026-07-22,0,current_regime_2026_early_to_recent,logistic_regression,0.10245819080121199
separacion:4582,2026-0005474,SL-1104,SL,2026-06-22,14,2026-07-22,0,current_regime_2026_early_to_recent,logistic_regression,0.08353289246194837
separacion:4609,2026-0005817,NP-A-E106,NP,2026-06-22,7,2026-07-22,0,current_regime_2026_early_to_recent,logistic_regression,0.037935360045592885
separacion:4611,2026-0005815,MD-1401,MD,2026-06-22,7,2026-07-22,0,current_regime_2026_early_to_recent,logistic_regression,0.06547381371629823
separacion:4678,2026-0006039,MT-A601,MT,2026-06-22,0,2026-07-22,0,current_regime_2026_early_to_recent,logistic_regression,0.03617179579461128
separacion:4679,2026-0006048,NP-A-E165,NP,2026-06-22,0,2026-07-22,0,current_regime_2026_early_to_recent,logistic_regression,0.049460791120967
separacion:4684,2026-0006056,SL-E12,SL,2026-06-22,0,2026-07-22,0,current_regime_2026_early_to_recent,logistic_regression,0.03167025727518678
separacion:4687,2026-0006060,MT-A1006,MT,2026-06-22,0,2026-07-22,0,current_regime_2026_early_to_recent,logistic_regression,0.03617179579461128
separacion:4164,2026-0003197,NP-A-E19,NP,2026-06-23,90,2026-07-23,0,current_regime_2026_early_to_recent,logistic_regression,0.2110815639608034
separacion:4288,2026-0003484,MT-A27,MT,2026-06-23,75,2026-07-23,0,current_regime_2026_early_to_recent,logistic_regression,0.06195235352036658
separacion:4290,2026-0003499,MT-A45,MT,2026-06-23,75,2026-07-23,0,current_regime_2026_early_to_recent,logistic_regression,0.06195235352036658
separacion:4363,2026-0003941,GY-33,GY,2026-06-23,60,2026-07-23,0,current_regime_2026_early_to_recent,logistic_regression,0.13508536223933074
separacion:4555,2026-0005288,MD-E66,MD,2026-06-23,21,2026-07-23,0,current_regime_2026_early_to_recent,logistic_regression,0.03294687706651577
separacion:4625,2026-0005859,FX-1301,FX,2026-06-23,7,2026-07-23,0,current_regime_2026_early_to_recent,logistic_regression,0.1212747490787248
separacion:4708,2026-0006085,GY-1401,GY,2026-06-23,0,2026-07-23,0,current_regime_2026_early_to_recent,logistic_regression,0.09119474402578184
separacion:4166,2026-0003221,CP-E52,CP,2026-06-24,90,2026-07-24,0,current_regime_2026_early_to_recent,logistic_regression,0.09480869589606022
separacion:4295,2026-0003502,SL-E7,SL,2026-06-24,75,2026-07-24,0,current_regime_2026_early_to_recent,logistic_regression,0.09399253625061182
separacion:4365,2026-0003981,TZ-19,TZ,2026-06-24,60,2026-07-24,0,current_regime_2026_early_to_recent,logistic_regression,0.07180979027631489
separacion:4648,2026-0005877,FX-1201,FX,2026-06-24,7,2026-07-24,0,current_regime_2026_early_to_recent,logistic_regression,0.10086212483319698
separacion:4649,2026-0005898,FX-1303,FX,2026-06-24,7,2026-07-24,0,current_regime_2026_early_to_recent,logistic_regression,0.10334914691941176
separacion:4650,2026-0005846,FX-505,FX,2026-06-24,7,2026-07-24,0,current_regime_2026_early_to_recent,logistic_regression,0.09842838136754037
separacion:4651,2026-0005821,CP-B1107,CP,2026-06-24,7,2026-07-24,0,current_regime_2026_early_to_recent,logistic_regression,0.05739303532812167
separacion:4652,2026-0005915,SL-303,SL,2026-06-24,7,2026-07-24,0,current_regime_2026_early_to_recent,logistic_regression,0.05366662318808442
separacion:4591,2026-0005535,NP-A-E163,NP,2026-06-25,14,2026-07-25,0,current_regime_2026_early_to_recent,logistic_regression,0.038659522366593965
separacion:4592,2026-0005534,MD-1701,MD,2026-06-25,14,2026-07-25,0,current_regime_2026_early_to_recent,logistic_regression,0.04489725116851881
separacion:4596,2026-0005566,NP-A1303,NP,2026-06-25,14,2026-07-25,0,current_regime_2026_early_to_recent,logistic_regression,0.07986142293871167
separacion:4192,2026-0003243,CP-B1306,CP,2026-06-26,90,2026-07-26,0,current_regime_2026_early_to_recent,logistic_regression,0.08408576280368965
separacion:4193,2026-0003246,NP-A-E138,NP,2026-06-26,90,2026-07-26,0,current_regime_2026_early_to_recent,logistic_regression,0.13483856071115158
separacion:4367,2026-0004067,TZ-50,TZ,2026-06-26,60,2026-07-26,0,current_regime_2026_early_to_recent,logistic_regression,0.03428333793602283
separacion:4451,2026-0004523,NP-A-E154,NP,2026-06-26,45,2026-07-26,0,current_regime_2026_early_to_recent,logistic_regression,0.05909903708194375
separacion:4599,2026-0005574,CP-E2,CP,2026-06-26,14,2026-07-26,0,current_regime_2026_early_to_recent,logistic_regression,0.01549834440211274
separacion:4370,2026-0004112,NP-A-E06,NP,2026-06-27,60,2026-07-27,0,current_regime_2026_early_to_recent,logistic_regression,0.06630808646729447
separacion:4600,2026-0005594,TZ-39,TZ,2026-06-27,14,2026-07-27,0,current_regime_2026_early_to_recent,logistic_regression,0.011574241577008103
separacion:4601,2026-0005611,FX-E28,FX,2026-06-27,14,2026-07-27,0,current_regime_2026_early_to_recent,logistic_regression,0.023030723274289393
separacion:4742,2026-0006180,MT-A702,MT,2026-06-27,0,2026-07-27,0,current_regime_2026_early_to_recent,logistic_regression,0.015018609457253817
separacion:4743,2026-0006183,MD-E49,MD,2026-06-27,0,2026-07-27,0,current_regime_2026_early_to_recent,logistic_regression,0.007476581863051503
separacion:4202,2026-0003313,NP-A2203,NP,2026-06-28,90,2026-07-28,0,current_regime_2026_early_to_recent,logistic_regression,0.1900302737306399
separacion:4203,2026-0003315,NP-A2204,NP,2026-06-28,90,2026-07-28,0,current_regime_2026_early_to_recent,logistic_regression,0.1900302737306399
separacion:4301,2026-0003630,NP-A-E08,NP,2026-06-28,75,2026-07-28,0,current_regime_2026_early_to_recent,logistic_regression,0.0501749687086647
separacion:4455,2026-0004548,NP-A1901,NP,2026-06-28,45,2026-07-28,1,current_regime_2026_early_to_recent,logistic_regression,0.08638471451480521
separacion:4457,2026-0004561,MT-B28,MT,2026-06-28,45,2026-07-28,0,current_regime_2026_early_to_recent,logistic_regression,0.00953970901018809
separacion:4604,2026-0005781,SL-1001,SL,2026-06-28,14,2026-07-28,0,current_regime_2026_early_to_recent,logistic_regression,0.030798800348020076
separacion:4606,2026-0005804,MD-E52,MD,2026-06-28,14,2026-07-28,1,current_regime_2026_early_to_recent,logistic_regression,0.012528196781210246
separacion:4745,2026-0006261,NP-A-E77,NP,2026-06-28,0,2026-07-28,0,current_regime_2026_early_to_recent,logistic_regression,0.017349525511900995
separacion:4746,2026-0006279,NP-A2607,NP,2026-06-28,0,2026-07-28,0,current_regime_2026_early_to_recent,logistic_regression,0.036707211366255134
separacion:4463,2026-0004597,TZ-40,TZ,2026-06-29,45,2026-07-29,0,current_regime_2026_early_to_recent,logistic_regression,0.051145545452461194
separacion:4464,2026-0004616,TZ-43,TZ,2026-06-29,45,2026-07-29,0,current_regime_2026_early_to_recent,logistic_regression,0.051145545452461194
separacion:4544,2026-0005233,NP-A2104,NP,2026-06-29,30,2026-07-29,0,current_regime_2026_early_to_recent,logistic_regression,0.17069805231258278
separacion:4609,2026-0005817,NP-A-E106,NP,2026-06-29,14,2026-07-29,0,current_regime_2026_early_to_recent,logistic_regression,0.04344546320552567
separacion:4611,2026-0005815,MD-1401,MD,2026-06-29,14,2026-07-29,0,current_regime_2026_early_to_recent,logistic_regression,0.07467340360401352
separacion:4679,2026-0006048,NP-A-E165,NP,2026-06-29,7,2026-07-29,0,current_regime_2026_early_to_recent,logistic_regression,0.05654656537563443
separacion:4684,2026-0006056,SL-E12,SL,2026-06-29,7,2026-07-29,0,current_regime_2026_early_to_recent,logistic_regression,0.036304695716497186
separacion:4389,2026-0004188,SL-E1,SL,2026-06-30,60,2026-07-30,0,current_regime_2026_early_to_recent,logistic_regression,0.08404454685464156
separacion:4550,2026-0005313,MT-A1202,MT,2026-06-30,30,2026-07-30,1,current_regime_2026_early_to_recent,logistic_regression,0.053808897564239976
separacion:4625,2026-0005859,FX-1301,FX,2026-06-30,14,2026-07-30,0,current_regime_2026_early_to_recent,logistic_regression,0.13716403598733168
separacion:4708,2026-0006085,GY-1401,GY,2026-06-30,7,2026-07-30,0,current_regime_2026_early_to_recent,logistic_regression,0.10360765755784561
separacion:4752,2026-0006331,NP-A2107,NP,2026-06-30,0,2026-07-30,0,current_regime_2026_early_to_recent,logistic_regression,0.08574867586526745
separacion:4553,2026-0005356,NP-A-E161,NP,2026-07-01,60,2026-07-31,0,current_regime_2026_early_to_recent,logistic_regression,0.07976432634167252
separacion:4648,2026-0005877,FX-1201,FX,2026-07-01,14,2026-07-31,0,current_regime_2026_early_to_recent,logistic_regression,0.08413443532606978
separacion:4649,2026-0005898,FX-1303,FX,2026-07-01,14,2026-07-31,0,current_regime_2026_early_to_recent,logistic_regression,0.08624855721591504
separacion:4484,2026-0004638,CP-E18,CP,2026-07-02,45,2026-08-01,0,current_regime_2026_early_to_recent,logistic_regression,0.034827817941113635
separacion:4555,2026-0005288,MD-E66,MD,2026-07-02,30,2026-08-01,0,current_regime_2026_early_to_recent,logistic_regression,0.019859412104895453
separacion:4591,2026-0005535,NP-A-E163,NP,2026-07-02,21,2026-08-01,0,current_regime_2026_early_to_recent,logistic_regression,0.03188215818270134
separacion:4596,2026-0005566,NP-A1303,NP,2026-07-02,21,2026-08-01,0,current_regime_2026_early_to_recent,logistic_regression,0.06635958779866219
separacion:4400,2026-0004310,NP-A-E134,NP,2026-07-03,60,2026-08-02,0,current_regime_2026_early_to_recent,logistic_regression,0.05700977551774929
separacion:4599,2026-0005574,CP-E2,CP,2026-07-03,21,2026-08-02,0,current_regime_2026_early_to_recent,logistic_regression,0.012727587496560227
separacion:4761,2026-0006417,FX-201,FX,2026-07-03,0,2026-08-02,1,current_regime_2026_early_to_recent,logistic_regression,0.047275291808280266
separacion:4403,2026-0004320,MD-E97,MD,2026-07-04,60,2026-08-03,0,current_regime_2026_early_to_recent,logistic_regression,0.017672769918912874
separacion:4601,2026-0005611,FX-E28,FX,2026-07-04,21,2026-08-03,0,current_regime_2026_early_to_recent,logistic_regression,0.01893925118722196
separacion:4743,2026-0006183,MD-E49,MD,2026-07-04,7,2026-08-03,0,current_regime_2026_early_to_recent,logistic_regression,0.006131005497660197
separacion:4762,2026-0006421,TZ-28,TZ,2026-07-04,0,2026-08-03,0,current_regime_2026_early_to_recent,logistic_regression,0.006235738291062063
separacion:4210,2026-0003409,SL-E4,SL,2026-07-05,90,2026-08-04,0,current_regime_2026_early_to_recent,logistic_regression,0.04632675163474519
separacion:4213,2026-0003412,MT-A54,MT,2026-07-05,90,2026-08-04,0,current_regime_2026_early_to_recent,logistic_regression,0.025176525658513096
separacion:4216,2026-0003420,CP-E87,CP,2026-07-05,90,2026-08-04,0,current_regime_2026_early_to_recent,logistic_regression,0.0349593934700127
separacion:4337,2026-0003807,CP-E60,CP,2026-07-05,75,2026-08-04,0,current_regime_2026_early_to_recent,logistic_regression,0.026060931512915015
separacion:4409,2026-0004351,SL-E47,SL,2026-07-05,60,2026-08-04,0,current_regime_2026_early_to_recent,logistic_regression,0.02581970533000239
separacion:4413,2026-0004374,MT-B24,MT,2026-07-05,60,2026-08-04,0,current_regime_2026_early_to_recent,logistic_regression,0.013895445515168586
separacion:4604,2026-0005781,SL-1001,SL,2026-07-05,21,2026-08-04,0,current_regime_2026_early_to_recent,logistic_regression,0.02536313451138229
separacion:4606,2026-0005804,MD-E52,MD,2026-07-05,21,2026-08-04,1,current_regime_2026_early_to_recent,logistic_regression,0.010282889628264581
separacion:4745,2026-0006261,NP-A-E77,NP,2026-07-05,7,2026-08-04,0,current_regime_2026_early_to_recent,logistic_regression,0.0142526100320235
separacion:4343,2026-0003846,FX-E43,FX,2026-07-06,75,2026-08-05,0,current_regime_2026_early_to_recent,logistic_regression,0.12388364783756736
separacion:4609,2026-0005817,NP-A-E106,NP,2026-07-06,21,2026-08-05,0,current_regime_2026_early_to_recent,logistic_regression,0.03586037774895131
separacion:4611,2026-0005815,MD-1401,MD,2026-07-06,21,2026-08-05,0,current_regime_2026_early_to_recent,logistic_regression,0.06198959387741073
separacion:4679,2026-0006048,NP-A-E165,NP,2026-07-06,14,2026-08-05,0,current_regime_2026_early_to_recent,logistic_regression,0.04678605032115201
separacion:4684,2026-0006056,SL-E12,SL,2026-07-06,14,2026-08-05,0,current_regime_2026_early_to_recent,logistic_regression,0.02992730246402462
separacion:4773,2026-0006518,MD-2106,MD,2026-07-06,0,2026-08-05,0,current_regime_2026_early_to_recent,logistic_regression,0.04145156954760985
separacion:4625,2026-0005859,FX-1301,FX,2026-07-07,21,2026-08-06,0,current_regime_2026_early_to_recent,logistic_regression,0.11518706506319677
separacion:4708,2026-0006085,GY-1401,GY,2026-07-07,14,2026-08-06,0,current_regime_2026_early_to_recent,logistic_regression,0.08646841851558265
separacion:4775,2026-0006528,NP-A1306,NP,2026-07-07,0,2026-08-06,0,current_regime_2026_early_to_recent,logistic_regression,0.06251330116450518
separacion:4777,2026-0006546,GY-1602,GY,2026-07-07,0,2026-08-06,0,current_regime_2026_early_to_recent,logistic_regression,0.0665911317249856
separacion:4288,2026-0003484,MT-A27,MT,2026-07-08,90,2026-08-07,0,current_regime_2026_early_to_recent,logistic_regression,0.05041267258184011
separacion:4290,2026-0003499,MT-A45,MT,2026-07-08,90,2026-08-07,0,current_regime_2026_early_to_recent,logistic_regression,0.05041267258184011
separacion:4363,2026-0003941,GY-33,GY,2026-07-08,75,2026-08-07,0,current_regime_2026_early_to_recent,logistic_regression,0.1115432367205421
separacion:4648,2026-0005877,FX-1201,FX,2026-07-08,21,2026-08-07,0,current_regime_2026_early_to_recent,logistic_regression,0.095687523570093
separacion:4649,2026-0005898,FX-1303,FX,2026-07-08,21,2026-08-07,0,current_regime_2026_early_to_recent,logistic_regression,0.09806086766427238
separacion:4295,2026-0003502,SL-E7,SL,2026-07-09,90,2026-08-08,0,current_regime_2026_early_to_recent,logistic_regression,0.07697455170511656
separacion:4365,2026-0003981,TZ-19,TZ,2026-07-09,75,2026-08-08,0,current_regime_2026_early_to_recent,logistic_regression,0.058548595698489664
separacion:4798,2026-0006629,TZ-27,TZ,2026-07-10,0,2026-08-09,0,current_regime_2026_early_to_recent,logistic_regression,0.007457399507727504
separacion:4451,2026-0004523,NP-A-E154,NP,2026-07-11,60,2026-08-10,0,current_regime_2026_early_to_recent,logistic_regression,0.04806360306103759
separacion:4591,2026-0005535,NP-A-E163,NP,2026-07-11,30,2026-08-10,0,current_regime_2026_early_to_recent,logistic_regression,0.026809333627016325
separacion:4596,2026-0005566,NP-A1303,NP,2026-07-11,30,2026-08-10,0,current_regime_2026_early_to_recent,logistic_regression,0.05611899443481194
separacion:4743,2026-0006183,MD-E49,MD,2026-07-11,14,2026-08-10,0,current_regime_2026_early_to_recent,logistic_regression,0.007055410959147146
separacion:4762,2026-0006421,TZ-28,TZ,2026-07-11,7,2026-08-10,0,current_regime_2026_early_to_recent,logistic_regression,0.007175820879150284
separacion:4803,2026-0006693,SL-1606,SL,2026-07-11,0,2026-08-10,0,current_regime_2026_early_to_recent,logistic_regression,0.019982212873367145
separacion:4370,2026-0004112,NP-A-E06,NP,2026-07-12,75,2026-08-11,0,current_regime_2026_early_to_recent,logistic_regression,0.05400378465209197
separacion:4599,2026-0005574,CP-E2,CP,2026-07-12,30,2026-08-11,0,current_regime_2026_early_to_recent,logistic_regression,0.01066889277425618
separacion:4745,2026-0006261,NP-A-E77,NP,2026-07-12,14,2026-08-11,0,current_regime_2026_early_to_recent,logistic_regression,0.016381371160827784
separacion:4804,2026-0006713,CP-B908,CP,2026-07-12,0,2026-08-11,0,current_regime_2026_early_to_recent,logistic_regression,0.018936719762973644
separacion:4805,2026-0006709,MT-A1205,MT,2026-07-12,0,2026-08-11,0,current_regime_2026_early_to_recent,logistic_regression,0.008734174602952087
separacion:4301,2026-0003630,NP-A-E08,NP,2026-07-13,90,2026-08-12,0,current_regime_2026_early_to_recent,logistic_regression,0.130320012693265
separacion:4457,2026-0004561,MT-B28,MT,2026-07-13,60,2026-08-12,0,current_regime_2026_early_to_recent,logistic_regression,0.026594986555822413
separacion:4601,2026-0005611,FX-E28,FX,2026-07-13,30,2026-08-12,0,current_regime_2026_early_to_recent,logistic_regression,0.05391409378548244
separacion:4679,2026-0006048,NP-A-E165,NP,2026-07-13,21,2026-08-12,0,current_regime_2026_early_to_recent,logistic_regression,0.053510211269884964
separacion:4684,2026-0006056,SL-E12,SL,2026-07-13,21,2026-08-12,0,current_regime_2026_early_to_recent,logistic_regression,0.03431572579857568
separacion:4809,2026-0006749,NP-A-E169,NP,2026-07-13,0,2026-08-12,1,current_regime_2026_early_to_recent,logistic_regression,0.035674680085927765
separacion:4810,2026-0006752,NP-A-E16,NP,2026-07-13,0,2026-08-12,0,current_regime_2026_early_to_recent,logistic_regression,0.035674680085927765
separacion:4811,2026-0006758,MT-A602,MT,2026-07-13,0,2026-08-12,1,current_regime_2026_early_to_recent,logistic_regression,0.02598843034712281
separacion:4463,2026-0004597,TZ-40,TZ,2026-07-14,60,2026-08-13,0,current_regime_2026_early_to_recent,logistic_regression,0.04152969817988493
separacion:4464,2026-0004616,TZ-43,TZ,2026-07-14,60,2026-08-13,0,current_regime_2026_early_to_recent,logistic_regression,0.04152969817988493
separacion:4606,2026-0005804,MD-E52,MD,2026-07-14,30,2026-08-13,1,current_regime_2026_early_to_recent,logistic_regression,0.02975702009320324
separacion:4775,2026-0006528,NP-A1306,NP,2026-07-14,7,2026-08-13,0,current_regime_2026_early_to_recent,logistic_regression,0.07132866532197508
separacion:4777,2026-0006546,GY-1602,GY,2026-07-14,7,2026-08-13,0,current_regime_2026_early_to_recent,logistic_regression,0.07593495725732288
separacion:4389,2026-0004188,SL-E1,SL,2026-07-15,75,2026-08-14,0,current_regime_2026_early_to_recent,logistic_regression,0.06869115447011728
separacion:4609,2026-0005817,NP-A-E106,NP,2026-07-15,30,2026-08-14,0,current_regime_2026_early_to_recent,logistic_regression,0.030174300657788616
separacion:4611,2026-0005815,MD-1401,MD,2026-07-15,30,2026-08-14,1,current_regime_2026_early_to_recent,logistic_regression,0.052385538263808235
separacion:4553,2026-0005356,NP-A-E161,NP,2026-07-16,75,2026-08-15,0,current_regime_2026_early_to_recent,logistic_regression,0.0892550531044154
separacion:4625,2026-0005859,FX-1301,FX,2026-07-16,30,2026-08-15,0,current_regime_2026_early_to_recent,logistic_regression,0.0982039944564535
separacion:4817,2026-0006802,CP-E78,CP,2026-07-16,0,2026-08-15,0,current_regime_2026_early_to_recent,logistic_regression,0.01512123283573728
separacion:4818,2026-0006805,MD-E29,MD,2026-07-16,0,2026-08-15,1,current_regime_2026_early_to_recent,logistic_regression,0.011536701963639704
separacion:4823,2026-0006814,GY-806,GY,2026-07-16,0,2026-08-15,0,current_regime_2026_early_to_recent,logistic_regression,0.04740095779480118
separacion:4824,2026-0006815,GY-42,GY,2026-07-16,0,2026-08-15,0,current_regime_2026_early_to_recent,logistic_regression,0.02253581558908504
separacion:4484,2026-0004638,CP-E18,CP,2026-07-17,60,2026-08-16,0,current_regime_2026_early_to_recent,logistic_regression,0.039199549250850965
separacion:4555,2026-0005288,MD-E66,MD,2026-07-17,45,2026-08-16,0,current_regime_2026_early_to_recent,logistic_regression,0.02239584528014008
separacion:4798,2026-0006629,TZ-27,TZ,2026-07-17,7,2026-08-16,0,current_regime_2026_early_to_recent,logistic_regression,0.008580066205286676
separacion:4400,2026-0004310,NP-A-E134,NP,2026-07-18,75,2026-08-17,0,current_regime_2026_early_to_recent,logistic_regression,0.06398130155577131
separacion:4743,2026-0006183,MD-E49,MD,2026-07-18,21,2026-08-17,0,current_regime_2026_early_to_recent,logistic_regression,0.008118055666813851
separacion:4762,2026-0006421,TZ-28,TZ,2026-07-18,14,2026-08-17,0,current_regime_2026_early_to_recent,logistic_regression,0.00825645022600173
separacion:4803,2026-0006693,SL-1606,SL,2026-07-18,7,2026-08-17,0,current_regime_2026_early_to_recent,logistic_regression,0.022946822852628355
separacion:4858,2026-0006846,FX-204,FX,2026-07-18,0,2026-08-17,0,current_regime_2026_early_to_recent,logistic_regression,0.0397922281852982
separacion:4859,2026-0006847,MD-1302,MD,2026-07-18,0,2026-08-17,0,current_regime_2026_early_to_recent,logistic_regression,0.017266094685007706
separacion:4860,2026-0006852,MT-A501,MT,2026-07-18,0,2026-08-17,0,current_regime_2026_early_to_recent,logistic_regression,0.010724192032073353
separacion:4403,2026-0004320,MD-E97,MD,2026-07-19,75,2026-08-18,0,current_regime_2026_early_to_recent,logistic_regression,0.01993560671836291
separacion:4745,2026-0006261,NP-A-E77,NP,2026-07-19,21,2026-08-18,0,current_regime_2026_early_to_recent,logistic_regression,0.018822011756715523
separacion:4805,2026-0006709,MT-A1205,MT,2026-07-19,7,2026-08-18,0,current_regime_2026_early_to_recent,logistic_regression,0.010047106448981692
separacion:4122,2026-0002991,GY-D7,GY,2026-05-01,45,2026-05-31,0,current_regime_2026_early_to_recent,random_forest,0.14414343642291172
separacion:4295,2026-0003502,SL-E7,SL,2026-05-01,21,2026-05-31,0,current_regime_2026_early_to_recent,random_forest,0.1106530812319493
separacion:4363,2026-0003941,GY-33,GY,2026-05-01,7,2026-05-31,0,current_regime_2026_early_to_recent,random_forest,0.16776656580812552
separacion:4389,2026-0004188,SL-E1,SL,2026-05-01,0,2026-05-31,0,current_regime_2026_early_to_recent,random_forest,0.1096890532824042
separacion:4131,2026-0003014,EEUU-E50,EEUU,2026-05-02,45,2026-06-01,0,current_regime_2026_early_to_recent,random_forest,0.08802794380176149
separacion:4365,2026-0003981,TZ-19,TZ,2026-05-02,7,2026-06-01,0,current_regime_2026_early_to_recent,random_forest,0.08332347755856792
separacion:4393,2026-0004251,CP-B507,CP,2026-05-02,0,2026-06-01,0,current_regime_2026_early_to_recent,random_forest,0.033228270249478935
separacion:4394,2026-0004235,FX-304,FX,2026-05-02,0,2026-06-01,0,current_regime_2026_early_to_recent,random_forest,0.10248665156597125
separacion:4395,2026-0004267,GY-605,GY,2026-05-02,0,2026-06-01,0,current_regime_2026_early_to_recent,random_forest,0.09336825995740845
separacion:4553,2026-0005356,NP-A-E161,NP,2026-05-02,0,2026-06-01,0,current_regime_2026_early_to_recent,random_forest,0.0865253394835776
separacion:4014,2026-0001698,EEUU-E48,EEUU,2026-05-03,75,2026-06-02,0,current_regime_2026_early_to_recent,random_forest,0.09044566657372123
separacion:4136,2026-0003041,MT-A04,MT,2026-05-03,45,2026-06-02,0,current_regime_2026_early_to_recent,random_forest,0.0910962836687705
separacion:4366,2026-0004062,NP-A2306,NP,2026-05-03,7,2026-06-02,0,current_regime_2026_early_to_recent,random_forest,0.09947534241173006
separacion:4140,2026-0003067,GY-14,GY,2026-05-04,45,2026-06-03,0,current_regime_2026_early_to_recent,random_forest,0.22573925822029708
separacion:4367,2026-0004067,TZ-50,TZ,2026-05-04,7,2026-06-03,0,current_regime_2026_early_to_recent,random_forest,0.16792223864674138
separacion:4400,2026-0004310,NP-A-E134,NP,2026-05-04,0,2026-06-03,0,current_regime_2026_early_to_recent,random_forest,0.24318438331633252
separacion:4401,2026-0004311,MD-1901,MD,2026-05-04,0,2026-06-03,0,current_regime_2026_early_to_recent,random_forest,0.1558274170249015
separacion:4026,2026-0001742,CP-E27,CP,2026-05-05,75,2026-06-04,0,current_regime_2026_early_to_recent,random_forest,0.09323141691667475
separacion:4301,2026-0003630,NP-A-E08,NP,2026-05-05,21,2026-06-04,0,current_regime_2026_early_to_recent,random_forest,0.12092087359331308
separacion:4336,2026-0003787,FX-603,FX,2026-05-05,14,2026-06-04,1,current_regime_2026_early_to_recent,random_forest,0.1979809853189735
separacion:4337,2026-0003807,CP-E60,CP,2026-05-05,14,2026-06-04,0,current_regime_2026_early_to_recent,random_forest,0.07747759399523006
separacion:4370,2026-0004112,NP-A-E06,NP,2026-05-05,7,2026-06-04,0,current_regime_2026_early_to_recent,random_forest,0.10618659876049658
separacion:4402,2026-0004319,MD-1803,MD,2026-05-05,0,2026-06-04,0,current_regime_2026_early_to_recent,random_forest,0.048724563591927075
separacion:4403,2026-0004320,MD-E97,MD,2026-05-05,0,2026-06-04,0,current_regime_2026_early_to_recent,random_forest,0.05843125436742987
separacion:4405,2026-0004331,NP-A1501,NP,2026-05-05,0,2026-06-04,0,current_regime_2026_early_to_recent,random_forest,0.07421099827891099
separacion:4407,2026-0004338,NP-A2210,NP,2026-05-05,0,2026-06-04,0,current_regime_2026_early_to_recent,random_forest,0.07421099827891099
separacion:4148,2026-0003118,GY-43,GY,2026-05-06,45,2026-06-05,0,current_regime_2026_early_to_recent,random_forest,0.14761184935040683
separacion:4150,2026-0003125,NP-A1304,NP,2026-05-06,45,2026-06-05,1,current_regime_2026_early_to_recent,random_forest,0.2684160378494447
separacion:4210,2026-0003409,SL-E4,SL,2026-05-06,30,2026-06-05,0,current_regime_2026_early_to_recent,random_forest,0.11902054869306891
separacion:4213,2026-0003412,MT-A54,MT,2026-05-06,30,2026-06-05,0,current_regime_2026_early_to_recent,random_forest,0.07848979755481122
separacion:4216,2026-0003420,CP-E87,CP,2026-05-06,30,2026-06-05,0,current_regime_2026_early_to_recent,random_forest,0.11219056082532607
separacion:4343,2026-0003846,FX-E43,FX,2026-05-06,14,2026-06-05,0,current_regime_2026_early_to_recent,random_forest,0.14943850407985085
separacion:4345,2026-0003857,GY-801,GY,2026-05-06,14,2026-06-05,0,current_regime_2026_early_to_recent,random_forest,0.1920095356776191
separacion:4408,2026-0004330,SL-1308,SL,2026-05-06,0,2026-06-05,0,current_regime_2026_early_to_recent,random_forest,0.07244181167758659
separacion:4409,2026-0004351,SL-E47,SL,2026-05-06,0,2026-06-05,0,current_regime_2026_early_to_recent,random_forest,0.11059159401173492
separacion:4413,2026-0004374,MT-B24,MT,2026-05-06,0,2026-06-05,0,current_regime_2026_early_to_recent,random_forest,0.0915380691599654
separacion:4153,2026-0003145,GY-27,GY,2026-05-07,45,2026-06-06,0,current_regime_2026_early_to_recent,random_forest,0.14595057704566639
separacion:4352,2026-0003901,EEUU-503,EEUU,2026-05-07,14,2026-06-06,0,current_regime_2026_early_to_recent,random_forest,0.15975853982502236
separacion:4384,2026-0004153,CP-B705,CP,2026-05-07,7,2026-06-06,0,current_regime_2026_early_to_recent,random_forest,0.060798569996332395
separacion:4385,2026-0004150,GY-201,GY,2026-05-07,7,2026-06-06,0,current_regime_2026_early_to_recent,random_forest,0.1277702452554611
separacion:4415,2026-0004385,EEUU-1404,EEUU,2026-05-07,0,2026-06-06,0,current_regime_2026_early_to_recent,random_forest,0.08769504952517665
separacion:4416,2026-0004370,TZ-106,TZ,2026-05-07,0,2026-06-06,0,current_regime_2026_early_to_recent,random_forest,0.0639263797358619
separacion:4417,2026-0004387,FX-405,FX,2026-05-07,0,2026-06-06,0,current_regime_2026_early_to_recent,random_forest,0.12552280323853515
separacion:4163,2026-0003190,MD-E18,MD,2026-05-08,45,2026-06-07,0,current_regime_2026_early_to_recent,random_forest,0.09241011348460841
separacion:4363,2026-0003941,GY-33,GY,2026-05-08,14,2026-06-07,0,current_regime_2026_early_to_recent,random_forest,0.1443724708432039
separacion:4389,2026-0004188,SL-E1,SL,2026-05-08,7,2026-06-07,0,current_regime_2026_early_to_recent,random_forest,0.09334599853724514
separacion:4040,2026-0001859,TZ-17,TZ,2026-05-09,75,2026-06-08,0,current_regime_2026_early_to_recent,random_forest,0.09929087600532124
separacion:4164,2026-0003197,NP-A-E19,NP,2026-05-09,45,2026-06-08,0,current_regime_2026_early_to_recent,random_forest,0.10248168556748233
separacion:4288,2026-0003484,MT-A27,MT,2026-05-09,30,2026-06-08,0,current_regime_2026_early_to_recent,random_forest,0.07713401376846842
separacion:4290,2026-0003499,MT-A45,MT,2026-05-09,30,2026-06-08,0,current_regime_2026_early_to_recent,random_forest,0.07713401376846842
separacion:4365,2026-0003981,TZ-19,TZ,2026-05-09,14,2026-06-08,0,current_regime_2026_early_to_recent,random_forest,0.0821692218750148
separacion:4393,2026-0004251,CP-B507,CP,2026-05-09,7,2026-06-08,0,current_regime_2026_early_to_recent,random_forest,0.05037048319828969
separacion:4394,2026-0004235,FX-304,FX,2026-05-09,7,2026-06-08,0,current_regime_2026_early_to_recent,random_forest,0.1140294817231771
separacion:4395,2026-0004267,GY-605,GY,2026-05-09,7,2026-06-08,0,current_regime_2026_early_to_recent,random_forest,0.0810049389896543
separacion:4422,2026-0004435,NP-A1810,NP,2026-05-09,0,2026-06-08,0,current_regime_2026_early_to_recent,random_forest,0.04384612761152455
separacion:4423,2026-0004300,MT-B1303,MT,2026-05-09,0,2026-06-08,0,current_regime_2026_early_to_recent,random_forest,0.06538376736868565
separacion:4553,2026-0005356,NP-A-E161,NP,2026-05-09,7,2026-06-08,0,current_regime_2026_early_to_recent,random_forest,0.08480788309903069
separacion:4166,2026-0003221,CP-E52,CP,2026-05-10,45,2026-06-09,0,current_regime_2026_early_to_recent,random_forest,0.12703954501038076
separacion:4295,2026-0003502,SL-E7,SL,2026-05-10,30,2026-06-09,0,current_regime_2026_early_to_recent,random_forest,0.13327172999117753
separacion:4366,2026-0004062,NP-A2306,NP,2026-05-10,14,2026-06-09,0,current_regime_2026_early_to_recent,random_forest,0.17092107702349957
separacion:4424,2026-0004451,SL-903,SL,2026-05-10,0,2026-06-09,0,current_regime_2026_early_to_recent,random_forest,0.10617652728983117
separacion:4088,2026-0002498,NP-A1601,NP,2026-05-11,60,2026-06-10,0,current_regime_2026_early_to_recent,random_forest,0.3591894106996574
separacion:4089,2026-0002499,NP-A1603,NP,2026-05-11,60,2026-06-10,0,current_regime_2026_early_to_recent,random_forest,0.3591894106996574
separacion:4191,2026-0003242,NP-A2005,NP,2026-05-11,45,2026-06-10,0,current_regime_2026_early_to_recent,random_forest,0.37228862523187906
separacion:4367,2026-0004067,TZ-50,TZ,2026-05-11,14,2026-06-10,0,current_regime_2026_early_to_recent,random_forest,0.18757658329633756
separacion:4400,2026-0004310,NP-A-E134,NP,2026-05-11,7,2026-06-10,0,current_regime_2026_early_to_recent,random_forest,0.256417519958058
separacion:4401,2026-0004311,MD-1901,MD,2026-05-11,7,2026-06-10,0,current_regime_2026_early_to_recent,random_forest,0.19319184167568046
separacion:4427,2026-0004436,SL-808,SL,2026-05-11,0,2026-06-10,0,current_regime_2026_early_to_recent,random_forest,0.1634377686114819
separacion:4192,2026-0003243,CP-B1306,CP,2026-05-12,45,2026-06-11,0,current_regime_2026_early_to_recent,random_forest,0.12362147241543908
separacion:4193,2026-0003246,NP-A-E138,NP,2026-05-12,45,2026-06-11,0,current_regime_2026_early_to_recent,random_forest,0.10740961704148738
separacion:4337,2026-0003807,CP-E60,CP,2026-05-12,21,2026-06-11,0,current_regime_2026_early_to_recent,random_forest,0.1049707169037942
separacion:4370,2026-0004112,NP-A-E06,NP,2026-05-12,14,2026-06-11,0,current_regime_2026_early_to_recent,random_forest,0.10443050195347546
separacion:4402,2026-0004319,MD-1803,MD,2026-05-12,7,2026-06-11,0,current_regime_2026_early_to_recent,random_forest,0.06963765575294902
separacion:4403,2026-0004320,MD-E97,MD,2026-05-12,7,2026-06-11,0,current_regime_2026_early_to_recent,random_forest,0.05323843683857279
separacion:4407,2026-0004338,NP-A2210,NP,2026-05-12,7,2026-06-11,0,current_regime_2026_early_to_recent,random_forest,0.09048625970706907
separacion:4451,2026-0004523,NP-A-E154,NP,2026-05-12,0,2026-06-11,0,current_regime_2026_early_to_recent,random_forest,0.11350563028563278
separacion:4106,2026-0002781,FX-E16,FX,2026-05-13,60,2026-06-12,0,current_regime_2026_early_to_recent,random_forest,0.1682762861059816
separacion:4343,2026-0003846,FX-E43,FX,2026-05-13,21,2026-06-12,0,current_regime_2026_early_to_recent,random_forest,0.17011465853942892
separacion:4345,2026-0003857,GY-801,GY,2026-05-13,21,2026-06-12,0,current_regime_2026_early_to_recent,random_forest,0.2781267175244053
separacion:4408,2026-0004330,SL-1308,SL,2026-05-13,7,2026-06-12,0,current_regime_2026_early_to_recent,random_forest,0.0755709864374084
separacion:4409,2026-0004351,SL-E47,SL,2026-05-13,7,2026-06-12,0,current_regime_2026_early_to_recent,random_forest,0.09551035522835535
separacion:4413,2026-0004374,MT-B24,MT,2026-05-13,7,2026-06-12,0,current_regime_2026_early_to_recent,random_forest,0.07832794652213879
separacion:4452,2026-0004527,SL-207,SL,2026-05-13,0,2026-06-12,0,current_regime_2026_early_to_recent,random_forest,0.07763253229919297
separacion:4107,2026-0002813,GY-303,GY,2026-05-14,60,2026-06-13,0,current_regime_2026_early_to_recent,random_forest,0.2658215082580636
separacion:4109,2026-0002890,MT-A57,MT,2026-05-14,60,2026-06-13,1,current_regime_2026_early_to_recent,random_forest,0.08863946033506481
separacion:4202,2026-0003313,NP-A2203,NP,2026-05-14,45,2026-06-13,0,current_regime_2026_early_to_recent,random_forest,0.2613584467510128
separacion:4203,2026-0003315,NP-A2204,NP,2026-05-14,45,2026-06-13,0,current_regime_2026_early_to_recent,random_forest,0.2613584467510128
separacion:4301,2026-0003630,NP-A-E08,NP,2026-05-14,30,2026-06-13,0,current_regime_2026_early_to_recent,random_forest,0.12248344772826096
separacion:4352,2026-0003901,EEUU-503,EEUU,2026-05-14,21,2026-06-13,0,current_regime_2026_early_to_recent,random_forest,0.2537277020236772
separacion:4384,2026-0004153,CP-B705,CP,2026-05-14,14,2026-06-13,1,current_regime_2026_early_to_recent,random_forest,0.1529881989097407
separacion:4385,2026-0004150,GY-201,GY,2026-05-14,14,2026-06-13,0,current_regime_2026_early_to_recent,random_forest,0.18855149161615498
separacion:4415,2026-0004385,EEUU-1404,EEUU,2026-05-14,7,2026-06-13,0,current_regime_2026_early_to_recent,random_forest,0.08801596392343035
separacion:4455,2026-0004548,NP-A1901,NP,2026-05-14,0,2026-06-13,0,current_regime_2026_early_to_recent,random_forest,0.06091115798023163
separacion:4457,2026-0004561,MT-B28,MT,2026-05-14,0,2026-06-13,0,current_regime_2026_early_to_recent,random_forest,0.07098439980121891
separacion:4363,2026-0003941,GY-33,GY,2026-05-15,21,2026-06-14,0,current_regime_2026_early_to_recent,random_forest,0.14996021639784338
separacion:4389,2026-0004188,SL-E1,SL,2026-05-15,14,2026-06-14,0,current_regime_2026_early_to_recent,random_forest,0.093352666151088
separacion:4463,2026-0004597,TZ-40,TZ,2026-05-15,0,2026-06-14,0,current_regime_2026_early_to_recent,random_forest,0.07623017398897775
separacion:4464,2026-0004616,TZ-43,TZ,2026-05-15,0,2026-06-14,0,current_regime_2026_early_to_recent,random_forest,0.07623017398897775
separacion:4122,2026-0002991,GY-D7,GY,2026-05-16,60,2026-06-15,0,current_regime_2026_early_to_recent,random_forest,0.12866395555750185
separacion:4365,2026-0003981,TZ-19,TZ,2026-05-16,21,2026-06-15,0,current_regime_2026_early_to_recent,random_forest,0.09828847044120927
separacion:4393,2026-0004251,CP-B507,CP,2026-05-16,14,2026-06-15,0,current_regime_2026_early_to_recent,random_forest,0.1369705418641745
separacion:4394,2026-0004235,FX-304,FX,2026-05-16,14,2026-06-15,0,current_regime_2026_early_to_recent,random_forest,0.2138426610008185
separacion:4422,2026-0004435,NP-A1810,NP,2026-05-16,7,2026-06-15,0,current_regime_2026_early_to_recent,random_forest,0.054244800495072056
separacion:4423,2026-0004300,MT-B1303,MT,2026-05-16,7,2026-06-15,0,current_regime_2026_early_to_recent,random_forest,0.07795219823164606
separacion:4466,2026-0004655,NP-A1506,NP,2026-05-16,0,2026-06-15,0,current_regime_2026_early_to_recent,random_forest,0.03324731335180335
separacion:4468,2026-0004668,EEUU-203,EEUU,2026-05-16,0,2026-06-15,1,current_regime_2026_early_to_recent,random_forest,0.05801423628348878
separacion:4471,2026-0004712,FX-402,FX,2026-05-16,0,2026-06-15,1,current_regime_2026_early_to_recent,random_forest,0.10248665156597125
separacion:4553,2026-0005356,NP-A-E161,NP,2026-05-16,14,2026-06-15,0,current_regime_2026_early_to_recent,random_forest,0.08676923254264615
separacion:4131,2026-0003014,EEUU-E50,EEUU,2026-05-17,60,2026-06-16,0,current_regime_2026_early_to_recent,random_forest,0.10278470404054886
separacion:4366,2026-0004062,NP-A2306,NP,2026-05-17,21,2026-06-16,0,current_regime_2026_early_to_recent,random_forest,0.2610870594531527
separacion:4424,2026-0004451,SL-903,SL,2026-05-17,7,2026-06-16,0,current_regime_2026_early_to_recent,random_forest,0.12788426879924036
separacion:4472,2026-0004699,SL-908,SL,2026-05-17,0,2026-06-16,0,current_regime_2026_early_to_recent,random_forest,0.10617652728983117
separacion:4473,2026-0004716,NP-A2707,NP,2026-05-17,0,2026-06-16,0,current_regime_2026_early_to_recent,random_forest,0.06629810054823226
separacion:4474,2026-0004773,SL-1006,SL,2026-05-17,0,2026-06-16,0,current_regime_2026_early_to_recent,random_forest,0.11340523820945667
separacion:4475,2026-0004774,SL-406,SL,2026-05-17,0,2026-06-16,0,current_regime_2026_early_to_recent,random_forest,0.11340523820945667
separacion:4477,2026-0004791,SL-1302,SL,2026-05-17,0,2026-06-16,0,current_regime_2026_early_to_recent,random_forest,0.11340523820945667
separacion:4478,2026-0004831,SL-1506,SL,2026-05-17,0,2026-06-16,0,current_regime_2026_early_to_recent,random_forest,0.11340523820945667
separacion:4479,2026-0004836,GY-1603,GY,2026-05-17,0,2026-06-16,0,current_regime_2026_early_to_recent,random_forest,0.11554187617671982
separacion:4480,2026-0004850,MD-1403,MD,2026-05-17,0,2026-06-16,0,current_regime_2026_early_to_recent,random_forest,0.08057539866433223
separacion:4481,2026-0004572,FX-901,FX,2026-05-17,0,2026-06-16,1,current_regime_2026_early_to_recent,random_forest,0.12323421111321595
separacion:4482,2026-0004857,NP-A1008,NP,2026-05-17,0,2026-06-16,1,current_regime_2026_early_to_recent,random_forest,0.05993607435940748
separacion:4483,2026-0004861,NP-A2608,NP,2026-05-17,0,2026-06-16,0,current_regime_2026_early_to_recent,random_forest,0.05993607435940748
separacion:4136,2026-0003041,MT-A04,MT,2026-05-18,60,2026-06-17,0,current_regime_2026_early_to_recent,random_forest,0.15051760908891418
separacion:4367,2026-0004067,TZ-50,TZ,2026-05-18,21,2026-06-17,0,current_regime_2026_early_to_recent,random_forest,0.19890302197216847
separacion:4400,2026-0004310,NP-A-E134,NP,2026-05-18,14,2026-06-17,0,current_regime_2026_early_to_recent,random_forest,0.25313918128399004
separacion:4427,2026-0004436,SL-808,SL,2026-05-18,7,2026-06-17,0,current_regime_2026_early_to_recent,random_forest,0.21074912033060986
separacion:4484,2026-0004638,CP-E18,CP,2026-05-18,0,2026-06-17,0,current_regime_2026_early_to_recent,random_forest,0.18722312199500396
separacion:4486,2026-0004887,MT-A701,MT,2026-05-18,0,2026-06-17,0,current_regime_2026_early_to_recent,random_forest,0.15157336028231896
separacion:4495,2026-0004886,NP-A904,NP,2026-05-18,0,2026-06-17,0,current_regime_2026_early_to_recent,random_forest,0.2378806756162909
separacion:4498,2026-0004746,NP-A2706,NP,2026-05-18,0,2026-06-17,0,current_regime_2026_early_to_recent,random_forest,0.2026566101994601
separacion:4140,2026-0003067,GY-14,GY,2026-05-19,60,2026-06-18,0,current_regime_2026_early_to_recent,random_forest,0.14322599917671788
separacion:4370,2026-0004112,NP-A-E06,NP,2026-05-19,21,2026-06-18,0,current_regime_2026_early_to_recent,random_forest,0.11713344023664331
separacion:4403,2026-0004320,MD-E97,MD,2026-05-19,14,2026-06-18,0,current_regime_2026_early_to_recent,random_forest,0.07727076445456872
separacion:4407,2026-0004338,NP-A2210,NP,2026-05-19,14,2026-06-18,0,current_regime_2026_early_to_recent,random_forest,0.1716753109584111
separacion:4451,2026-0004523,NP-A-E154,NP,2026-05-19,7,2026-06-18,0,current_regime_2026_early_to_recent,random_forest,0.10618659876049658
separacion:4502,2026-0004895,NP-A802,NP,2026-05-19,0,2026-06-18,0,current_regime_2026_early_to_recent,random_forest,0.07421099827891099
separacion:4409,2026-0004351,SL-E47,SL,2026-05-20,14,2026-06-19,0,current_regime_2026_early_to_recent,random_forest,0.09739099609061108
separacion:4413,2026-0004374,MT-B24,MT,2026-05-20,14,2026-06-19,0,current_regime_2026_early_to_recent,random_forest,0.06935962025366312
separacion:4452,2026-0004527,SL-207,SL,2026-05-20,7,2026-06-19,0,current_regime_2026_early_to_recent,random_forest,0.0876442868856023
separacion:4505,2026-0004947,MT-A1002,MT,2026-05-20,0,2026-06-19,0,current_regime_2026_early_to_recent,random_forest,0.060935395129227736
separacion:4148,2026-0003118,GY-43,GY,2026-05-21,60,2026-06-20,0,current_regime_2026_early_to_recent,random_forest,0.1417695460218174
separacion:4210,2026-0003409,SL-E4,SL,2026-05-21,45,2026-06-20,0,current_regime_2026_early_to_recent,random_forest,0.11113262295262297
separacion:4213,2026-0003412,MT-A54,MT,2026-05-21,45,2026-06-20,0,current_regime_2026_early_to_recent,random_forest,0.07357010501119189
separacion:4216,2026-0003420,CP-E87,CP,2026-05-21,45,2026-06-20,0,current_regime_2026_early_to_recent,random_forest,0.10955533748960347
separacion:4337,2026-0003807,CP-E60,CP,2026-05-21,30,2026-06-20,0,current_regime_2026_early_to_recent,random_forest,0.11185166006302484
separacion:4384,2026-0004153,CP-B705,CP,2026-05-21,21,2026-06-20,1,current_regime_2026_early_to_recent,random_forest,0.25710108228466205
separacion:4385,2026-0004150,GY-201,GY,2026-05-21,21,2026-06-20,0,current_regime_2026_early_to_recent,random_forest,0.275703797306489
separacion:4415,2026-0004385,EEUU-1404,EEUU,2026-05-21,14,2026-06-20,0,current_regime_2026_early_to_recent,random_forest,0.15975853982502236
separacion:4455,2026-0004548,NP-A1901,NP,2026-05-21,7,2026-06-20,0,current_regime_2026_early_to_recent,random_forest,0.08112823486432989
separacion:4457,2026-0004561,MT-B28,MT,2026-05-21,7,2026-06-20,0,current_regime_2026_early_to_recent,random_forest,0.06199954357998615
separacion:4508,2026-0004899,FX-605,FX,2026-05-21,0,2026-06-20,0,current_regime_2026_early_to_recent,random_forest,0.11400631895955969
separacion:4153,2026-0003145,GY-27,GY,2026-05-22,60,2026-06-21,0,current_regime_2026_early_to_recent,random_forest,0.13768816512876123
separacion:4343,2026-0003846,FX-E43,FX,2026-05-22,30,2026-06-21,0,current_regime_2026_early_to_recent,random_forest,0.1806471365524219
separacion:4345,2026-0003857,GY-801,GY,2026-05-22,30,2026-06-21,0,current_regime_2026_early_to_recent,random_forest,0.29143926238613016
separacion:4389,2026-0004188,SL-E1,SL,2026-05-22,21,2026-06-21,0,current_regime_2026_early_to_recent,random_forest,0.1106530812319493
separacion:4463,2026-0004597,TZ-40,TZ,2026-05-22,7,2026-06-21,0,current_regime_2026_early_to_recent,random_forest,0.0673082156985201
separacion:4464,2026-0004616,TZ-43,TZ,2026-05-22,7,2026-06-21,0,current_regime_2026_early_to_recent,random_forest,0.0673082156985201
separacion:4511,2026-0004992,CP-B1207,CP,2026-05-22,0,2026-06-21,0,current_regime_2026_early_to_recent,random_forest,0.05721227969608535
separacion:4163,2026-0003190,MD-E18,MD,2026-05-23,60,2026-06-22,0,current_regime_2026_early_to_recent,random_forest,0.0930954948032704
separacion:4352,2026-0003901,EEUU-503,EEUU,2026-05-23,30,2026-06-22,1,current_regime_2026_early_to_recent,random_forest,0.2653026118429095
separacion:4394,2026-0004235,FX-304,FX,2026-05-23,21,2026-06-22,0,current_regime_2026_early_to_recent,random_forest,0.3052906548116576
separacion:4468,2026-0004668,EEUU-203,EEUU,2026-05-23,7,2026-06-22,1,current_regime_2026_early_to_recent,random_forest,0.07185778228173917
separacion:4512,2026-0004858,SL-1008,SL,2026-05-23,0,2026-06-22,0,current_regime_2026_early_to_recent,random_forest,0.07577826960986815
separacion:4553,2026-0005356,NP-A-E161,NP,2026-05-23,21,2026-06-22,0,current_regime_2026_early_to_recent,random_forest,0.1055350683020259
separacion:4164,2026-0003197,NP-A-E19,NP,2026-05-24,60,2026-06-23,0,current_regime_2026_early_to_recent,random_forest,0.11165572448198074
separacion:4288,2026-0003484,MT-A27,MT,2026-05-24,45,2026-06-23,0,current_regime_2026_early_to_recent,random_forest,0.0910962836687705
separacion:4290,2026-0003499,MT-A45,MT,2026-05-24,45,2026-06-23,0,current_regime_2026_early_to_recent,random_forest,0.0910962836687705
separacion:4363,2026-0003941,GY-33,GY,2026-05-24,30,2026-06-23,0,current_regime_2026_early_to_recent,random_forest,0.14293706331015946
separacion:4424,2026-0004451,SL-903,SL,2026-05-24,14,2026-06-23,0,current_regime_2026_early_to_recent,random_forest,0.18428671528267324
separacion:4472,2026-0004699,SL-908,SL,2026-05-24,7,2026-06-23,0,current_regime_2026_early_to_recent,random_forest,0.12788426879924036
separacion:4474,2026-0004773,SL-1006,SL,2026-05-24,7,2026-06-23,0,current_regime_2026_early_to_recent,random_forest,0.14809839286347798
separacion:4475,2026-0004774,SL-406,SL,2026-05-24,7,2026-06-23,0,current_regime_2026_early_to_recent,random_forest,0.14809839286347798
separacion:4477,2026-0004791,SL-1302,SL,2026-05-24,7,2026-06-23,0,current_regime_2026_early_to_recent,random_forest,0.14809839286347798
separacion:4479,2026-0004836,GY-1603,GY,2026-05-24,7,2026-06-23,0,current_regime_2026_early_to_recent,random_forest,0.11417933064745883
separacion:4480,2026-0004850,MD-1403,MD,2026-05-24,7,2026-06-23,1,current_regime_2026_early_to_recent,random_forest,0.1268646297379983
separacion:4483,2026-0004861,NP-A2608,NP,2026-05-24,7,2026-06-23,0,current_regime_2026_early_to_recent,random_forest,0.09947534241173006
separacion:4166,2026-0003221,CP-E52,CP,2026-05-25,60,2026-06-24,0,current_regime_2026_early_to_recent,random_forest,0.1741697050212947
separacion:4295,2026-0003502,SL-E7,SL,2026-05-25,45,2026-06-24,0,current_regime_2026_early_to_recent,random_forest,0.19551061549587584
separacion:4365,2026-0003981,TZ-19,TZ,2026-05-25,30,2026-06-24,0,current_regime_2026_early_to_recent,random_forest,0.1978382162857899
separacion:4400,2026-0004310,NP-A-E134,NP,2026-05-25,21,2026-06-24,0,current_regime_2026_early_to_recent,random_forest,0.24762054762207156
separacion:4427,2026-0004436,SL-808,SL,2026-05-25,14,2026-06-24,0,current_regime_2026_early_to_recent,random_forest,0.27040472174478863
separacion:4484,2026-0004638,CP-E18,CP,2026-05-25,7,2026-06-24,0,current_regime_2026_early_to_recent,random_forest,0.19787854941415772
separacion:4486,2026-0004887,MT-A701,MT,2026-05-25,7,2026-06-24,0,current_regime_2026_early_to_recent,random_forest,0.1742732825835844
separacion:4495,2026-0004886,NP-A904,NP,2026-05-25,7,2026-06-24,0,current_regime_2026_early_to_recent,random_forest,0.2788185940616143
separacion:4498,2026-0004746,NP-A2706,NP,2026-05-25,7,2026-06-24,0,current_regime_2026_early_to_recent,random_forest,0.24415792651031049
separacion:4513,2026-0004955,MT-A1206,MT,2026-05-25,0,2026-06-24,0,current_regime_2026_early_to_recent,random_forest,0.1319674499063121
separacion:4191,2026-0003242,NP-A2005,NP,2026-05-26,60,2026-06-25,1,current_regime_2026_early_to_recent,random_forest,0.25726921709401684
separacion:4403,2026-0004320,MD-E97,MD,2026-05-26,21,2026-06-25,0,current_regime_2026_early_to_recent,random_forest,0.1011603807958779
separacion:4451,2026-0004523,NP-A-E154,NP,2026-05-26,14,2026-06-25,0,current_regime_2026_early_to_recent,random_forest,0.10443050195347546
separacion:4528,2026-0005078,SL-1206,SL,2026-05-26,0,2026-06-25,0,current_regime_2026_early_to_recent,random_forest,0.07956816677222645
separacion:4192,2026-0003243,CP-B1306,CP,2026-05-27,60,2026-06-26,0,current_regime_2026_early_to_recent,random_forest,0.11904139282057852
separacion:4193,2026-0003246,NP-A-E138,NP,2026-05-27,60,2026-06-26,0,current_regime_2026_early_to_recent,random_forest,0.10490488737121759
separacion:4367,2026-0004067,TZ-50,TZ,2026-05-27,30,2026-06-26,0,current_regime_2026_early_to_recent,random_forest,0.11931960771678168
separacion:4409,2026-0004351,SL-E47,SL,2026-05-27,21,2026-06-26,0,current_regime_2026_early_to_recent,random_forest,0.11561834003942213
separacion:4413,2026-0004374,MT-B24,MT,2026-05-27,21,2026-06-26,0,current_regime_2026_early_to_recent,random_forest,0.07850611370764106
separacion:4532,2026-0005086,NP-A2807,NP,2026-05-27,0,2026-06-26,0,current_regime_2026_early_to_recent,random_forest,0.06772341419637792
separacion:4106,2026-0002781,FX-E16,FX,2026-05-28,75,2026-06-27,0,current_regime_2026_early_to_recent,random_forest,0.1559085415405944
separacion:4370,2026-0004112,NP-A-E06,NP,2026-05-28,30,2026-06-27,0,current_regime_2026_early_to_recent,random_forest,0.10838312162845039
separacion:4455,2026-0004548,NP-A1901,NP,2026-05-28,14,2026-06-27,0,current_regime_2026_early_to_recent,random_forest,0.16502275923031534
separacion:4457,2026-0004561,MT-B28,MT,2026-05-28,14,2026-06-27,0,current_regime_2026_early_to_recent,random_forest,0.07846558602791306
separacion:4107,2026-0002813,GY-303,GY,2026-05-29,75,2026-06-28,1,current_regime_2026_early_to_recent,random_forest,0.24651324381465348
separacion:4202,2026-0003313,NP-A2203,NP,2026-05-29,60,2026-06-28,0,current_regime_2026_early_to_recent,random_forest,0.2485462997239225
separacion:4203,2026-0003315,NP-A2204,NP,2026-05-29,60,2026-06-28,0,current_regime_2026_early_to_recent,random_forest,0.2485462997239225
separacion:4301,2026-0003630,NP-A-E08,NP,2026-05-29,45,2026-06-28,0,current_regime_2026_early_to_recent,random_forest,0.11811256636491513
separacion:4463,2026-0004597,TZ-40,TZ,2026-05-29,14,2026-06-28,0,current_regime_2026_early_to_recent,random_forest,0.08943188035440812
separacion:4464,2026-0004616,TZ-43,TZ,2026-05-29,14,2026-06-28,0,current_regime_2026_early_to_recent,random_forest,0.08943188035440812
separacion:4542,2026-0005156,NP-A2601,NP,2026-05-29,0,2026-06-28,1,current_regime_2026_early_to_recent,random_forest,0.05651893453513304
separacion:4384,2026-0004153,CP-B705,CP,2026-05-30,30,2026-06-29,1,current_regime_2026_early_to_recent,random_forest,0.2702442827667558
separacion:4468,2026-0004668,EEUU-203,EEUU,2026-05-30,14,2026-06-29,1,current_regime_2026_early_to_recent,random_forest,0.14069473355883624
separacion:4544,2026-0005233,NP-A2104,NP,2026-05-30,0,2026-06-29,0,current_regime_2026_early_to_recent,random_forest,0.03324731335180335
separacion:4122,2026-0002991,GY-D7,GY,2026-05-31,75,2026-06-30,0,current_regime_2026_early_to_recent,random_forest,0.12517833274826887
separacion:4389,2026-0004188,SL-E1,SL,2026-05-31,30,2026-06-30,0,current_regime_2026_early_to_recent,random_forest,0.13327172999117753
separacion:4479,2026-0004836,GY-1603,GY,2026-05-31,14,2026-06-30,0,current_regime_2026_early_to_recent,random_forest,0.17558871219078676
separacion:4480,2026-0004850,MD-1403,MD,2026-05-31,14,2026-06-30,1,current_regime_2026_early_to_recent,random_forest,0.1906708894897896
separacion:4546,2026-0005276,NP-A-E158,NP,2026-05-31,0,2026-06-30,1,current_regime_2026_early_to_recent,random_forest,0.10244838691422511
separacion:4547,2026-0005274,NP-A2102,NP,2026-05-31,0,2026-06-30,0,current_regime_2026_early_to_recent,random_forest,0.05993607435940748
separacion:4131,2026-0003014,EEUU-E50,EEUU,2026-06-01,75,2026-07-01,0,current_regime_2026_early_to_recent,random_forest,0.1621738963220174
separacion:4484,2026-0004638,CP-E18,CP,2026-06-01,14,2026-07-01,0,current_regime_2026_early_to_recent,random_forest,0.20229857378163396
separacion:4553,2026-0005356,NP-A-E161,NP,2026-06-01,30,2026-07-01,0,current_regime_2026_early_to_recent,random_forest,0.23799209384089692
separacion:4136,2026-0003041,MT-A04,MT,2026-06-02,75,2026-07-02,0,current_regime_2026_early_to_recent,random_forest,0.0618056638355841
separacion:4451,2026-0004523,NP-A-E154,NP,2026-06-02,21,2026-07-02,0,current_regime_2026_early_to_recent,random_forest,0.11713344023664331
separacion:4528,2026-0005078,SL-1206,SL,2026-06-02,7,2026-07-02,0,current_regime_2026_early_to_recent,random_forest,0.08821700230733115
separacion:4551,2026-0005345,MD-1202,MD,2026-06-02,0,2026-07-02,0,current_regime_2026_early_to_recent,random_forest,0.048724563591927075
separacion:4554,2026-0005178,MT-B1202,MT,2026-06-02,0,2026-07-02,0,current_regime_2026_early_to_recent,random_forest,0.05295306466686545
separacion:4555,2026-0005288,MD-E66,MD,2026-06-02,0,2026-07-02,0,current_regime_2026_early_to_recent,random_forest,0.09168708043808542
separacion:4140,2026-0003067,GY-14,GY,2026-06-03,75,2026-07-03,0,current_regime_2026_early_to_recent,random_forest,0.13213727825449237
separacion:4400,2026-0004310,NP-A-E134,NP,2026-06-03,30,2026-07-03,0,current_regime_2026_early_to_recent,random_forest,0.10907920654493113
separacion:4403,2026-0004320,MD-E97,MD,2026-06-04,30,2026-07-04,0,current_regime_2026_early_to_recent,random_forest,0.09858059837667059
separacion:4455,2026-0004548,NP-A1901,NP,2026-06-04,21,2026-07-04,0,current_regime_2026_early_to_recent,random_forest,0.2588365030702725
separacion:4457,2026-0004561,MT-B28,MT,2026-06-04,21,2026-07-04,0,current_regime_2026_early_to_recent,random_forest,0.09639435856871735
separacion:4563,2026-0005384,CP-B808,CP,2026-06-04,0,2026-07-04,0,current_regime_2026_early_to_recent,random_forest,0.056361545970179894
separacion:4564,2026-0005299,NP-A2507,NP,2026-06-04,0,2026-07-04,0,current_regime_2026_early_to_recent,random_forest,0.06577556033052086
separacion:4577,2026-0005381,NP-A1710,NP,2026-06-04,0,2026-07-04,0,current_regime_2026_early_to_recent,random_forest,0.06259322908590845
separacion:4148,2026-0003118,GY-43,GY,2026-06-05,75,2026-07-05,0,current_regime_2026_early_to_recent,random_forest,0.12579643158350223
separacion:4210,2026-0003409,SL-E4,SL,2026-06-05,60,2026-07-05,0,current_regime_2026_early_to_recent,random_forest,0.10616146032723213
separacion:4213,2026-0003412,MT-A54,MT,2026-06-05,60,2026-07-05,0,current_regime_2026_early_to_recent,random_forest,0.0681412066574104
separacion:4216,2026-0003420,CP-E87,CP,2026-06-05,60,2026-07-05,0,current_regime_2026_early_to_recent,random_forest,0.10600476817112124
separacion:4337,2026-0003807,CP-E60,CP,2026-06-05,45,2026-07-05,0,current_regime_2026_early_to_recent,random_forest,0.1108441380134621
separacion:4409,2026-0004351,SL-E47,SL,2026-06-05,30,2026-07-05,0,current_regime_2026_early_to_recent,random_forest,0.11398288750727267
separacion:4413,2026-0004374,MT-B24,MT,2026-06-05,30,2026-07-05,0,current_regime_2026_early_to_recent,random_forest,0.07617372594494967
separacion:4463,2026-0004597,TZ-40,TZ,2026-06-05,21,2026-07-05,0,current_regime_2026_early_to_recent,random_forest,0.11479745146875084
separacion:4464,2026-0004616,TZ-43,TZ,2026-06-05,21,2026-07-05,0,current_regime_2026_early_to_recent,random_forest,0.11479745146875084
separacion:4153,2026-0003145,GY-27,GY,2026-06-06,75,2026-07-06,0,current_regime_2026_early_to_recent,random_forest,0.11500232641729663
separacion:4343,2026-0003846,FX-E43,FX,2026-06-06,45,2026-07-06,0,current_regime_2026_early_to_recent,random_forest,0.184217501291263
separacion:4468,2026-0004668,EEUU-203,EEUU,2026-06-06,21,2026-07-06,1,current_regime_2026_early_to_recent,random_forest,0.24199425635512126
separacion:4544,2026-0005233,NP-A2104,NP,2026-06-06,7,2026-07-06,0,current_regime_2026_early_to_recent,random_forest,0.060117172593818956
separacion:4581,2026-0005412,FX-402,FX,2026-06-06,0,2026-07-06,0,current_regime_2026_early_to_recent,random_forest,0.09480667844029275
separacion:4163,2026-0003190,MD-E18,MD,2026-06-07,75,2026-07-07,0,current_regime_2026_early_to_recent,random_forest,0.08911420890310677
separacion:4352,2026-0003901,EEUU-503,EEUU,2026-06-07,45,2026-07-07,1,current_regime_2026_early_to_recent,random_forest,0.27206674118014734
separacion:4479,2026-0004836,GY-1603,GY,2026-06-07,21,2026-07-07,0,current_regime_2026_early_to_recent,random_forest,0.2631212561076769
separacion:4480,2026-0004850,MD-1403,MD,2026-06-07,21,2026-07-07,1,current_regime_2026_early_to_recent,random_forest,0.27319178117300785
separacion:4546,2026-0005276,NP-A-E158,NP,2026-06-07,7,2026-07-07,1,current_regime_2026_early_to_recent,random_forest,0.11176558155885355
separacion:4547,2026-0005274,NP-A2102,NP,2026-06-07,7,2026-07-07,0,current_regime_2026_early_to_recent,random_forest,0.09947534241173006
separacion:4550,2026-0005313,MT-A1202,MT,2026-06-07,7,2026-07-07,0,current_regime_2026_early_to_recent,random_forest,0.12576063711962612
separacion:4164,2026-0003197,NP-A-E19,NP,2026-06-08,75,2026-07-08,0,current_regime_2026_early_to_recent,random_forest,0.20896519998635907
separacion:4288,2026-0003484,MT-A27,MT,2026-06-08,60,2026-07-08,0,current_regime_2026_early_to_recent,random_forest,0.15051760908891418
separacion:4290,2026-0003499,MT-A45,MT,2026-06-08,60,2026-07-08,0,current_regime_2026_early_to_recent,random_forest,0.15051760908891418
separacion:4363,2026-0003941,GY-33,GY,2026-06-08,45,2026-07-08,0,current_regime_2026_early_to_recent,random_forest,0.22573925822029708
separacion:4484,2026-0004638,CP-E18,CP,2026-06-08,21,2026-07-08,0,current_regime_2026_early_to_recent,random_forest,0.20347202124340824
separacion:4582,2026-0005474,SL-1104,SL,2026-06-08,0,2026-07-08,0,current_regime_2026_early_to_recent,random_forest,0.1570807381903856
separacion:4166,2026-0003221,CP-E52,CP,2026-06-09,75,2026-07-09,0,current_regime_2026_early_to_recent,random_forest,0.09323141691667475
separacion:4295,2026-0003502,SL-E7,SL,2026-06-09,60,2026-07-09,0,current_regime_2026_early_to_recent,random_forest,0.11169958265947189
separacion:4365,2026-0003981,TZ-19,TZ,2026-06-09,45,2026-07-09,0,current_regime_2026_early_to_recent,random_forest,0.09803983455806894
separacion:4554,2026-0005178,MT-B1202,MT,2026-06-09,7,2026-07-09,0,current_regime_2026_early_to_recent,random_forest,0.0807740764848744
separacion:4555,2026-0005288,MD-E66,MD,2026-06-09,7,2026-07-09,0,current_regime_2026_early_to_recent,random_forest,0.08527084389461377
separacion:4191,2026-0003242,NP-A2005,NP,2026-06-10,75,2026-07-10,1,current_regime_2026_early_to_recent,random_forest,0.24082924035277803
separacion:4589,2026-0005520,NP-A2207,NP,2026-06-10,0,2026-07-10,0,current_regime_2026_early_to_recent,random_forest,0.06772341419637792
separacion:4192,2026-0003243,CP-B1306,CP,2026-06-11,75,2026-07-11,0,current_regime_2026_early_to_recent,random_forest,0.10256120800824015
separacion:4193,2026-0003246,NP-A-E138,NP,2026-06-11,75,2026-07-11,0,current_regime_2026_early_to_recent,random_forest,0.0906390216977503
separacion:4367,2026-0004067,TZ-50,TZ,2026-06-11,45,2026-07-11,0,current_regime_2026_early_to_recent,random_forest,0.11448433426992148
separacion:4451,2026-0004523,NP-A-E154,NP,2026-06-11,30,2026-07-11,0,current_regime_2026_early_to_recent,random_forest,0.10838312162845039
separacion:4563,2026-0005384,CP-B808,CP,2026-06-11,7,2026-07-11,0,current_regime_2026_early_to_recent,random_forest,0.060798569996332395
separacion:4564,2026-0005299,NP-A2507,NP,2026-06-11,7,2026-07-11,0,current_regime_2026_early_to_recent,random_forest,0.10038905985783295
separacion:4577,2026-0005381,NP-A1710,NP,2026-06-11,7,2026-07-11,0,current_regime_2026_early_to_recent,random_forest,0.06903168554184874
separacion:4591,2026-0005535,NP-A-E163,NP,2026-06-11,0,2026-07-11,0,current_regime_2026_early_to_recent,random_forest,0.1084337557904974
separacion:4592,2026-0005534,MD-1701,MD,2026-06-11,0,2026-07-11,0,current_regime_2026_early_to_recent,random_forest,0.04611685866959394
separacion:4596,2026-0005566,NP-A1303,NP,2026-06-11,0,2026-07-11,0,current_regime_2026_early_to_recent,random_forest,0.06091115798023163
separacion:4106,2026-0002781,FX-E16,FX,2026-06-12,90,2026-07-12,0,current_regime_2026_early_to_recent,random_forest,0.1605774937442818
separacion:4370,2026-0004112,NP-A-E06,NP,2026-06-12,45,2026-07-12,0,current_regime_2026_early_to_recent,random_forest,0.09889167320329237
separacion:4599,2026-0005574,CP-E2,CP,2026-06-12,0,2026-07-12,0,current_regime_2026_early_to_recent,random_forest,0.07000676043345158
separacion:4107,2026-0002813,GY-303,GY,2026-06-13,90,2026-07-13,1,current_regime_2026_early_to_recent,random_forest,0.22920826786977205
separacion:4202,2026-0003313,NP-A2203,NP,2026-06-13,75,2026-07-13,0,current_regime_2026_early_to_recent,random_forest,0.228805645415627
separacion:4203,2026-0003315,NP-A2204,NP,2026-06-13,75,2026-07-13,0,current_regime_2026_early_to_recent,random_forest,0.228805645415627
separacion:4301,2026-0003630,NP-A-E08,NP,2026-06-13,60,2026-07-13,0,current_regime_2026_early_to_recent,random_forest,0.12048556340507403
separacion:4455,2026-0004548,NP-A1901,NP,2026-06-13,30,2026-07-13,1,current_regime_2026_early_to_recent,random_forest,0.26780916722657033
separacion:4457,2026-0004561,MT-B28,MT,2026-06-13,30,2026-07-13,0,current_regime_2026_early_to_recent,random_forest,0.10146882988258626
separacion:4544,2026-0005233,NP-A2104,NP,2026-06-13,14,2026-07-13,0,current_regime_2026_early_to_recent,random_forest,0.14118480170367326
separacion:4600,2026-0005594,TZ-39,TZ,2026-06-13,0,2026-07-13,0,current_regime_2026_early_to_recent,random_forest,0.05780718004096107
separacion:4601,2026-0005611,FX-E28,FX,2026-06-13,0,2026-07-13,0,current_regime_2026_early_to_recent,random_forest,0.11418153447452585
separacion:4602,2026-0005677,MD-1204,MD,2026-06-13,0,2026-07-13,0,current_regime_2026_early_to_recent,random_forest,0.042921912987240185
separacion:4463,2026-0004597,TZ-40,TZ,2026-06-14,30,2026-07-14,0,current_regime_2026_early_to_recent,random_forest,0.1398836761328943
separacion:4464,2026-0004616,TZ-43,TZ,2026-06-14,30,2026-07-14,0,current_regime_2026_early_to_recent,random_forest,0.1398836761328943
separacion:4550,2026-0005313,MT-A1202,MT,2026-06-14,14,2026-07-14,1,current_regime_2026_early_to_recent,random_forest,0.170845561070952
separacion:4603,2026-0005740,MD-405,MD,2026-06-14,0,2026-07-14,0,current_regime_2026_early_to_recent,random_forest,0.08057539866433223
separacion:4604,2026-0005781,SL-1001,SL,2026-06-14,0,2026-07-14,0,current_regime_2026_early_to_recent,random_forest,0.11340523820945667
separacion:4605,2026-0005789,NP-A2606,NP,2026-06-14,0,2026-07-14,0,current_regime_2026_early_to_recent,random_forest,0.05993607435940748
separacion:4606,2026-0005804,MD-E52,MD,2026-06-14,0,2026-07-14,0,current_regime_2026_early_to_recent,random_forest,0.10845719624019835
separacion:4122,2026-0002991,GY-D7,GY,2026-06-15,90,2026-07-15,0,current_regime_2026_early_to_recent,random_forest,0.2041986902938118
separacion:4389,2026-0004188,SL-E1,SL,2026-06-15,45,2026-07-15,0,current_regime_2026_early_to_recent,random_forest,0.19551061549587584
separacion:4582,2026-0005474,SL-1104,SL,2026-06-15,7,2026-07-15,0,current_regime_2026_early_to_recent,random_forest,0.18929204540089453
separacion:4609,2026-0005817,NP-A-E106,NP,2026-06-15,0,2026-07-15,0,current_regime_2026_early_to_recent,random_forest,0.21467110813802232
separacion:4611,2026-0005815,MD-1401,MD,2026-06-15,0,2026-07-15,0,current_regime_2026_early_to_recent,random_forest,0.1558274170249015
separacion:4131,2026-0003014,EEUU-E50,EEUU,2026-06-16,90,2026-07-16,0,current_regime_2026_early_to_recent,random_forest,0.07865679101509956
separacion:4479,2026-0004836,GY-1603,GY,2026-06-16,30,2026-07-16,0,current_regime_2026_early_to_recent,random_forest,0.29033854588262065
separacion:4480,2026-0004850,MD-1403,MD,2026-06-16,30,2026-07-16,1,current_regime_2026_early_to_recent,random_forest,0.2668707113262456
separacion:4553,2026-0005356,NP-A-E161,NP,2026-06-16,45,2026-07-16,0,current_regime_2026_early_to_recent,random_forest,0.10740961704148738
separacion:4555,2026-0005288,MD-E66,MD,2026-06-16,14,2026-07-16,0,current_regime_2026_early_to_recent,random_forest,0.09351127592164214
separacion:4625,2026-0005859,FX-1301,FX,2026-06-16,0,2026-07-16,0,current_regime_2026_early_to_recent,random_forest,0.11159959462159774
separacion:4136,2026-0003041,MT-A04,MT,2026-06-17,90,2026-07-17,0,current_regime_2026_early_to_recent,random_forest,0.0630352504254648
separacion:4484,2026-0004638,CP-E18,CP,2026-06-17,30,2026-07-17,0,current_regime_2026_early_to_recent,random_forest,0.10532025117264236
separacion:4648,2026-0005877,FX-1201,FX,2026-06-17,0,2026-07-17,0,current_regime_2026_early_to_recent,random_forest,0.1020112737819023
separacion:4649,2026-0005898,FX-1303,FX,2026-06-17,0,2026-07-17,0,current_regime_2026_early_to_recent,random_forest,0.11563136828106871
separacion:4650,2026-0005846,FX-505,FX,2026-06-17,0,2026-07-17,0,current_regime_2026_early_to_recent,random_forest,0.10379565932398674
separacion:4651,2026-0005821,CP-B1107,CP,2026-06-17,0,2026-07-17,0,current_regime_2026_early_to_recent,random_forest,0.06327219505884794
separacion:4652,2026-0005915,SL-303,SL,2026-06-17,0,2026-07-17,0,current_regime_2026_early_to_recent,random_forest,0.07763253229919297
separacion:4140,2026-0003067,GY-14,GY,2026-06-18,90,2026-07-18,0,current_regime_2026_early_to_recent,random_forest,0.1298778124765584
separacion:4400,2026-0004310,NP-A-E134,NP,2026-06-18,45,2026-07-18,0,current_regime_2026_early_to_recent,random_forest,0.10247879407670497
separacion:4563,2026-0005384,CP-B808,CP,2026-06-18,14,2026-07-18,0,current_regime_2026_early_to_recent,random_forest,0.1529881989097407
separacion:4591,2026-0005535,NP-A-E163,NP,2026-06-18,7,2026-07-18,0,current_regime_2026_early_to_recent,random_forest,0.10157389486271055
separacion:4592,2026-0005534,MD-1701,MD,2026-06-18,7,2026-07-18,0,current_regime_2026_early_to_recent,random_forest,0.0673259536481585
separacion:4596,2026-0005566,NP-A1303,NP,2026-06-18,7,2026-07-18,0,current_regime_2026_early_to_recent,random_forest,0.08112823486432989
separacion:4655,2026-0005954,EEUU-E1,EEUU,2026-06-18,0,2026-07-18,0,current_regime_2026_early_to_recent,random_forest,0.11895286009059623
separacion:4403,2026-0004320,MD-E97,MD,2026-06-19,45,2026-07-19,0,current_regime_2026_early_to_recent,random_forest,0.09241011348460841
separacion:4599,2026-0005574,CP-E2,CP,2026-06-19,7,2026-07-19,0,current_regime_2026_early_to_recent,random_forest,0.06069089327104333
separacion:4664,2026-0005875,NP-A2609,NP,2026-06-19,0,2026-07-19,0,current_regime_2026_early_to_recent,random_forest,0.06085243742542245
separacion:4148,2026-0003118,GY-43,GY,2026-06-20,90,2026-07-20,0,current_regime_2026_early_to_recent,random_forest,0.11500232641729663
separacion:4210,2026-0003409,SL-E4,SL,2026-06-20,75,2026-07-20,0,current_regime_2026_early_to_recent,random_forest,0.09651945818237609
separacion:4213,2026-0003412,MT-A54,MT,2026-06-20,75,2026-07-20,0,current_regime_2026_early_to_recent,random_forest,0.062378705527979535
separacion:4216,2026-0003420,CP-E87,CP,2026-06-20,75,2026-07-20,0,current_regime_2026_early_to_recent,random_forest,0.09198452784765183
separacion:4337,2026-0003807,CP-E60,CP,2026-06-20,60,2026-07-20,0,current_regime_2026_early_to_recent,random_forest,0.10623232091073506
separacion:4409,2026-0004351,SL-E47,SL,2026-06-20,45,2026-07-20,0,current_regime_2026_early_to_recent,random_forest,0.11096706706943346
separacion:4413,2026-0004374,MT-B24,MT,2026-06-20,45,2026-07-20,0,current_regime_2026_early_to_recent,random_forest,0.07408946815787963
separacion:4544,2026-0005233,NP-A2104,NP,2026-06-20,21,2026-07-20,0,current_regime_2026_early_to_recent,random_forest,0.24599936092229488
separacion:4600,2026-0005594,TZ-39,TZ,2026-06-20,7,2026-07-20,0,current_regime_2026_early_to_recent,random_forest,0.05501167169877629
separacion:4601,2026-0005611,FX-E28,FX,2026-06-20,7,2026-07-20,0,current_regime_2026_early_to_recent,random_forest,0.10916988791518138
separacion:4673,2026-0005998,GY-506,GY,2026-06-20,0,2026-07-20,0,current_regime_2026_early_to_recent,random_forest,0.09336825995740845
separacion:4153,2026-0003145,GY-27,GY,2026-06-21,90,2026-07-21,0,current_regime_2026_early_to_recent,random_forest,0.11947499056178781
separacion:4343,2026-0003846,FX-E43,FX,2026-06-21,60,2026-07-21,0,current_regime_2026_early_to_recent,random_forest,0.19175688935802832
separacion:4550,2026-0005313,MT-A1202,MT,2026-06-21,21,2026-07-21,1,current_regime_2026_early_to_recent,random_forest,0.23617355948261806
separacion:4603,2026-0005740,MD-405,MD,2026-06-21,7,2026-07-21,0,current_regime_2026_early_to_recent,random_forest,0.1268646297379983
separacion:4604,2026-0005781,SL-1001,SL,2026-06-21,7,2026-07-21,0,current_regime_2026_early_to_recent,random_forest,0.14809839286347798
separacion:4605,2026-0005789,NP-A2606,NP,2026-06-21,7,2026-07-21,0,current_regime_2026_early_to_recent,random_forest,0.09947534241173006
separacion:4606,2026-0005804,MD-E52,MD,2026-06-21,7,2026-07-21,1,current_regime_2026_early_to_recent,random_forest,0.11859531958834302
separacion:4163,2026-0003190,MD-E18,MD,2026-06-22,90,2026-07-22,0,current_regime_2026_early_to_recent,random_forest,0.1502946110727388
separacion:4582,2026-0005474,SL-1104,SL,2026-06-22,14,2026-07-22,0,current_regime_2026_early_to_recent,random_forest,0.25670137877371585
separacion:4609,2026-0005817,NP-A-E106,NP,2026-06-22,7,2026-07-22,0,current_regime_2026_early_to_recent,random_forest,0.22769835097851956
separacion:4611,2026-0005815,MD-1401,MD,2026-06-22,7,2026-07-22,0,current_regime_2026_early_to_recent,random_forest,0.19319184167568046
separacion:4678,2026-0006039,MT-A601,MT,2026-06-22,0,2026-07-22,0,current_regime_2026_early_to_recent,random_forest,0.15157336028231896
separacion:4679,2026-0006048,NP-A-E165,NP,2026-06-22,0,2026-07-22,0,current_regime_2026_early_to_recent,random_forest,0.24318438331633252
separacion:4684,2026-0006056,SL-E12,SL,2026-06-22,0,2026-07-22,0,current_regime_2026_early_to_recent,random_forest,0.20129858108152937
separacion:4687,2026-0006060,MT-A1006,MT,2026-06-22,0,2026-07-22,0,current_regime_2026_early_to_recent,random_forest,0.15157336028231896
separacion:4164,2026-0003197,NP-A-E19,NP,2026-06-23,90,2026-07-23,0,current_regime_2026_early_to_recent,random_forest,0.09449922176690985
separacion:4288,2026-0003484,MT-A27,MT,2026-06-23,75,2026-07-23,0,current_regime_2026_early_to_recent,random_forest,0.0618056638355841
separacion:4290,2026-0003499,MT-A45,MT,2026-06-23,75,2026-07-23,0,current_regime_2026_early_to_recent,random_forest,0.0618056638355841
separacion:4363,2026-0003941,GY-33,GY,2026-06-23,60,2026-07-23,0,current_regime_2026_early_to_recent,random_forest,0.14322599917671788
separacion:4555,2026-0005288,MD-E66,MD,2026-06-23,21,2026-07-23,0,current_regime_2026_early_to_recent,random_forest,0.10482899356549781
separacion:4625,2026-0005859,FX-1301,FX,2026-06-23,7,2026-07-23,0,current_regime_2026_early_to_recent,random_forest,0.11288846362071776
separacion:4708,2026-0006085,GY-1401,GY,2026-06-23,0,2026-07-23,0,current_regime_2026_early_to_recent,random_forest,0.1664224741751853
separacion:4166,2026-0003221,CP-E52,CP,2026-06-24,90,2026-07-24,0,current_regime_2026_early_to_recent,random_forest,0.09223633943714234
separacion:4295,2026-0003502,SL-E7,SL,2026-06-24,75,2026-07-24,0,current_regime_2026_early_to_recent,random_forest,0.1020433174649281
separacion:4365,2026-0003981,TZ-19,TZ,2026-06-24,60,2026-07-24,0,current_regime_2026_early_to_recent,random_forest,0.0950846787993296
separacion:4648,2026-0005877,FX-1201,FX,2026-06-24,7,2026-07-24,0,current_regime_2026_early_to_recent,random_forest,0.1063927897741482
separacion:4649,2026-0005898,FX-1303,FX,2026-06-24,7,2026-07-24,0,current_regime_2026_early_to_recent,random_forest,0.11858751259880958
separacion:4650,2026-0005846,FX-505,FX,2026-06-24,7,2026-07-24,0,current_regime_2026_early_to_recent,random_forest,0.12182682704349553
separacion:4651,2026-0005821,CP-B1107,CP,2026-06-24,7,2026-07-24,0,current_regime_2026_early_to_recent,random_forest,0.07589018464460484
separacion:4652,2026-0005915,SL-303,SL,2026-06-24,7,2026-07-24,0,current_regime_2026_early_to_recent,random_forest,0.0876442868856023
separacion:4591,2026-0005535,NP-A-E163,NP,2026-06-25,14,2026-07-25,0,current_regime_2026_early_to_recent,random_forest,0.09811341899355205
separacion:4592,2026-0005534,MD-1701,MD,2026-06-25,14,2026-07-25,0,current_regime_2026_early_to_recent,random_forest,0.1591415675640265
separacion:4596,2026-0005566,NP-A1303,NP,2026-06-25,14,2026-07-25,0,current_regime_2026_early_to_recent,random_forest,0.16502275923031534
separacion:4192,2026-0003243,CP-B1306,CP,2026-06-26,90,2026-07-26,0,current_regime_2026_early_to_recent,random_forest,0.10355953363351214
separacion:4193,2026-0003246,NP-A-E138,NP,2026-06-26,90,2026-07-26,0,current_regime_2026_early_to_recent,random_forest,0.0876769008243377
separacion:4367,2026-0004067,TZ-50,TZ,2026-06-26,60,2026-07-26,0,current_regime_2026_early_to_recent,random_forest,0.11271659323426755
separacion:4451,2026-0004523,NP-A-E154,NP,2026-06-26,45,2026-07-26,0,current_regime_2026_early_to_recent,random_forest,0.09889167320329237
separacion:4599,2026-0005574,CP-E2,CP,2026-06-26,14,2026-07-26,0,current_regime_2026_early_to_recent,random_forest,0.0830325410132343
separacion:4370,2026-0004112,NP-A-E06,NP,2026-06-27,60,2026-07-27,0,current_regime_2026_early_to_recent,random_forest,0.10230365545600127
separacion:4600,2026-0005594,TZ-39,TZ,2026-06-27,14,2026-07-27,0,current_regime_2026_early_to_recent,random_forest,0.08510214521457443
separacion:4601,2026-0005611,FX-E28,FX,2026-06-27,14,2026-07-27,0,current_regime_2026_early_to_recent,random_forest,0.15570138155476493
separacion:4742,2026-0006180,MT-A702,MT,2026-06-27,0,2026-07-27,0,current_regime_2026_early_to_recent,random_forest,0.055725186278320286
separacion:4743,2026-0006183,MD-E49,MD,2026-06-27,0,2026-07-27,0,current_regime_2026_early_to_recent,random_forest,0.05444725049255414
separacion:4202,2026-0003313,NP-A2203,NP,2026-06-28,90,2026-07-28,0,current_regime_2026_early_to_recent,random_forest,0.23544834989813146
separacion:4203,2026-0003315,NP-A2204,NP,2026-06-28,90,2026-07-28,0,current_regime_2026_early_to_recent,random_forest,0.23544834989813146
separacion:4301,2026-0003630,NP-A-E08,NP,2026-06-28,75,2026-07-28,0,current_regime_2026_early_to_recent,random_forest,0.11520426222724611
separacion:4455,2026-0004548,NP-A1901,NP,2026-06-28,45,2026-07-28,1,current_regime_2026_early_to_recent,random_forest,0.2652925158344715
separacion:4457,2026-0004561,MT-B28,MT,2026-06-28,45,2026-07-28,0,current_regime_2026_early_to_recent,random_forest,0.11620931930815967
separacion:4604,2026-0005781,SL-1001,SL,2026-06-28,14,2026-07-28,0,current_regime_2026_early_to_recent,random_forest,0.20000092883972637
separacion:4606,2026-0005804,MD-E52,MD,2026-06-28,14,2026-07-28,1,current_regime_2026_early_to_recent,random_forest,0.11114301992309594
separacion:4745,2026-0006261,NP-A-E77,NP,2026-06-28,0,2026-07-28,0,current_regime_2026_early_to_recent,random_forest,0.10244838691422511
separacion:4746,2026-0006279,NP-A2607,NP,2026-06-28,0,2026-07-28,0,current_regime_2026_early_to_recent,random_forest,0.05993607435940748
separacion:4463,2026-0004597,TZ-40,TZ,2026-06-29,45,2026-07-29,0,current_regime_2026_early_to_recent,random_forest,0.18867275409667986
separacion:4464,2026-0004616,TZ-43,TZ,2026-06-29,45,2026-07-29,0,current_regime_2026_early_to_recent,random_forest,0.18867275409667986
separacion:4544,2026-0005233,NP-A2104,NP,2026-06-29,30,2026-07-29,0,current_regime_2026_early_to_recent,random_forest,0.3857581849934418
separacion:4609,2026-0005817,NP-A-E106,NP,2026-06-29,14,2026-07-29,0,current_regime_2026_early_to_recent,random_forest,0.2395594897049015
separacion:4611,2026-0005815,MD-1401,MD,2026-06-29,14,2026-07-29,0,current_regime_2026_early_to_recent,random_forest,0.26760201718935556
separacion:4679,2026-0006048,NP-A-E165,NP,2026-06-29,7,2026-07-29,0,current_regime_2026_early_to_recent,random_forest,0.256417519958058
separacion:4684,2026-0006056,SL-E12,SL,2026-06-29,7,2026-07-29,0,current_regime_2026_early_to_recent,random_forest,0.20109105633729427
separacion:4389,2026-0004188,SL-E1,SL,2026-06-30,60,2026-07-30,0,current_regime_2026_early_to_recent,random_forest,0.11169958265947189
separacion:4550,2026-0005313,MT-A1202,MT,2026-06-30,30,2026-07-30,1,current_regime_2026_early_to_recent,random_forest,0.23169362418001208
separacion:4625,2026-0005859,FX-1301,FX,2026-06-30,14,2026-07-30,0,current_regime_2026_early_to_recent,random_forest,0.21307316793620448
separacion:4708,2026-0006085,GY-1401,GY,2026-06-30,7,2026-07-30,0,current_regime_2026_early_to_recent,random_forest,0.12545231132851586
separacion:4752,2026-0006331,NP-A2107,NP,2026-06-30,0,2026-07-30,0,current_regime_2026_early_to_recent,random_forest,0.07421099827891099
separacion:4553,2026-0005356,NP-A-E161,NP,2026-07-01,60,2026-07-31,0,current_regime_2026_early_to_recent,random_forest,0.10490488737121759
separacion:4648,2026-0005877,FX-1201,FX,2026-07-01,14,2026-07-31,0,current_regime_2026_early_to_recent,random_forest,0.20732531222352926
separacion:4649,2026-0005898,FX-1303,FX,2026-07-01,14,2026-07-31,0,current_regime_2026_early_to_recent,random_forest,0.22408794938621482
separacion:4484,2026-0004638,CP-E18,CP,2026-07-02,45,2026-08-01,0,current_regime_2026_early_to_recent,random_forest,0.10129965952992497
separacion:4555,2026-0005288,MD-E66,MD,2026-07-02,30,2026-08-01,0,current_regime_2026_early_to_recent,random_forest,0.10150834050695061
separacion:4591,2026-0005535,NP-A-E163,NP,2026-07-02,21,2026-08-01,0,current_regime_2026_early_to_recent,random_forest,0.11316705434265265
separacion:4596,2026-0005566,NP-A1303,NP,2026-07-02,21,2026-08-01,0,current_regime_2026_early_to_recent,random_forest,0.2588365030702725
separacion:4400,2026-0004310,NP-A-E134,NP,2026-07-03,60,2026-08-02,0,current_regime_2026_early_to_recent,random_forest,0.09936556197902437
separacion:4599,2026-0005574,CP-E2,CP,2026-07-03,21,2026-08-02,0,current_regime_2026_early_to_recent,random_forest,0.10756011136271873
separacion:4761,2026-0006417,FX-201,FX,2026-07-03,0,2026-08-02,1,current_regime_2026_early_to_recent,random_forest,0.12319132849822774
separacion:4403,2026-0004320,MD-E97,MD,2026-07-04,60,2026-08-03,0,current_regime_2026_early_to_recent,random_forest,0.0930954948032704
separacion:4601,2026-0005611,FX-E28,FX,2026-07-04,21,2026-08-03,0,current_regime_2026_early_to_recent,random_forest,0.1785226618125715
separacion:4743,2026-0006183,MD-E49,MD,2026-07-04,7,2026-08-03,0,current_regime_2026_early_to_recent,random_forest,0.05784564238246147
separacion:4762,2026-0006421,TZ-28,TZ,2026-07-04,0,2026-08-03,0,current_regime_2026_early_to_recent,random_forest,0.05780718004096107
separacion:4210,2026-0003409,SL-E4,SL,2026-07-05,90,2026-08-04,0,current_regime_2026_early_to_recent,random_forest,0.11171074259811176
separacion:4213,2026-0003412,MT-A54,MT,2026-07-05,90,2026-08-04,0,current_regime_2026_early_to_recent,random_forest,0.0788164007822501
separacion:4216,2026-0003420,CP-E87,CP,2026-07-05,90,2026-08-04,0,current_regime_2026_early_to_recent,random_forest,0.10533850850578891
separacion:4337,2026-0003807,CP-E60,CP,2026-07-05,75,2026-08-04,0,current_regime_2026_early_to_recent,random_forest,0.10533850850578891
separacion:4409,2026-0004351,SL-E47,SL,2026-07-05,60,2026-08-04,0,current_regime_2026_early_to_recent,random_forest,0.12331240541772867
separacion:4413,2026-0004374,MT-B24,MT,2026-07-05,60,2026-08-04,0,current_regime_2026_early_to_recent,random_forest,0.08776273672402328
separacion:4604,2026-0005781,SL-1001,SL,2026-07-05,21,2026-08-04,0,current_regime_2026_early_to_recent,random_forest,0.28948685945343494
separacion:4606,2026-0005804,MD-E52,MD,2026-07-05,21,2026-08-04,1,current_regime_2026_early_to_recent,random_forest,0.1181830277649708
separacion:4745,2026-0006261,NP-A-E77,NP,2026-07-05,7,2026-08-04,0,current_regime_2026_early_to_recent,random_forest,0.11176558155885355
separacion:4343,2026-0003846,FX-E43,FX,2026-07-06,75,2026-08-05,0,current_regime_2026_early_to_recent,random_forest,0.18812205615490765
separacion:4609,2026-0005817,NP-A-E106,NP,2026-07-06,21,2026-08-05,0,current_regime_2026_early_to_recent,random_forest,0.24241970345708194
separacion:4611,2026-0005815,MD-1401,MD,2026-07-06,21,2026-08-05,0,current_regime_2026_early_to_recent,random_forest,0.3240466684494134
separacion:4679,2026-0006048,NP-A-E165,NP,2026-07-06,14,2026-08-05,0,current_regime_2026_early_to_recent,random_forest,0.25313918128399004
separacion:4684,2026-0006056,SL-E12,SL,2026-07-06,14,2026-08-05,0,current_regime_2026_early_to_recent,random_forest,0.2038755947587416
separacion:4773,2026-0006518,MD-2106,MD,2026-07-06,0,2026-08-05,0,current_regime_2026_early_to_recent,random_forest,0.1558274170249015
separacion:4625,2026-0005859,FX-1301,FX,2026-07-07,21,2026-08-06,0,current_regime_2026_early_to_recent,random_forest,0.29286737732506596
separacion:4708,2026-0006085,GY-1401,GY,2026-07-07,14,2026-08-06,0,current_regime_2026_early_to_recent,random_forest,0.1858681380349337
separacion:4775,2026-0006528,NP-A1306,NP,2026-07-07,0,2026-08-06,0,current_regime_2026_early_to_recent,random_forest,0.07421099827891099
separacion:4777,2026-0006546,GY-1602,GY,2026-07-07,0,2026-08-06,0,current_regime_2026_early_to_recent,random_forest,0.1664224741751853
separacion:4288,2026-0003484,MT-A27,MT,2026-07-08,90,2026-08-07,0,current_regime_2026_early_to_recent,random_forest,0.0630352504254648
separacion:4290,2026-0003499,MT-A45,MT,2026-07-08,90,2026-08-07,0,current_regime_2026_early_to_recent,random_forest,0.0630352504254648
separacion:4363,2026-0003941,GY-33,GY,2026-07-08,75,2026-08-07,0,current_regime_2026_early_to_recent,random_forest,0.13213727825449237
separacion:4648,2026-0005877,FX-1201,FX,2026-07-08,21,2026-08-07,0,current_regime_2026_early_to_recent,random_forest,0.28442177627684667
separacion:4649,2026-0005898,FX-1303,FX,2026-07-08,21,2026-08-07,0,current_regime_2026_early_to_recent,random_forest,0.3057425596517942
separacion:4295,2026-0003502,SL-E7,SL,2026-07-09,90,2026-08-08,0,current_regime_2026_early_to_recent,random_forest,0.09733922233006798
separacion:4365,2026-0003981,TZ-19,TZ,2026-07-09,75,2026-08-08,0,current_regime_2026_early_to_recent,random_forest,0.0793523877639981
separacion:4798,2026-0006629,TZ-27,TZ,2026-07-10,0,2026-08-09,0,current_regime_2026_early_to_recent,random_forest,0.07623017398897775
separacion:4451,2026-0004523,NP-A-E154,NP,2026-07-11,60,2026-08-10,0,current_regime_2026_early_to_recent,random_forest,0.10230365545600127
separacion:4591,2026-0005535,NP-A-E163,NP,2026-07-11,30,2026-08-10,0,current_regime_2026_early_to_recent,random_forest,0.10701543448337256
separacion:4596,2026-0005566,NP-A1303,NP,2026-07-11,30,2026-08-10,0,current_regime_2026_early_to_recent,random_forest,0.26780916722657033
separacion:4743,2026-0006183,MD-E49,MD,2026-07-11,14,2026-08-10,0,current_regime_2026_early_to_recent,random_forest,0.08271001784255815
separacion:4762,2026-0006421,TZ-28,TZ,2026-07-11,7,2026-08-10,0,current_regime_2026_early_to_recent,random_forest,0.05501167169877629
separacion:4803,2026-0006693,SL-1606,SL,2026-07-11,0,2026-08-10,0,current_regime_2026_early_to_recent,random_forest,0.06497781506840954
separacion:4370,2026-0004112,NP-A-E06,NP,2026-07-12,75,2026-08-11,0,current_regime_2026_early_to_recent,random_forest,0.09971356682379767
separacion:4599,2026-0005574,CP-E2,CP,2026-07-12,30,2026-08-11,0,current_regime_2026_early_to_recent,random_forest,0.12947792095838914
separacion:4745,2026-0006261,NP-A-E77,NP,2026-07-12,14,2026-08-11,0,current_regime_2026_early_to_recent,random_forest,0.10578293508208607
separacion:4804,2026-0006713,CP-B908,CP,2026-07-12,0,2026-08-11,0,current_regime_2026_early_to_recent,random_forest,0.07480072262231154
separacion:4805,2026-0006709,MT-A1205,MT,2026-07-12,0,2026-08-11,0,current_regime_2026_early_to_recent,random_forest,0.08983027793310143
separacion:4301,2026-0003630,NP-A-E08,NP,2026-07-13,90,2026-08-12,0,current_regime_2026_early_to_recent,random_forest,0.20865756481718087
separacion:4457,2026-0004561,MT-B28,MT,2026-07-13,60,2026-08-12,0,current_regime_2026_early_to_recent,random_forest,0.15465049794120403
separacion:4601,2026-0005611,FX-E28,FX,2026-07-13,30,2026-08-12,0,current_regime_2026_early_to_recent,random_forest,0.21132275785520122
separacion:4679,2026-0006048,NP-A-E165,NP,2026-07-13,21,2026-08-12,0,current_regime_2026_early_to_recent,random_forest,0.24762054762207156
separacion:4684,2026-0006056,SL-E12,SL,2026-07-13,21,2026-08-12,0,current_regime_2026_early_to_recent,random_forest,0.2054372364072445
separacion:4809,2026-0006749,NP-A-E169,NP,2026-07-13,0,2026-08-12,1,current_regime_2026_early_to_recent,random_forest,0.24318438331633252
separacion:4810,2026-0006752,NP-A-E16,NP,2026-07-13,0,2026-08-12,0,current_regime_2026_early_to_recent,random_forest,0.24318438331633252
separacion:4811,2026-0006758,MT-A602,MT,2026-07-13,0,2026-08-12,1,current_regime_2026_early_to_recent,random_forest,0.15157336028231896
separacion:4463,2026-0004597,TZ-40,TZ,2026-07-14,60,2026-08-13,0,current_regime_2026_early_to_recent,random_forest,0.11185626005392198
separacion:4464,2026-0004616,TZ-43,TZ,2026-07-14,60,2026-08-13,0,current_regime_2026_early_to_recent,random_forest,0.11185626005392198
separacion:4606,2026-0005804,MD-E52,MD,2026-07-14,30,2026-08-13,1,current_regime_2026_early_to_recent,random_forest,0.10072854053047471
separacion:4775,2026-0006528,NP-A1306,NP,2026-07-14,7,2026-08-13,0,current_regime_2026_early_to_recent,random_forest,0.09048625970706907
separacion:4777,2026-0006546,GY-1602,GY,2026-07-14,7,2026-08-13,0,current_regime_2026_early_to_recent,random_forest,0.12545231132851586
separacion:4389,2026-0004188,SL-E1,SL,2026-07-15,75,2026-08-14,0,current_regime_2026_early_to_recent,random_forest,0.1020433174649281
separacion:4609,2026-0005817,NP-A-E106,NP,2026-07-15,30,2026-08-14,0,current_regime_2026_early_to_recent,random_forest,0.12278766756537662
separacion:4611,2026-0005815,MD-1401,MD,2026-07-15,30,2026-08-14,1,current_regime_2026_early_to_recent,random_forest,0.2733763679610265
separacion:4553,2026-0005356,NP-A-E161,NP,2026-07-16,75,2026-08-15,0,current_regime_2026_early_to_recent,random_forest,0.0906390216977503
separacion:4625,2026-0005859,FX-1301,FX,2026-07-16,30,2026-08-15,0,current_regime_2026_early_to_recent,random_forest,0.3237957938668009
separacion:4817,2026-0006802,CP-E78,CP,2026-07-16,0,2026-08-15,0,current_regime_2026_early_to_recent,random_forest,0.10584368279749976
separacion:4818,2026-0006805,MD-E29,MD,2026-07-16,0,2026-08-15,1,current_regime_2026_early_to_recent,random_forest,0.0941960884563195
separacion:4823,2026-0006814,GY-806,GY,2026-07-16,0,2026-08-15,0,current_regime_2026_early_to_recent,random_forest,0.17085968096456575
separacion:4824,2026-0006815,GY-42,GY,2026-07-16,0,2026-08-15,0,current_regime_2026_early_to_recent,random_forest,0.22837326817248876
separacion:4484,2026-0004638,CP-E18,CP,2026-07-17,60,2026-08-16,0,current_regime_2026_early_to_recent,random_forest,0.09401258993607713
separacion:4555,2026-0005288,MD-E66,MD,2026-07-17,45,2026-08-16,0,current_regime_2026_early_to_recent,random_forest,0.09532088986902226
separacion:4798,2026-0006629,TZ-27,TZ,2026-07-17,7,2026-08-16,0,current_regime_2026_early_to_recent,random_forest,0.0673082156985201
separacion:4400,2026-0004310,NP-A-E134,NP,2026-07-18,75,2026-08-17,0,current_regime_2026_early_to_recent,random_forest,0.09061499430131466
separacion:4743,2026-0006183,MD-E49,MD,2026-07-18,21,2026-08-17,0,current_regime_2026_early_to_recent,random_forest,0.10513448237819997
separacion:4762,2026-0006421,TZ-28,TZ,2026-07-18,14,2026-08-17,0,current_regime_2026_early_to_recent,random_forest,0.08510214521457443
separacion:4803,2026-0006693,SL-1606,SL,2026-07-18,7,2026-08-17,0,current_regime_2026_early_to_recent,random_forest,0.08217160416979906
separacion:4858,2026-0006846,FX-204,FX,2026-07-18,0,2026-08-17,0,current_regime_2026_early_to_recent,random_forest,0.10248665156597125
separacion:4859,2026-0006847,MD-1302,MD,2026-07-18,0,2026-08-17,0,current_regime_2026_early_to_recent,random_forest,0.042921912987240185
separacion:4860,2026-0006852,MT-A501,MT,2026-07-18,0,2026-08-17,0,current_regime_2026_early_to_recent,random_forest,0.055725186278320286
separacion:4403,2026-0004320,MD-E97,MD,2026-07-19,75,2026-08-18,0,current_regime_2026_early_to_recent,random_forest,0.08911420890310677
separacion:4745,2026-0006261,NP-A-E77,NP,2026-07-19,21,2026-08-18,0,current_regime_2026_early_to_recent,random_forest,0.11836204952584214
separacion:4805,2026-0006709,MT-A1205,MT,2026-07-19,7,2026-08-18,0,current_regime_2026_early_to_recent,random_forest,0.11104984906214639
separacion:4122,2026-0002991,GY-D7,GY,2026-05-01,45,2026-05-31,0,current_regime_2026_early_to_recent,hist_gradient_boosting,0.11437611930812423
separacion:4295,2026-0003502,SL-E7,SL,2026-05-01,21,2026-05-31,0,current_regime_2026_early_to_recent,hist_gradient_boosting,0.0875448718017808
separacion:4363,2026-0003941,GY-33,GY,2026-05-01,7,2026-05-31,0,current_regime_2026_early_to_recent,hist_gradient_boosting,0.22554032153210177
separacion:4389,2026-0004188,SL-E1,SL,2026-05-01,0,2026-05-31,0,current_regime_2026_early_to_recent,hist_gradient_boosting,0.175683560398004
separacion:4131,2026-0003014,EEUU-E50,EEUU,2026-05-02,45,2026-06-01,0,current_regime_2026_early_to_recent,hist_gradient_boosting,0.04152784497368488
separacion:4365,2026-0003981,TZ-19,TZ,2026-05-02,7,2026-06-01,0,current_regime_2026_early_to_recent,hist_gradient_boosting,0.02928665886744726
separacion:4393,2026-0004251,CP-B507,CP,2026-05-02,0,2026-06-01,0,current_regime_2026_early_to_recent,hist_gradient_boosting,0.003299950183141227
separacion:4394,2026-0004235,FX-304,FX,2026-05-02,0,2026-06-01,0,current_regime_2026_early_to_recent,hist_gradient_boosting,0.02225582102563369
separacion:4395,2026-0004267,GY-605,GY,2026-05-02,0,2026-06-01,0,current_regime_2026_early_to_recent,hist_gradient_boosting,0.01749872763691884
separacion:4553,2026-0005356,NP-A-E161,NP,2026-05-02,0,2026-06-01,0,current_regime_2026_early_to_recent,hist_gradient_boosting,0.02455404142923458
separacion:4014,2026-0001698,EEUU-E48,EEUU,2026-05-03,75,2026-06-02,0,current_regime_2026_early_to_recent,hist_gradient_boosting,0.06867293621863849
separacion:4136,2026-0003041,MT-A04,MT,2026-05-03,45,2026-06-02,0,current_regime_2026_early_to_recent,hist_gradient_boosting,0.09428972158945924
separacion:4366,2026-0004062,NP-A2306,NP,2026-05-03,7,2026-06-02,0,current_regime_2026_early_to_recent,hist_gradient_boosting,0.042065174499612626
separacion:4140,2026-0003067,GY-14,GY,2026-05-04,45,2026-06-03,0,current_regime_2026_early_to_recent,hist_gradient_boosting,0.3974192266176854
separacion:4367,2026-0004067,TZ-50,TZ,2026-05-04,7,2026-06-03,0,current_regime_2026_early_to_recent,hist_gradient_boosting,0.1015570569809441
separacion:4400,2026-0004310,NP-A-E134,NP,2026-05-04,0,2026-06-03,0,current_regime_2026_early_to_recent,hist_gradient_boosting,0.5384080229335397
separacion:4401,2026-0004311,MD-1901,MD,2026-05-04,0,2026-06-03,0,current_regime_2026_early_to_recent,hist_gradient_boosting,0.029029596326448026
separacion:4026,2026-0001742,CP-E27,CP,2026-05-05,75,2026-06-04,0,current_regime_2026_early_to_recent,hist_gradient_boosting,0.02426642128526532
separacion:4301,2026-0003630,NP-A-E08,NP,2026-05-05,21,2026-06-04,0,current_regime_2026_early_to_recent,hist_gradient_boosting,0.043968696036907194
separacion:4336,2026-0003787,FX-603,FX,2026-05-05,14,2026-06-04,1,current_regime_2026_early_to_recent,hist_gradient_boosting,0.0443329686331951
separacion:4337,2026-0003807,CP-E60,CP,2026-05-05,14,2026-06-04,0,current_regime_2026_early_to_recent,hist_gradient_boosting,0.00883742490761877
separacion:4370,2026-0004112,NP-A-E06,NP,2026-05-05,7,2026-06-04,0,current_regime_2026_early_to_recent,hist_gradient_boosting,0.03275316757019298
separacion:4402,2026-0004319,MD-1803,MD,2026-05-05,0,2026-06-04,0,current_regime_2026_early_to_recent,hist_gradient_boosting,0.0016947171483725546
separacion:4403,2026-0004320,MD-E97,MD,2026-05-05,0,2026-06-04,0,current_regime_2026_early_to_recent,hist_gradient_boosting,0.010016529207924533
separacion:4405,2026-0004331,NP-A1501,NP,2026-05-05,0,2026-06-04,0,current_regime_2026_early_to_recent,hist_gradient_boosting,0.016426060324844026
separacion:4407,2026-0004338,NP-A2210,NP,2026-05-05,0,2026-06-04,0,current_regime_2026_early_to_recent,hist_gradient_boosting,0.016426060324844026
separacion:4148,2026-0003118,GY-43,GY,2026-05-06,45,2026-06-05,0,current_regime_2026_early_to_recent,hist_gradient_boosting,0.2727704308041788
separacion:4150,2026-0003125,NP-A1304,NP,2026-05-06,45,2026-06-05,1,current_regime_2026_early_to_recent,hist_gradient_boosting,0.38094902876879017
separacion:4210,2026-0003409,SL-E4,SL,2026-05-06,30,2026-06-05,0,current_regime_2026_early_to_recent,hist_gradient_boosting,0.09865557725230374
separacion:4213,2026-0003412,MT-A54,MT,2026-05-06,30,2026-06-05,0,current_regime_2026_early_to_recent,hist_gradient_boosting,0.026436460800133264
separacion:4216,2026-0003420,CP-E87,CP,2026-05-06,30,2026-06-05,0,current_regime_2026_early_to_recent,hist_gradient_boosting,0.04109927836254295
separacion:4343,2026-0003846,FX-E43,FX,2026-05-06,14,2026-06-05,0,current_regime_2026_early_to_recent,hist_gradient_boosting,0.16358818073078002
separacion:4345,2026-0003857,GY-801,GY,2026-05-06,14,2026-06-05,0,current_regime_2026_early_to_recent,hist_gradient_boosting,0.2936999062118319
separacion:4408,2026-0004330,SL-1308,SL,2026-05-06,0,2026-06-05,0,current_regime_2026_early_to_recent,hist_gradient_boosting,0.012093961075552322
separacion:4409,2026-0004351,SL-E47,SL,2026-05-06,0,2026-06-05,0,current_regime_2026_early_to_recent,hist_gradient_boosting,0.26897486748769134
separacion:4413,2026-0004374,MT-B24,MT,2026-05-06,0,2026-06-05,0,current_regime_2026_early_to_recent,hist_gradient_boosting,0.11338755956334849
separacion:4153,2026-0003145,GY-27,GY,2026-05-07,45,2026-06-06,0,current_regime_2026_early_to_recent,hist_gradient_boosting,0.27251225493933395
separacion:4352,2026-0003901,EEUU-503,EEUU,2026-05-07,14,2026-06-06,0,current_regime_2026_early_to_recent,hist_gradient_boosting,0.11071108009901012
separacion:4384,2026-0004153,CP-B705,CP,2026-05-07,7,2026-06-06,0,current_regime_2026_early_to_recent,hist_gradient_boosting,0.019652883979718795
separacion:4385,2026-0004150,GY-201,GY,2026-05-07,7,2026-06-06,0,current_regime_2026_early_to_recent,hist_gradient_boosting,0.19272652651743402
separacion:4415,2026-0004385,EEUU-1404,EEUU,2026-05-07,0,2026-06-06,0,current_regime_2026_early_to_recent,hist_gradient_boosting,0.036622541127991175
separacion:4416,2026-0004370,TZ-106,TZ,2026-05-07,0,2026-06-06,0,current_regime_2026_early_to_recent,hist_gradient_boosting,0.006723335996230497
separacion:4417,2026-0004387,FX-405,FX,2026-05-07,0,2026-06-06,0,current_regime_2026_early_to_recent,hist_gradient_boosting,0.05582447433282483
separacion:4163,2026-0003190,MD-E18,MD,2026-05-08,45,2026-06-07,0,current_regime_2026_early_to_recent,hist_gradient_boosting,0.034466642583221345
separacion:4363,2026-0003941,GY-33,GY,2026-05-08,14,2026-06-07,0,current_regime_2026_early_to_recent,hist_gradient_boosting,0.24894350651509284
separacion:4389,2026-0004188,SL-E1,SL,2026-05-08,7,2026-06-07,0,current_regime_2026_early_to_recent,hist_gradient_boosting,0.04093129410625224
separacion:4040,2026-0001859,TZ-17,TZ,2026-05-09,75,2026-06-08,0,current_regime_2026_early_to_recent,hist_gradient_boosting,0.05503328646928572
separacion:4164,2026-0003197,NP-A-E19,NP,2026-05-09,45,2026-06-08,0,current_regime_2026_early_to_recent,hist_gradient_boosting,0.03761145195134709
separacion:4288,2026-0003484,MT-A27,MT,2026-05-09,30,2026-06-08,0,current_regime_2026_early_to_recent,hist_gradient_boosting,0.0691221603999858
separacion:4290,2026-0003499,MT-A45,MT,2026-05-09,30,2026-06-08,0,current_regime_2026_early_to_recent,hist_gradient_boosting,0.0691221603999858
separacion:4365,2026-0003981,TZ-19,TZ,2026-05-09,14,2026-06-08,0,current_regime_2026_early_to_recent,hist_gradient_boosting,0.03767945772088543
separacion:4393,2026-0004251,CP-B507,CP,2026-05-09,7,2026-06-08,0,current_regime_2026_early_to_recent,hist_gradient_boosting,0.007385083740538057
separacion:4394,2026-0004235,FX-304,FX,2026-05-09,7,2026-06-08,0,current_regime_2026_early_to_recent,hist_gradient_boosting,0.031518614714705406
separacion:4395,2026-0004267,GY-605,GY,2026-05-09,7,2026-06-08,0,current_regime_2026_early_to_recent,hist_gradient_boosting,0.029305542414356053
separacion:4422,2026-0004435,NP-A1810,NP,2026-05-09,0,2026-06-08,0,current_regime_2026_early_to_recent,hist_gradient_boosting,0.003525830052988263
separacion:4423,2026-0004300,MT-B1303,MT,2026-05-09,0,2026-06-08,0,current_regime_2026_early_to_recent,hist_gradient_boosting,0.03756101127026644
separacion:4553,2026-0005356,NP-A-E161,NP,2026-05-09,7,2026-06-08,0,current_regime_2026_early_to_recent,hist_gradient_boosting,0.009728988687967743
separacion:4166,2026-0003221,CP-E52,CP,2026-05-10,45,2026-06-09,0,current_regime_2026_early_to_recent,hist_gradient_boosting,0.10048825884955585
separacion:4295,2026-0003502,SL-E7,SL,2026-05-10,30,2026-06-09,0,current_regime_2026_early_to_recent,hist_gradient_boosting,0.13195835957997604
separacion:4366,2026-0004062,NP-A2306,NP,2026-05-10,14,2026-06-09,0,current_regime_2026_early_to_recent,hist_gradient_boosting,0.07390825685563422
separacion:4424,2026-0004451,SL-903,SL,2026-05-10,0,2026-06-09,0,current_regime_2026_early_to_recent,hist_gradient_boosting,0.0926828276854436
separacion:4088,2026-0002498,NP-A1601,NP,2026-05-11,60,2026-06-10,0,current_regime_2026_early_to_recent,hist_gradient_boosting,0.7666024823616456
separacion:4089,2026-0002499,NP-A1603,NP,2026-05-11,60,2026-06-10,0,current_regime_2026_early_to_recent,hist_gradient_boosting,0.7666024823616456
separacion:4191,2026-0003242,NP-A2005,NP,2026-05-11,45,2026-06-10,0,current_regime_2026_early_to_recent,hist_gradient_boosting,0.7666024823616456
separacion:4367,2026-0004067,TZ-50,TZ,2026-05-11,14,2026-06-10,0,current_regime_2026_early_to_recent,hist_gradient_boosting,0.10815784125886015
separacion:4400,2026-0004310,NP-A-E134,NP,2026-05-11,7,2026-06-10,0,current_regime_2026_early_to_recent,hist_gradient_boosting,0.36203053830334037
separacion:4401,2026-0004311,MD-1901,MD,2026-05-11,7,2026-06-10,0,current_regime_2026_early_to_recent,hist_gradient_boosting,0.10026411811061454
separacion:4427,2026-0004436,SL-808,SL,2026-05-11,0,2026-06-10,0,current_regime_2026_early_to_recent,hist_gradient_boosting,0.03909802437157884
separacion:4192,2026-0003243,CP-B1306,CP,2026-05-12,45,2026-06-11,0,current_regime_2026_early_to_recent,hist_gradient_boosting,0.024498207783074905
separacion:4193,2026-0003246,NP-A-E138,NP,2026-05-12,45,2026-06-11,0,current_regime_2026_early_to_recent,hist_gradient_boosting,0.057618778060324935
separacion:4337,2026-0003807,CP-E60,CP,2026-05-12,21,2026-06-11,0,current_regime_2026_early_to_recent,hist_gradient_boosting,0.015920910166477995
separacion:4370,2026-0004112,NP-A-E06,NP,2026-05-12,14,2026-06-11,0,current_regime_2026_early_to_recent,hist_gradient_boosting,0.03129969396652195
separacion:4402,2026-0004319,MD-1803,MD,2026-05-12,7,2026-06-11,0,current_regime_2026_early_to_recent,hist_gradient_boosting,0.003959367202335125
separacion:4403,2026-0004320,MD-E97,MD,2026-05-12,7,2026-06-11,0,current_regime_2026_early_to_recent,hist_gradient_boosting,0.005598382861523946
separacion:4407,2026-0004338,NP-A2210,NP,2026-05-12,7,2026-06-11,0,current_regime_2026_early_to_recent,hist_gradient_boosting,0.045394713985858356
separacion:4451,2026-0004523,NP-A-E154,NP,2026-05-12,0,2026-06-11,0,current_regime_2026_early_to_recent,hist_gradient_boosting,0.06843364104533932
separacion:4106,2026-0002781,FX-E16,FX,2026-05-13,60,2026-06-12,0,current_regime_2026_early_to_recent,hist_gradient_boosting,0.2786807341548064
separacion:4343,2026-0003846,FX-E43,FX,2026-05-13,21,2026-06-12,0,current_regime_2026_early_to_recent,hist_gradient_boosting,0.2178379912495717
separacion:4345,2026-0003857,GY-801,GY,2026-05-13,21,2026-06-12,0,current_regime_2026_early_to_recent,hist_gradient_boosting,0.629833809794608
separacion:4408,2026-0004330,SL-1308,SL,2026-05-13,7,2026-06-12,0,current_regime_2026_early_to_recent,hist_gradient_boosting,0.010164758181969257
separacion:4409,2026-0004351,SL-E47,SL,2026-05-13,7,2026-06-12,0,current_regime_2026_early_to_recent,hist_gradient_boosting,0.07748156832871714
separacion:4413,2026-0004374,MT-B24,MT,2026-05-13,7,2026-06-12,0,current_regime_2026_early_to_recent,hist_gradient_boosting,0.02819806602598574
separacion:4452,2026-0004527,SL-207,SL,2026-05-13,0,2026-06-12,0,current_regime_2026_early_to_recent,hist_gradient_boosting,0.03581281042239212
separacion:4107,2026-0002813,GY-303,GY,2026-05-14,60,2026-06-13,0,current_regime_2026_early_to_recent,hist_gradient_boosting,0.5460906293916761
separacion:4109,2026-0002890,MT-A57,MT,2026-05-14,60,2026-06-13,1,current_regime_2026_early_to_recent,hist_gradient_boosting,0.035303674691440357
separacion:4202,2026-0003313,NP-A2203,NP,2026-05-14,45,2026-06-13,0,current_regime_2026_early_to_recent,hist_gradient_boosting,0.3018173074502962
separacion:4203,2026-0003315,NP-A2204,NP,2026-05-14,45,2026-06-13,0,current_regime_2026_early_to_recent,hist_gradient_boosting,0.3018173074502962
separacion:4301,2026-0003630,NP-A-E08,NP,2026-05-14,30,2026-06-13,0,current_regime_2026_early_to_recent,hist_gradient_boosting,0.04054353876712746
separacion:4352,2026-0003901,EEUU-503,EEUU,2026-05-14,21,2026-06-13,0,current_regime_2026_early_to_recent,hist_gradient_boosting,0.4824766791595177
separacion:4384,2026-0004153,CP-B705,CP,2026-05-14,14,2026-06-13,1,current_regime_2026_early_to_recent,hist_gradient_boosting,0.08798272583040415
separacion:4385,2026-0004150,GY-201,GY,2026-05-14,14,2026-06-13,0,current_regime_2026_early_to_recent,hist_gradient_boosting,0.4665766472142219
separacion:4415,2026-0004385,EEUU-1404,EEUU,2026-05-14,7,2026-06-13,0,current_regime_2026_early_to_recent,hist_gradient_boosting,0.02861003917423944
separacion:4455,2026-0004548,NP-A1901,NP,2026-05-14,0,2026-06-13,0,current_regime_2026_early_to_recent,hist_gradient_boosting,0.008436954178434864
separacion:4457,2026-0004561,MT-B28,MT,2026-05-14,0,2026-06-13,0,current_regime_2026_early_to_recent,hist_gradient_boosting,0.2105534907763424
separacion:4363,2026-0003941,GY-33,GY,2026-05-15,21,2026-06-14,0,current_regime_2026_early_to_recent,hist_gradient_boosting,0.2720198491481215
separacion:4389,2026-0004188,SL-E1,SL,2026-05-15,14,2026-06-14,0,current_regime_2026_early_to_recent,hist_gradient_boosting,0.05941224922211823
separacion:4463,2026-0004597,TZ-40,TZ,2026-05-15,0,2026-06-14,0,current_regime_2026_early_to_recent,hist_gradient_boosting,0.08373760300108775
separacion:4464,2026-0004616,TZ-43,TZ,2026-05-15,0,2026-06-14,0,current_regime_2026_early_to_recent,hist_gradient_boosting,0.08373760300108775
separacion:4122,2026-0002991,GY-D7,GY,2026-05-16,60,2026-06-15,0,current_regime_2026_early_to_recent,hist_gradient_boosting,0.0932005476295785
separacion:4365,2026-0003981,TZ-19,TZ,2026-05-16,21,2026-06-15,0,current_regime_2026_early_to_recent,hist_gradient_boosting,0.06089902782136196
separacion:4393,2026-0004251,CP-B507,CP,2026-05-16,14,2026-06-15,0,current_regime_2026_early_to_recent,hist_gradient_boosting,0.049912445147056866
separacion:4394,2026-0004235,FX-304,FX,2026-05-16,14,2026-06-15,0,current_regime_2026_early_to_recent,hist_gradient_boosting,0.12243981469267293
separacion:4422,2026-0004435,NP-A1810,NP,2026-05-16,7,2026-06-15,0,current_regime_2026_early_to_recent,hist_gradient_boosting,0.005774876969730974
separacion:4423,2026-0004300,MT-B1303,MT,2026-05-16,7,2026-06-15,0,current_regime_2026_early_to_recent,hist_gradient_boosting,0.043891761563694
separacion:4466,2026-0004655,NP-A1506,NP,2026-05-16,0,2026-06-15,0,current_regime_2026_early_to_recent,hist_gradient_boosting,0.002598299339276391
separacion:4468,2026-0004668,EEUU-203,EEUU,2026-05-16,0,2026-06-15,1,current_regime_2026_early_to_recent,hist_gradient_boosting,0.004484823283861703
separacion:4471,2026-0004712,FX-402,FX,2026-05-16,0,2026-06-15,1,current_regime_2026_early_to_recent,hist_gradient_boosting,0.02225582102563369
separacion:4553,2026-0005356,NP-A-E161,NP,2026-05-16,14,2026-06-15,0,current_regime_2026_early_to_recent,hist_gradient_boosting,0.018153445820756352
separacion:4131,2026-0003014,EEUU-E50,EEUU,2026-05-17,60,2026-06-16,0,current_regime_2026_early_to_recent,hist_gradient_boosting,0.0721614649751596
separacion:4366,2026-0004062,NP-A2306,NP,2026-05-17,21,2026-06-16,0,current_regime_2026_early_to_recent,hist_gradient_boosting,0.22949785683226123
separacion:4424,2026-0004451,SL-903,SL,2026-05-17,7,2026-06-16,0,current_regime_2026_early_to_recent,hist_gradient_boosting,0.1307498905500889
separacion:4472,2026-0004699,SL-908,SL,2026-05-17,0,2026-06-16,0,current_regime_2026_early_to_recent,hist_gradient_boosting,0.0926828276854436
separacion:4473,2026-0004716,NP-A2707,NP,2026-05-17,0,2026-06-16,0,current_regime_2026_early_to_recent,hist_gradient_boosting,0.018802756994214555
separacion:4474,2026-0004773,SL-1006,SL,2026-05-17,0,2026-06-16,0,current_regime_2026_early_to_recent,hist_gradient_boosting,0.1660796595138753
separacion:4475,2026-0004774,SL-406,SL,2026-05-17,0,2026-06-16,0,current_regime_2026_early_to_recent,hist_gradient_boosting,0.1660796595138753
separacion:4477,2026-0004791,SL-1302,SL,2026-05-17,0,2026-06-16,0,current_regime_2026_early_to_recent,hist_gradient_boosting,0.1660796595138753
separacion:4478,2026-0004831,SL-1506,SL,2026-05-17,0,2026-06-16,0,current_regime_2026_early_to_recent,hist_gradient_boosting,0.1660796595138753
separacion:4479,2026-0004836,GY-1603,GY,2026-05-17,0,2026-06-16,0,current_regime_2026_early_to_recent,hist_gradient_boosting,0.10688979131423193
separacion:4480,2026-0004850,MD-1403,MD,2026-05-17,0,2026-06-16,0,current_regime_2026_early_to_recent,hist_gradient_boosting,0.09304415987863399
separacion:4481,2026-0004572,FX-901,FX,2026-05-17,0,2026-06-16,1,current_regime_2026_early_to_recent,hist_gradient_boosting,0.22960224451440356
separacion:4482,2026-0004857,NP-A1008,NP,2026-05-17,0,2026-06-16,1,current_regime_2026_early_to_recent,hist_gradient_boosting,0.02438454534710345
separacion:4483,2026-0004861,NP-A2608,NP,2026-05-17,0,2026-06-16,0,current_regime_2026_early_to_recent,hist_gradient_boosting,0.02438454534710345
separacion:4136,2026-0003041,MT-A04,MT,2026-05-18,60,2026-06-17,0,current_regime_2026_early_to_recent,hist_gradient_boosting,0.04112470473965635
separacion:4367,2026-0004067,TZ-50,TZ,2026-05-18,21,2026-06-17,0,current_regime_2026_early_to_recent,hist_gradient_boosting,0.10283629412667569
separacion:4400,2026-0004310,NP-A-E134,NP,2026-05-18,14,2026-06-17,0,current_regime_2026_early_to_recent,hist_gradient_boosting,0.3438328894552063
separacion:4427,2026-0004436,SL-808,SL,2026-05-18,7,2026-06-17,0,current_regime_2026_early_to_recent,hist_gradient_boosting,0.12197571458516752
separacion:4484,2026-0004638,CP-E18,CP,2026-05-18,0,2026-06-17,0,current_regime_2026_early_to_recent,hist_gradient_boosting,0.06591325252878882
separacion:4486,2026-0004887,MT-A701,MT,2026-05-18,0,2026-06-17,0,current_regime_2026_early_to_recent,hist_gradient_boosting,0.04691419504704436
separacion:4495,2026-0004886,NP-A904,NP,2026-05-18,0,2026-06-17,0,current_regime_2026_early_to_recent,hist_gradient_boosting,0.3619971280585787
separacion:4498,2026-0004746,NP-A2706,NP,2026-05-18,0,2026-06-17,0,current_regime_2026_early_to_recent,hist_gradient_boosting,0.05003795418088767
separacion:4140,2026-0003067,GY-14,GY,2026-05-19,60,2026-06-18,0,current_regime_2026_early_to_recent,hist_gradient_boosting,0.22159026730077172
separacion:4370,2026-0004112,NP-A-E06,NP,2026-05-19,21,2026-06-18,0,current_regime_2026_early_to_recent,hist_gradient_boosting,0.04916382353238828
separacion:4403,2026-0004320,MD-E97,MD,2026-05-19,14,2026-06-18,0,current_regime_2026_early_to_recent,hist_gradient_boosting,0.007338141449979547
separacion:4407,2026-0004338,NP-A2210,NP,2026-05-19,14,2026-06-18,0,current_regime_2026_early_to_recent,hist_gradient_boosting,0.07419615230667326
separacion:4451,2026-0004523,NP-A-E154,NP,2026-05-19,7,2026-06-18,0,current_regime_2026_early_to_recent,hist_gradient_boosting,0.03275316757019298
separacion:4502,2026-0004895,NP-A802,NP,2026-05-19,0,2026-06-18,0,current_regime_2026_early_to_recent,hist_gradient_boosting,0.016426060324844026
separacion:4409,2026-0004351,SL-E47,SL,2026-05-20,14,2026-06-19,0,current_regime_2026_early_to_recent,hist_gradient_boosting,0.09833908671938543
separacion:4413,2026-0004374,MT-B24,MT,2026-05-20,14,2026-06-19,0,current_regime_2026_early_to_recent,hist_gradient_boosting,0.02720129060877077
separacion:4452,2026-0004527,SL-207,SL,2026-05-20,7,2026-06-19,0,current_regime_2026_early_to_recent,hist_gradient_boosting,0.034622265914693376
separacion:4505,2026-0004947,MT-A1002,MT,2026-05-20,0,2026-06-19,0,current_regime_2026_early_to_recent,hist_gradient_boosting,0.010858735266826836
separacion:4148,2026-0003118,GY-43,GY,2026-05-21,60,2026-06-20,0,current_regime_2026_early_to_recent,hist_gradient_boosting,0.27285573633188853
separacion:4210,2026-0003409,SL-E4,SL,2026-05-21,45,2026-06-20,0,current_regime_2026_early_to_recent,hist_gradient_boosting,0.08689181393386285
separacion:4213,2026-0003412,MT-A54,MT,2026-05-21,45,2026-06-20,0,current_regime_2026_early_to_recent,hist_gradient_boosting,0.02703275393571858
separacion:4216,2026-0003420,CP-E87,CP,2026-05-21,45,2026-06-20,0,current_regime_2026_early_to_recent,hist_gradient_boosting,0.04770407732789469
separacion:4337,2026-0003807,CP-E60,CP,2026-05-21,30,2026-06-20,0,current_regime_2026_early_to_recent,hist_gradient_boosting,0.053548703774248765
separacion:4384,2026-0004153,CP-B705,CP,2026-05-21,21,2026-06-20,1,current_regime_2026_early_to_recent,hist_gradient_boosting,0.47992793901334874
separacion:4385,2026-0004150,GY-201,GY,2026-05-21,21,2026-06-20,0,current_regime_2026_early_to_recent,hist_gradient_boosting,0.7812480237142706
separacion:4415,2026-0004385,EEUU-1404,EEUU,2026-05-21,14,2026-06-20,0,current_regime_2026_early_to_recent,hist_gradient_boosting,0.11071108009901012
separacion:4455,2026-0004548,NP-A1901,NP,2026-05-21,7,2026-06-20,0,current_regime_2026_early_to_recent,hist_gradient_boosting,0.01666354017939014
separacion:4457,2026-0004561,MT-B28,MT,2026-05-21,7,2026-06-20,0,current_regime_2026_early_to_recent,hist_gradient_boosting,0.07249171419601519
separacion:4508,2026-0004899,FX-605,FX,2026-05-21,0,2026-06-20,0,current_regime_2026_early_to_recent,hist_gradient_boosting,0.020458095435663754
separacion:4153,2026-0003145,GY-27,GY,2026-05-22,60,2026-06-21,0,current_regime_2026_early_to_recent,hist_gradient_boosting,0.12848750633909115
separacion:4343,2026-0003846,FX-E43,FX,2026-05-22,30,2026-06-21,0,current_regime_2026_early_to_recent,hist_gradient_boosting,0.41394602549473286
separacion:4345,2026-0003857,GY-801,GY,2026-05-22,30,2026-06-21,0,current_regime_2026_early_to_recent,hist_gradient_boosting,0.38585539929223983
separacion:4389,2026-0004188,SL-E1,SL,2026-05-22,21,2026-06-21,0,current_regime_2026_early_to_recent,hist_gradient_boosting,0.0875448718017808
separacion:4463,2026-0004597,TZ-40,TZ,2026-05-22,7,2026-06-21,0,current_regime_2026_early_to_recent,hist_gradient_boosting,0.03098472468876617
separacion:4464,2026-0004616,TZ-43,TZ,2026-05-22,7,2026-06-21,0,current_regime_2026_early_to_recent,hist_gradient_boosting,0.03098472468876617
separacion:4511,2026-0004992,CP-B1207,CP,2026-05-22,0,2026-06-21,0,current_regime_2026_early_to_recent,hist_gradient_boosting,0.011144655793174325
separacion:4163,2026-0003190,MD-E18,MD,2026-05-23,60,2026-06-22,0,current_regime_2026_early_to_recent,hist_gradient_boosting,0.06124980952528984
separacion:4352,2026-0003901,EEUU-503,EEUU,2026-05-23,30,2026-06-22,1,current_regime_2026_early_to_recent,hist_gradient_boosting,0.2976981430049111
separacion:4394,2026-0004235,FX-304,FX,2026-05-23,21,2026-06-22,0,current_regime_2026_early_to_recent,hist_gradient_boosting,0.44962826345767176
separacion:4468,2026-0004668,EEUU-203,EEUU,2026-05-23,7,2026-06-22,1,current_regime_2026_early_to_recent,hist_gradient_boosting,0.009472202991677205
separacion:4512,2026-0004858,SL-1008,SL,2026-05-23,0,2026-06-22,0,current_regime_2026_early_to_recent,hist_gradient_boosting,0.012963295784519767
separacion:4553,2026-0005356,NP-A-E161,NP,2026-05-23,21,2026-06-22,0,current_regime_2026_early_to_recent,hist_gradient_boosting,0.03379388782159725
separacion:4164,2026-0003197,NP-A-E19,NP,2026-05-24,60,2026-06-23,0,current_regime_2026_early_to_recent,hist_gradient_boosting,0.06505290202041315
separacion:4288,2026-0003484,MT-A27,MT,2026-05-24,45,2026-06-23,0,current_regime_2026_early_to_recent,hist_gradient_boosting,0.09428972158945924
separacion:4290,2026-0003499,MT-A45,MT,2026-05-24,45,2026-06-23,0,current_regime_2026_early_to_recent,hist_gradient_boosting,0.09428972158945924
separacion:4363,2026-0003941,GY-33,GY,2026-05-24,30,2026-06-23,0,current_regime_2026_early_to_recent,hist_gradient_boosting,0.1407139504318033
separacion:4424,2026-0004451,SL-903,SL,2026-05-24,14,2026-06-23,0,current_regime_2026_early_to_recent,hist_gradient_boosting,0.17916077791231588
separacion:4472,2026-0004699,SL-908,SL,2026-05-24,7,2026-06-23,0,current_regime_2026_early_to_recent,hist_gradient_boosting,0.1307498905500889
separacion:4474,2026-0004773,SL-1006,SL,2026-05-24,7,2026-06-23,0,current_regime_2026_early_to_recent,hist_gradient_boosting,0.3181114960527068
separacion:4475,2026-0004774,SL-406,SL,2026-05-24,7,2026-06-23,0,current_regime_2026_early_to_recent,hist_gradient_boosting,0.3181114960527068
separacion:4477,2026-0004791,SL-1302,SL,2026-05-24,7,2026-06-23,0,current_regime_2026_early_to_recent,hist_gradient_boosting,0.3181114960527068
separacion:4479,2026-0004836,GY-1603,GY,2026-05-24,7,2026-06-23,0,current_regime_2026_early_to_recent,hist_gradient_boosting,0.21201305579014562
separacion:4480,2026-0004850,MD-1403,MD,2026-05-24,7,2026-06-23,1,current_regime_2026_early_to_recent,hist_gradient_boosting,0.3140023629065446
separacion:4483,2026-0004861,NP-A2608,NP,2026-05-24,7,2026-06-23,0,current_regime_2026_early_to_recent,hist_gradient_boosting,0.042065174499612626
separacion:4166,2026-0003221,CP-E52,CP,2026-05-25,60,2026-06-24,0,current_regime_2026_early_to_recent,hist_gradient_boosting,0.11977549285007393
separacion:4295,2026-0003502,SL-E7,SL,2026-05-25,45,2026-06-24,0,current_regime_2026_early_to_recent,hist_gradient_boosting,0.12134647769247536
separacion:4365,2026-0003981,TZ-19,TZ,2026-05-25,30,2026-06-24,0,current_regime_2026_early_to_recent,hist_gradient_boosting,0.10076066443901915
separacion:4400,2026-0004310,NP-A-E134,NP,2026-05-25,21,2026-06-24,0,current_regime_2026_early_to_recent,hist_gradient_boosting,0.24032979733065
separacion:4427,2026-0004436,SL-808,SL,2026-05-25,14,2026-06-24,0,current_regime_2026_early_to_recent,hist_gradient_boosting,0.18564956678552813
separacion:4484,2026-0004638,CP-E18,CP,2026-05-25,7,2026-06-24,0,current_regime_2026_early_to_recent,hist_gradient_boosting,0.0902619271984171
separacion:4486,2026-0004887,MT-A701,MT,2026-05-25,7,2026-06-24,0,current_regime_2026_early_to_recent,hist_gradient_boosting,0.06605644755530225
separacion:4495,2026-0004886,NP-A904,NP,2026-05-25,7,2026-06-24,0,current_regime_2026_early_to_recent,hist_gradient_boosting,0.7322456090913481
separacion:4498,2026-0004746,NP-A2706,NP,2026-05-25,7,2026-06-24,0,current_regime_2026_early_to_recent,hist_gradient_boosting,0.16900283719940437
separacion:4513,2026-0004955,MT-A1206,MT,2026-05-25,0,2026-06-24,0,current_regime_2026_early_to_recent,hist_gradient_boosting,0.027267133349512782
separacion:4191,2026-0003242,NP-A2005,NP,2026-05-26,60,2026-06-25,1,current_regime_2026_early_to_recent,hist_gradient_boosting,0.3629144702919578
separacion:4403,2026-0004320,MD-E97,MD,2026-05-26,21,2026-06-25,0,current_regime_2026_early_to_recent,hist_gradient_boosting,0.013235949744655326
separacion:4451,2026-0004523,NP-A-E154,NP,2026-05-26,14,2026-06-25,0,current_regime_2026_early_to_recent,hist_gradient_boosting,0.03129969396652195
separacion:4528,2026-0005078,SL-1206,SL,2026-05-26,0,2026-06-25,0,current_regime_2026_early_to_recent,hist_gradient_boosting,0.015502764688519048
separacion:4192,2026-0003243,CP-B1306,CP,2026-05-27,60,2026-06-26,0,current_regime_2026_early_to_recent,hist_gradient_boosting,0.0346772469406125
separacion:4193,2026-0003246,NP-A-E138,NP,2026-05-27,60,2026-06-26,0,current_regime_2026_early_to_recent,hist_gradient_boosting,0.05600499671092401
separacion:4367,2026-0004067,TZ-50,TZ,2026-05-27,30,2026-06-26,0,current_regime_2026_early_to_recent,hist_gradient_boosting,0.04109927836254295
separacion:4409,2026-0004351,SL-E47,SL,2026-05-27,21,2026-06-26,0,current_regime_2026_early_to_recent,hist_gradient_boosting,0.1231853757853577
separacion:4413,2026-0004374,MT-B24,MT,2026-05-27,21,2026-06-26,0,current_regime_2026_early_to_recent,hist_gradient_boosting,0.034766992990718615
separacion:4532,2026-0005086,NP-A2807,NP,2026-05-27,0,2026-06-26,0,current_regime_2026_early_to_recent,hist_gradient_boosting,0.02240796628336122
separacion:4106,2026-0002781,FX-E16,FX,2026-05-28,75,2026-06-27,0,current_regime_2026_early_to_recent,hist_gradient_boosting,0.3033949756408903
separacion:4370,2026-0004112,NP-A-E06,NP,2026-05-28,30,2026-06-27,0,current_regime_2026_early_to_recent,hist_gradient_boosting,0.04305198282620793
separacion:4455,2026-0004548,NP-A1901,NP,2026-05-28,14,2026-06-27,0,current_regime_2026_early_to_recent,hist_gradient_boosting,0.07164481175465455
separacion:4457,2026-0004561,MT-B28,MT,2026-05-28,14,2026-06-27,0,current_regime_2026_early_to_recent,hist_gradient_boosting,0.07113799273836699
separacion:4107,2026-0002813,GY-303,GY,2026-05-29,75,2026-06-28,1,current_regime_2026_early_to_recent,hist_gradient_boosting,0.33228550109374155
separacion:4202,2026-0003313,NP-A2203,NP,2026-05-29,60,2026-06-28,0,current_regime_2026_early_to_recent,hist_gradient_boosting,0.238179469221031
separacion:4203,2026-0003315,NP-A2204,NP,2026-05-29,60,2026-06-28,0,current_regime_2026_early_to_recent,hist_gradient_boosting,0.238179469221031
separacion:4301,2026-0003630,NP-A-E08,NP,2026-05-29,45,2026-06-28,0,current_regime_2026_early_to_recent,hist_gradient_boosting,0.037829431083767094
separacion:4463,2026-0004597,TZ-40,TZ,2026-05-29,14,2026-06-28,0,current_regime_2026_early_to_recent,hist_gradient_boosting,0.04836058996214486
separacion:4464,2026-0004616,TZ-43,TZ,2026-05-29,14,2026-06-28,0,current_regime_2026_early_to_recent,hist_gradient_boosting,0.04836058996214486
separacion:4542,2026-0005156,NP-A2601,NP,2026-05-29,0,2026-06-28,1,current_regime_2026_early_to_recent,hist_gradient_boosting,0.0028553857877197317
separacion:4384,2026-0004153,CP-B705,CP,2026-05-30,30,2026-06-29,1,current_regime_2026_early_to_recent,hist_gradient_boosting,0.35671445098670107
separacion:4468,2026-0004668,EEUU-203,EEUU,2026-05-30,14,2026-06-29,1,current_regime_2026_early_to_recent,hist_gradient_boosting,0.045417689375611504
separacion:4544,2026-0005233,NP-A2104,NP,2026-05-30,0,2026-06-29,0,current_regime_2026_early_to_recent,hist_gradient_boosting,0.002598299339276391
separacion:4122,2026-0002991,GY-D7,GY,2026-05-31,75,2026-06-30,0,current_regime_2026_early_to_recent,hist_gradient_boosting,0.11172154798106453
separacion:4389,2026-0004188,SL-E1,SL,2026-05-31,30,2026-06-30,0,current_regime_2026_early_to_recent,hist_gradient_boosting,0.13195835957997604
separacion:4479,2026-0004836,GY-1603,GY,2026-05-31,14,2026-06-30,0,current_regime_2026_early_to_recent,hist_gradient_boosting,0.24931304446821653
separacion:4480,2026-0004850,MD-1403,MD,2026-05-31,14,2026-06-30,1,current_regime_2026_early_to_recent,hist_gradient_boosting,0.37447951185232486
separacion:4546,2026-0005276,NP-A-E158,NP,2026-05-31,0,2026-06-30,1,current_regime_2026_early_to_recent,hist_gradient_boosting,0.06643496972305844
separacion:4547,2026-0005274,NP-A2102,NP,2026-05-31,0,2026-06-30,0,current_regime_2026_early_to_recent,hist_gradient_boosting,0.02438454534710345
separacion:4131,2026-0003014,EEUU-E50,EEUU,2026-06-01,75,2026-07-01,0,current_regime_2026_early_to_recent,hist_gradient_boosting,0.10798088553459163
separacion:4484,2026-0004638,CP-E18,CP,2026-06-01,14,2026-07-01,0,current_regime_2026_early_to_recent,hist_gradient_boosting,0.08969412534184454
separacion:4553,2026-0005356,NP-A-E161,NP,2026-06-01,30,2026-07-01,0,current_regime_2026_early_to_recent,hist_gradient_boosting,0.21578369066291006
separacion:4136,2026-0003041,MT-A04,MT,2026-06-02,75,2026-07-02,0,current_regime_2026_early_to_recent,hist_gradient_boosting,0.01698283101444881
separacion:4451,2026-0004523,NP-A-E154,NP,2026-06-02,21,2026-07-02,0,current_regime_2026_early_to_recent,hist_gradient_boosting,0.04916382353238828
separacion:4528,2026-0005078,SL-1206,SL,2026-06-02,7,2026-07-02,0,current_regime_2026_early_to_recent,hist_gradient_boosting,0.015375382919234591
separacion:4551,2026-0005345,MD-1202,MD,2026-06-02,0,2026-07-02,0,current_regime_2026_early_to_recent,hist_gradient_boosting,0.0016947171483725546
separacion:4554,2026-0005178,MT-B1202,MT,2026-06-02,0,2026-07-02,0,current_regime_2026_early_to_recent,hist_gradient_boosting,0.005107842886136772
separacion:4555,2026-0005288,MD-E66,MD,2026-06-02,0,2026-07-02,0,current_regime_2026_early_to_recent,hist_gradient_boosting,0.009255354942980744
separacion:4140,2026-0003067,GY-14,GY,2026-06-03,75,2026-07-03,0,current_regime_2026_early_to_recent,hist_gradient_boosting,0.2512457912021648
separacion:4400,2026-0004310,NP-A-E134,NP,2026-06-03,30,2026-07-03,0,current_regime_2026_early_to_recent,hist_gradient_boosting,0.057080888195848715
separacion:4403,2026-0004320,MD-E97,MD,2026-06-04,30,2026-07-04,0,current_regime_2026_early_to_recent,hist_gradient_boosting,0.039044808354918636
separacion:4455,2026-0004548,NP-A1901,NP,2026-06-04,21,2026-07-04,0,current_regime_2026_early_to_recent,hist_gradient_boosting,0.28568339828174333
separacion:4457,2026-0004561,MT-B28,MT,2026-06-04,21,2026-07-04,0,current_regime_2026_early_to_recent,hist_gradient_boosting,0.09482922047974507
separacion:4563,2026-0005384,CP-B808,CP,2026-06-04,0,2026-07-04,0,current_regime_2026_early_to_recent,hist_gradient_boosting,0.02575040906377978
separacion:4564,2026-0005299,NP-A2507,NP,2026-06-04,0,2026-07-04,0,current_regime_2026_early_to_recent,hist_gradient_boosting,0.0041812757467449045
separacion:4577,2026-0005381,NP-A1710,NP,2026-06-04,0,2026-07-04,0,current_regime_2026_early_to_recent,hist_gradient_boosting,0.002886975520654088
separacion:4148,2026-0003118,GY-43,GY,2026-06-05,75,2026-07-05,0,current_regime_2026_early_to_recent,hist_gradient_boosting,0.11634592463623612
separacion:4210,2026-0003409,SL-E4,SL,2026-06-05,60,2026-07-05,0,current_regime_2026_early_to_recent,hist_gradient_boosting,0.08443071768493875
separacion:4213,2026-0003412,MT-A54,MT,2026-06-05,60,2026-07-05,0,current_regime_2026_early_to_recent,hist_gradient_boosting,0.032099616671029
separacion:4216,2026-0003420,CP-E87,CP,2026-06-05,60,2026-07-05,0,current_regime_2026_early_to_recent,hist_gradient_boosting,0.05369700272203363
separacion:4337,2026-0003807,CP-E60,CP,2026-06-05,45,2026-07-05,0,current_regime_2026_early_to_recent,hist_gradient_boosting,0.05360906705541037
separacion:4409,2026-0004351,SL-E47,SL,2026-06-05,30,2026-07-05,0,current_regime_2026_early_to_recent,hist_gradient_boosting,0.0893526861154923
separacion:4413,2026-0004374,MT-B24,MT,2026-06-05,30,2026-07-05,0,current_regime_2026_early_to_recent,hist_gradient_boosting,0.036044670458290684
separacion:4463,2026-0004597,TZ-40,TZ,2026-06-05,21,2026-07-05,0,current_regime_2026_early_to_recent,hist_gradient_boosting,0.08781323153465323
separacion:4464,2026-0004616,TZ-43,TZ,2026-06-05,21,2026-07-05,0,current_regime_2026_early_to_recent,hist_gradient_boosting,0.08781323153465323
separacion:4153,2026-0003145,GY-27,GY,2026-06-06,75,2026-07-06,0,current_regime_2026_early_to_recent,hist_gradient_boosting,0.09001082904702631
separacion:4343,2026-0003846,FX-E43,FX,2026-06-06,45,2026-07-06,0,current_regime_2026_early_to_recent,hist_gradient_boosting,0.4526516679367146
separacion:4468,2026-0004668,EEUU-203,EEUU,2026-06-06,21,2026-07-06,1,current_regime_2026_early_to_recent,hist_gradient_boosting,0.26353043783328917
separacion:4544,2026-0005233,NP-A2104,NP,2026-06-06,7,2026-07-06,0,current_regime_2026_early_to_recent,hist_gradient_boosting,0.005274967559503991
separacion:4581,2026-0005412,FX-402,FX,2026-06-06,0,2026-07-06,0,current_regime_2026_early_to_recent,hist_gradient_boosting,0.014576743862646645
separacion:4163,2026-0003190,MD-E18,MD,2026-06-07,75,2026-07-07,0,current_regime_2026_early_to_recent,hist_gradient_boosting,0.07937076390939246
separacion:4352,2026-0003901,EEUU-503,EEUU,2026-06-07,45,2026-07-07,1,current_regime_2026_early_to_recent,hist_gradient_boosting,0.3642169917893502
separacion:4479,2026-0004836,GY-1603,GY,2026-06-07,21,2026-07-07,0,current_regime_2026_early_to_recent,hist_gradient_boosting,0.33790434484387677
separacion:4480,2026-0004850,MD-1403,MD,2026-06-07,21,2026-07-07,1,current_regime_2026_early_to_recent,hist_gradient_boosting,0.5664760594846652
separacion:4546,2026-0005276,NP-A-E158,NP,2026-06-07,7,2026-07-07,1,current_regime_2026_early_to_recent,hist_gradient_boosting,0.026143835491467312
separacion:4547,2026-0005274,NP-A2102,NP,2026-06-07,7,2026-07-07,0,current_regime_2026_early_to_recent,hist_gradient_boosting,0.042065174499612626
separacion:4550,2026-0005313,MT-A1202,MT,2026-06-07,7,2026-07-07,0,current_regime_2026_early_to_recent,hist_gradient_boosting,0.3590899989799903
separacion:4164,2026-0003197,NP-A-E19,NP,2026-06-08,75,2026-07-08,0,current_regime_2026_early_to_recent,hist_gradient_boosting,0.2131138716866117
separacion:4288,2026-0003484,MT-A27,MT,2026-06-08,60,2026-07-08,0,current_regime_2026_early_to_recent,hist_gradient_boosting,0.04112470473965635
separacion:4290,2026-0003499,MT-A45,MT,2026-06-08,60,2026-07-08,0,current_regime_2026_early_to_recent,hist_gradient_boosting,0.04112470473965635
separacion:4363,2026-0003941,GY-33,GY,2026-06-08,45,2026-07-08,0,current_regime_2026_early_to_recent,hist_gradient_boosting,0.3974192266176854
separacion:4484,2026-0004638,CP-E18,CP,2026-06-08,21,2026-07-08,0,current_regime_2026_early_to_recent,hist_gradient_boosting,0.10868447261712968
separacion:4582,2026-0005474,SL-1104,SL,2026-06-08,0,2026-07-08,0,current_regime_2026_early_to_recent,hist_gradient_boosting,0.024340807062228475
separacion:4166,2026-0003221,CP-E52,CP,2026-06-09,75,2026-07-09,0,current_regime_2026_early_to_recent,hist_gradient_boosting,0.02426642128526532
separacion:4295,2026-0003502,SL-E7,SL,2026-06-09,60,2026-07-09,0,current_regime_2026_early_to_recent,hist_gradient_boosting,0.07024314310375616
separacion:4365,2026-0003981,TZ-19,TZ,2026-06-09,45,2026-07-09,0,current_regime_2026_early_to_recent,hist_gradient_boosting,0.029771566443406425
separacion:4554,2026-0005178,MT-B1202,MT,2026-06-09,7,2026-07-09,0,current_regime_2026_early_to_recent,hist_gradient_boosting,0.010774600532967023
separacion:4555,2026-0005288,MD-E66,MD,2026-06-09,7,2026-07-09,0,current_regime_2026_early_to_recent,hist_gradient_boosting,0.024830533264280422
separacion:4191,2026-0003242,NP-A2005,NP,2026-06-10,75,2026-07-10,1,current_regime_2026_early_to_recent,hist_gradient_boosting,0.3776255930622588
separacion:4589,2026-0005520,NP-A2207,NP,2026-06-10,0,2026-07-10,0,current_regime_2026_early_to_recent,hist_gradient_boosting,0.02240796628336122
separacion:4192,2026-0003243,CP-B1306,CP,2026-06-11,75,2026-07-11,0,current_regime_2026_early_to_recent,hist_gradient_boosting,0.03701197729733382
separacion:4193,2026-0003246,NP-A-E138,NP,2026-06-11,75,2026-07-11,0,current_regime_2026_early_to_recent,hist_gradient_boosting,0.04159230444910804
separacion:4367,2026-0004067,TZ-50,TZ,2026-06-11,45,2026-07-11,0,current_regime_2026_early_to_recent,hist_gradient_boosting,0.04770407732789469
separacion:4451,2026-0004523,NP-A-E154,NP,2026-06-11,30,2026-07-11,0,current_regime_2026_early_to_recent,hist_gradient_boosting,0.04305198282620793
separacion:4563,2026-0005384,CP-B808,CP,2026-06-11,7,2026-07-11,0,current_regime_2026_early_to_recent,hist_gradient_boosting,0.019652883979718795
separacion:4564,2026-0005299,NP-A2507,NP,2026-06-11,7,2026-07-11,0,current_regime_2026_early_to_recent,hist_gradient_boosting,0.012085191901313512
separacion:4577,2026-0005381,NP-A1710,NP,2026-06-11,7,2026-07-11,0,current_regime_2026_early_to_recent,hist_gradient_boosting,0.004330724805595211
separacion:4591,2026-0005535,NP-A-E163,NP,2026-06-11,0,2026-07-11,0,current_regime_2026_early_to_recent,hist_gradient_boosting,0.06548425513955308
separacion:4592,2026-0005534,MD-1701,MD,2026-06-11,0,2026-07-11,0,current_regime_2026_early_to_recent,hist_gradient_boosting,0.006096845150758714
separacion:4596,2026-0005566,NP-A1303,NP,2026-06-11,0,2026-07-11,0,current_regime_2026_early_to_recent,hist_gradient_boosting,0.008436954178434864
separacion:4106,2026-0002781,FX-E16,FX,2026-06-12,90,2026-07-12,0,current_regime_2026_early_to_recent,hist_gradient_boosting,0.38304961577384555
separacion:4370,2026-0004112,NP-A-E06,NP,2026-06-12,45,2026-07-12,0,current_regime_2026_early_to_recent,hist_gradient_boosting,0.036051994559907416
separacion:4599,2026-0005574,CP-E2,CP,2026-06-12,0,2026-07-12,0,current_regime_2026_early_to_recent,hist_gradient_boosting,0.08373760300108775
separacion:4107,2026-0002813,GY-303,GY,2026-06-13,90,2026-07-13,1,current_regime_2026_early_to_recent,hist_gradient_boosting,0.2692878249551405
separacion:4202,2026-0003313,NP-A2203,NP,2026-06-13,75,2026-07-13,0,current_regime_2026_early_to_recent,hist_gradient_boosting,0.23478031016163645
separacion:4203,2026-0003315,NP-A2204,NP,2026-06-13,75,2026-07-13,0,current_regime_2026_early_to_recent,hist_gradient_boosting,0.23478031016163645
separacion:4301,2026-0003630,NP-A-E08,NP,2026-06-13,60,2026-07-13,0,current_regime_2026_early_to_recent,hist_gradient_boosting,0.04260350717190862
separacion:4455,2026-0004548,NP-A1901,NP,2026-06-13,30,2026-07-13,1,current_regime_2026_early_to_recent,hist_gradient_boosting,0.24131282282589603
separacion:4457,2026-0004561,MT-B28,MT,2026-06-13,30,2026-07-13,0,current_regime_2026_early_to_recent,hist_gradient_boosting,0.10041221725955593
separacion:4544,2026-0005233,NP-A2104,NP,2026-06-13,14,2026-07-13,0,current_regime_2026_early_to_recent,hist_gradient_boosting,0.032470169227273235
separacion:4600,2026-0005594,TZ-39,TZ,2026-06-13,0,2026-07-13,0,current_regime_2026_early_to_recent,hist_gradient_boosting,0.02389891445403066
separacion:4601,2026-0005611,FX-E28,FX,2026-06-13,0,2026-07-13,0,current_regime_2026_early_to_recent,hist_gradient_boosting,0.14762354103282743
separacion:4602,2026-0005677,MD-1204,MD,2026-06-13,0,2026-07-13,0,current_regime_2026_early_to_recent,hist_gradient_boosting,0.0038079388873654136
separacion:4463,2026-0004597,TZ-40,TZ,2026-06-14,30,2026-07-14,0,current_regime_2026_early_to_recent,hist_gradient_boosting,0.10934774666550988
separacion:4464,2026-0004616,TZ-43,TZ,2026-06-14,30,2026-07-14,0,current_regime_2026_early_to_recent,hist_gradient_boosting,0.10934774666550988
separacion:4550,2026-0005313,MT-A1202,MT,2026-06-14,14,2026-07-14,1,current_regime_2026_early_to_recent,hist_gradient_boosting,0.33430725189027694
separacion:4603,2026-0005740,MD-405,MD,2026-06-14,0,2026-07-14,0,current_regime_2026_early_to_recent,hist_gradient_boosting,0.09304415987863399
separacion:4604,2026-0005781,SL-1001,SL,2026-06-14,0,2026-07-14,0,current_regime_2026_early_to_recent,hist_gradient_boosting,0.1660796595138753
separacion:4605,2026-0005789,NP-A2606,NP,2026-06-14,0,2026-07-14,0,current_regime_2026_early_to_recent,hist_gradient_boosting,0.02438454534710345
separacion:4606,2026-0005804,MD-E52,MD,2026-06-14,0,2026-07-14,0,current_regime_2026_early_to_recent,hist_gradient_boosting,0.19237041438482927
separacion:4122,2026-0002991,GY-D7,GY,2026-06-15,90,2026-07-15,0,current_regime_2026_early_to_recent,hist_gradient_boosting,0.3887527719744494
separacion:4389,2026-0004188,SL-E1,SL,2026-06-15,45,2026-07-15,0,current_regime_2026_early_to_recent,hist_gradient_boosting,0.12134647769247536
separacion:4582,2026-0005474,SL-1104,SL,2026-06-15,7,2026-07-15,0,current_regime_2026_early_to_recent,hist_gradient_boosting,0.04368356011187678
separacion:4609,2026-0005817,NP-A-E106,NP,2026-06-15,0,2026-07-15,0,current_regime_2026_early_to_recent,hist_gradient_boosting,0.4766136985038761
separacion:4611,2026-0005815,MD-1401,MD,2026-06-15,0,2026-07-15,0,current_regime_2026_early_to_recent,hist_gradient_boosting,0.029029596326448026
separacion:4131,2026-0003014,EEUU-E50,EEUU,2026-06-16,90,2026-07-16,0,current_regime_2026_early_to_recent,hist_gradient_boosting,0.03214025105489383
separacion:4479,2026-0004836,GY-1603,GY,2026-06-16,30,2026-07-16,0,current_regime_2026_early_to_recent,hist_gradient_boosting,0.4303757007175268
separacion:4480,2026-0004850,MD-1403,MD,2026-06-16,30,2026-07-16,1,current_regime_2026_early_to_recent,hist_gradient_boosting,0.2656858117233184
separacion:4553,2026-0005356,NP-A-E161,NP,2026-06-16,45,2026-07-16,0,current_regime_2026_early_to_recent,hist_gradient_boosting,0.057618778060324935
separacion:4555,2026-0005288,MD-E66,MD,2026-06-16,14,2026-07-16,0,current_regime_2026_early_to_recent,hist_gradient_boosting,0.024066774118657316
separacion:4625,2026-0005859,FX-1301,FX,2026-06-16,0,2026-07-16,0,current_regime_2026_early_to_recent,hist_gradient_boosting,0.03133438334549294
separacion:4136,2026-0003041,MT-A04,MT,2026-06-17,90,2026-07-17,0,current_regime_2026_early_to_recent,hist_gradient_boosting,0.022347756835017444
separacion:4484,2026-0004638,CP-E18,CP,2026-06-17,30,2026-07-17,0,current_regime_2026_early_to_recent,hist_gradient_boosting,0.05328306671709996
separacion:4648,2026-0005877,FX-1201,FX,2026-06-17,0,2026-07-17,0,current_regime_2026_early_to_recent,hist_gradient_boosting,0.01058955726274985
separacion:4649,2026-0005898,FX-1303,FX,2026-06-17,0,2026-07-17,0,current_regime_2026_early_to_recent,hist_gradient_boosting,0.03555039148511028
separacion:4650,2026-0005846,FX-505,FX,2026-06-17,0,2026-07-17,0,current_regime_2026_early_to_recent,hist_gradient_boosting,0.016419127751902397
separacion:4651,2026-0005821,CP-B1107,CP,2026-06-17,0,2026-07-17,0,current_regime_2026_early_to_recent,hist_gradient_boosting,0.0044200192884199276
separacion:4652,2026-0005915,SL-303,SL,2026-06-17,0,2026-07-17,0,current_regime_2026_early_to_recent,hist_gradient_boosting,0.03581281042239212
separacion:4140,2026-0003067,GY-14,GY,2026-06-18,90,2026-07-18,0,current_regime_2026_early_to_recent,hist_gradient_boosting,0.25100095663871236
separacion:4400,2026-0004310,NP-A-E134,NP,2026-06-18,45,2026-07-18,0,current_regime_2026_early_to_recent,hist_gradient_boosting,0.042158681962473854
separacion:4563,2026-0005384,CP-B808,CP,2026-06-18,14,2026-07-18,0,current_regime_2026_early_to_recent,hist_gradient_boosting,0.08798272583040415
separacion:4591,2026-0005535,NP-A-E163,NP,2026-06-18,7,2026-07-18,0,current_regime_2026_early_to_recent,hist_gradient_boosting,0.02523438664420333
separacion:4592,2026-0005534,MD-1701,MD,2026-06-18,7,2026-07-18,0,current_regime_2026_early_to_recent,hist_gradient_boosting,0.013273047092745845
separacion:4596,2026-0005566,NP-A1303,NP,2026-06-18,7,2026-07-18,0,current_regime_2026_early_to_recent,hist_gradient_boosting,0.01666354017939014
separacion:4655,2026-0005954,EEUU-E1,EEUU,2026-06-18,0,2026-07-18,0,current_regime_2026_early_to_recent,hist_gradient_boosting,0.3636790992563827
separacion:4403,2026-0004320,MD-E97,MD,2026-06-19,45,2026-07-19,0,current_regime_2026_early_to_recent,hist_gradient_boosting,0.034466642583221345
separacion:4599,2026-0005574,CP-E2,CP,2026-06-19,7,2026-07-19,0,current_regime_2026_early_to_recent,hist_gradient_boosting,0.03098472468876617
separacion:4664,2026-0005875,NP-A2609,NP,2026-06-19,0,2026-07-19,0,current_regime_2026_early_to_recent,hist_gradient_boosting,0.005400371284133731
separacion:4148,2026-0003118,GY-43,GY,2026-06-20,90,2026-07-20,0,current_regime_2026_early_to_recent,hist_gradient_boosting,0.09001082904702631
separacion:4210,2026-0003409,SL-E4,SL,2026-06-20,75,2026-07-20,0,current_regime_2026_early_to_recent,hist_gradient_boosting,0.07786423878445055
separacion:4213,2026-0003412,MT-A54,MT,2026-06-20,75,2026-07-20,0,current_regime_2026_early_to_recent,hist_gradient_boosting,0.05813990136467583
separacion:4216,2026-0003420,CP-E87,CP,2026-06-20,75,2026-07-20,0,current_regime_2026_early_to_recent,hist_gradient_boosting,0.05503328646928572
separacion:4337,2026-0003807,CP-E60,CP,2026-06-20,60,2026-07-20,0,current_regime_2026_early_to_recent,hist_gradient_boosting,0.0621369152754413
separacion:4409,2026-0004351,SL-E47,SL,2026-06-20,45,2026-07-20,0,current_regime_2026_early_to_recent,hist_gradient_boosting,0.08750315423585166
separacion:4413,2026-0004374,MT-B24,MT,2026-06-20,45,2026-07-20,0,current_regime_2026_early_to_recent,hist_gradient_boosting,0.06454700611205787
separacion:4544,2026-0005233,NP-A2104,NP,2026-06-20,21,2026-07-20,0,current_regime_2026_early_to_recent,hist_gradient_boosting,0.1648614825161642
separacion:4600,2026-0005594,TZ-39,TZ,2026-06-20,7,2026-07-20,0,current_regime_2026_early_to_recent,hist_gradient_boosting,0.02082817838774326
separacion:4601,2026-0005611,FX-E28,FX,2026-06-20,7,2026-07-20,0,current_regime_2026_early_to_recent,hist_gradient_boosting,0.10767116668687078
separacion:4673,2026-0005998,GY-506,GY,2026-06-20,0,2026-07-20,0,current_regime_2026_early_to_recent,hist_gradient_boosting,0.01749872763691884
separacion:4153,2026-0003145,GY-27,GY,2026-06-21,90,2026-07-21,0,current_regime_2026_early_to_recent,hist_gradient_boosting,0.11744382278303898
separacion:4343,2026-0003846,FX-E43,FX,2026-06-21,60,2026-07-21,0,current_regime_2026_early_to_recent,hist_gradient_boosting,0.5201962558828204
separacion:4550,2026-0005313,MT-A1202,MT,2026-06-21,21,2026-07-21,1,current_regime_2026_early_to_recent,hist_gradient_boosting,0.4570192620509108
separacion:4603,2026-0005740,MD-405,MD,2026-06-21,7,2026-07-21,0,current_regime_2026_early_to_recent,hist_gradient_boosting,0.3140023629065446
separacion:4604,2026-0005781,SL-1001,SL,2026-06-21,7,2026-07-21,0,current_regime_2026_early_to_recent,hist_gradient_boosting,0.3181114960527068
separacion:4605,2026-0005789,NP-A2606,NP,2026-06-21,7,2026-07-21,0,current_regime_2026_early_to_recent,hist_gradient_boosting,0.042065174499612626
separacion:4606,2026-0005804,MD-E52,MD,2026-06-21,7,2026-07-21,1,current_regime_2026_early_to_recent,hist_gradient_boosting,0.1543960866290616
separacion:4163,2026-0003190,MD-E18,MD,2026-06-22,90,2026-07-22,0,current_regime_2026_early_to_recent,hist_gradient_boosting,0.07657809626176183
separacion:4582,2026-0005474,SL-1104,SL,2026-06-22,14,2026-07-22,0,current_regime_2026_early_to_recent,hist_gradient_boosting,0.12625212764545402
separacion:4609,2026-0005817,NP-A-E106,NP,2026-06-22,7,2026-07-22,0,current_regime_2026_early_to_recent,hist_gradient_boosting,0.40011351402970224
separacion:4611,2026-0005815,MD-1401,MD,2026-06-22,7,2026-07-22,0,current_regime_2026_early_to_recent,hist_gradient_boosting,0.10026411811061454
separacion:4678,2026-0006039,MT-A601,MT,2026-06-22,0,2026-07-22,0,current_regime_2026_early_to_recent,hist_gradient_boosting,0.04691419504704436
separacion:4679,2026-0006048,NP-A-E165,NP,2026-06-22,0,2026-07-22,0,current_regime_2026_early_to_recent,hist_gradient_boosting,0.5384080229335397
separacion:4684,2026-0006056,SL-E12,SL,2026-06-22,0,2026-07-22,0,current_regime_2026_early_to_recent,hist_gradient_boosting,0.39605696006223023
separacion:4687,2026-0006060,MT-A1006,MT,2026-06-22,0,2026-07-22,0,current_regime_2026_early_to_recent,hist_gradient_boosting,0.04691419504704436
separacion:4164,2026-0003197,NP-A-E19,NP,2026-06-23,90,2026-07-23,0,current_regime_2026_early_to_recent,hist_gradient_boosting,0.056857031923617504
separacion:4288,2026-0003484,MT-A27,MT,2026-06-23,75,2026-07-23,0,current_regime_2026_early_to_recent,hist_gradient_boosting,0.01698283101444881
separacion:4290,2026-0003499,MT-A45,MT,2026-06-23,75,2026-07-23,0,current_regime_2026_early_to_recent,hist_gradient_boosting,0.01698283101444881
separacion:4363,2026-0003941,GY-33,GY,2026-06-23,60,2026-07-23,0,current_regime_2026_early_to_recent,hist_gradient_boosting,0.22159026730077172
separacion:4555,2026-0005288,MD-E66,MD,2026-06-23,21,2026-07-23,0,current_regime_2026_early_to_recent,hist_gradient_boosting,0.03691231651662514
separacion:4625,2026-0005859,FX-1301,FX,2026-06-23,7,2026-07-23,0,current_regime_2026_early_to_recent,hist_gradient_boosting,0.02940305447543331
separacion:4708,2026-0006085,GY-1401,GY,2026-06-23,0,2026-07-23,0,current_regime_2026_early_to_recent,hist_gradient_boosting,0.06965751525038603
separacion:4166,2026-0003221,CP-E52,CP,2026-06-24,90,2026-07-24,0,current_regime_2026_early_to_recent,hist_gradient_boosting,0.03429513958782177
separacion:4295,2026-0003502,SL-E7,SL,2026-06-24,75,2026-07-24,0,current_regime_2026_early_to_recent,hist_gradient_boosting,0.08314903606343711
separacion:4365,2026-0003981,TZ-19,TZ,2026-06-24,60,2026-07-24,0,current_regime_2026_early_to_recent,hist_gradient_boosting,0.04028535513487525
separacion:4648,2026-0005877,FX-1201,FX,2026-06-24,7,2026-07-24,0,current_regime_2026_early_to_recent,hist_gradient_boosting,0.013421259829892056
separacion:4649,2026-0005898,FX-1303,FX,2026-06-24,7,2026-07-24,0,current_regime_2026_early_to_recent,hist_gradient_boosting,0.037897499510041406
separacion:4650,2026-0005846,FX-505,FX,2026-06-24,7,2026-07-24,0,current_regime_2026_early_to_recent,hist_gradient_boosting,0.039602114932521276
separacion:4651,2026-0005821,CP-B1107,CP,2026-06-24,7,2026-07-24,0,current_regime_2026_early_to_recent,hist_gradient_boosting,0.0068590749640389794
separacion:4652,2026-0005915,SL-303,SL,2026-06-24,7,2026-07-24,0,current_regime_2026_early_to_recent,hist_gradient_boosting,0.034622265914693376
separacion:4591,2026-0005535,NP-A-E163,NP,2026-06-25,14,2026-07-25,0,current_regime_2026_early_to_recent,hist_gradient_boosting,0.034394101817554236
separacion:4592,2026-0005534,MD-1701,MD,2026-06-25,14,2026-07-25,0,current_regime_2026_early_to_recent,hist_gradient_boosting,0.058746937283126924
separacion:4596,2026-0005566,NP-A1303,NP,2026-06-25,14,2026-07-25,0,current_regime_2026_early_to_recent,hist_gradient_boosting,0.07164481175465455
separacion:4192,2026-0003243,CP-B1306,CP,2026-06-26,90,2026-07-26,0,current_regime_2026_early_to_recent,hist_gradient_boosting,0.03795471651701464
separacion:4193,2026-0003246,NP-A-E138,NP,2026-06-26,90,2026-07-26,0,current_regime_2026_early_to_recent,hist_gradient_boosting,0.03556461072543581
separacion:4367,2026-0004067,TZ-50,TZ,2026-06-26,60,2026-07-26,0,current_regime_2026_early_to_recent,hist_gradient_boosting,0.05369700272203363
separacion:4451,2026-0004523,NP-A-E154,NP,2026-06-26,45,2026-07-26,0,current_regime_2026_early_to_recent,hist_gradient_boosting,0.036051994559907416
separacion:4599,2026-0005574,CP-E2,CP,2026-06-26,14,2026-07-26,0,current_regime_2026_early_to_recent,hist_gradient_boosting,0.04836058996214486
separacion:4370,2026-0004112,NP-A-E06,NP,2026-06-27,60,2026-07-27,0,current_regime_2026_early_to_recent,hist_gradient_boosting,0.03767419112985482
separacion:4600,2026-0005594,TZ-39,TZ,2026-06-27,14,2026-07-27,0,current_regime_2026_early_to_recent,hist_gradient_boosting,0.03728520466379646
separacion:4601,2026-0005611,FX-E28,FX,2026-06-27,14,2026-07-27,0,current_regime_2026_early_to_recent,hist_gradient_boosting,0.22163671174523827
separacion:4742,2026-0006180,MT-A702,MT,2026-06-27,0,2026-07-27,0,current_regime_2026_early_to_recent,hist_gradient_boosting,0.01237713296293923
separacion:4743,2026-0006183,MD-E49,MD,2026-06-27,0,2026-07-27,0,current_regime_2026_early_to_recent,hist_gradient_boosting,0.027490412721705913
separacion:4202,2026-0003313,NP-A2203,NP,2026-06-28,90,2026-07-28,0,current_regime_2026_early_to_recent,hist_gradient_boosting,0.31382301926410344
separacion:4203,2026-0003315,NP-A2204,NP,2026-06-28,90,2026-07-28,0,current_regime_2026_early_to_recent,hist_gradient_boosting,0.31382301926410344
separacion:4301,2026-0003630,NP-A-E08,NP,2026-06-28,75,2026-07-28,0,current_regime_2026_early_to_recent,hist_gradient_boosting,0.07087531693382322
separacion:4455,2026-0004548,NP-A1901,NP,2026-06-28,45,2026-07-28,1,current_regime_2026_early_to_recent,hist_gradient_boosting,0.31382301926410344
separacion:4457,2026-0004561,MT-B28,MT,2026-06-28,45,2026-07-28,0,current_regime_2026_early_to_recent,hist_gradient_boosting,0.1311446544949959
separacion:4604,2026-0005781,SL-1001,SL,2026-06-28,14,2026-07-28,0,current_regime_2026_early_to_recent,hist_gradient_boosting,0.3476799664450288
separacion:4606,2026-0005804,MD-E52,MD,2026-06-28,14,2026-07-28,1,current_regime_2026_early_to_recent,hist_gradient_boosting,0.15732805278179002
separacion:4745,2026-0006261,NP-A-E77,NP,2026-06-28,0,2026-07-28,0,current_regime_2026_early_to_recent,hist_gradient_boosting,0.06643496972305844
separacion:4746,2026-0006279,NP-A2607,NP,2026-06-28,0,2026-07-28,0,current_regime_2026_early_to_recent,hist_gradient_boosting,0.02438454534710345
separacion:4463,2026-0004597,TZ-40,TZ,2026-06-29,45,2026-07-29,0,current_regime_2026_early_to_recent,hist_gradient_boosting,0.11977549285007393
separacion:4464,2026-0004616,TZ-43,TZ,2026-06-29,45,2026-07-29,0,current_regime_2026_early_to_recent,hist_gradient_boosting,0.11977549285007393
separacion:4544,2026-0005233,NP-A2104,NP,2026-06-29,30,2026-07-29,0,current_regime_2026_early_to_recent,hist_gradient_boosting,0.7666024823616456
separacion:4609,2026-0005817,NP-A-E106,NP,2026-06-29,14,2026-07-29,0,current_regime_2026_early_to_recent,hist_gradient_boosting,0.3993270587202627
separacion:4611,2026-0005815,MD-1401,MD,2026-06-29,14,2026-07-29,0,current_regime_2026_early_to_recent,hist_gradient_boosting,0.19805332000463752
separacion:4679,2026-0006048,NP-A-E165,NP,2026-06-29,7,2026-07-29,0,current_regime_2026_early_to_recent,hist_gradient_boosting,0.36203053830334037
separacion:4684,2026-0006056,SL-E12,SL,2026-06-29,7,2026-07-29,0,current_regime_2026_early_to_recent,hist_gradient_boosting,0.14060485898108127
separacion:4389,2026-0004188,SL-E1,SL,2026-06-30,60,2026-07-30,0,current_regime_2026_early_to_recent,hist_gradient_boosting,0.07024314310375616
separacion:4550,2026-0005313,MT-A1202,MT,2026-06-30,30,2026-07-30,1,current_regime_2026_early_to_recent,hist_gradient_boosting,0.1569191975375371
separacion:4625,2026-0005859,FX-1301,FX,2026-06-30,14,2026-07-30,0,current_regime_2026_early_to_recent,hist_gradient_boosting,0.08081078350258988
separacion:4708,2026-0006085,GY-1401,GY,2026-06-30,7,2026-07-30,0,current_regime_2026_early_to_recent,hist_gradient_boosting,0.045633734611129836
separacion:4752,2026-0006331,NP-A2107,NP,2026-06-30,0,2026-07-30,0,current_regime_2026_early_to_recent,hist_gradient_boosting,0.016426060324844026
separacion:4553,2026-0005356,NP-A-E161,NP,2026-07-01,60,2026-07-31,0,current_regime_2026_early_to_recent,hist_gradient_boosting,0.05600499671092401
separacion:4648,2026-0005877,FX-1201,FX,2026-07-01,14,2026-07-31,0,current_regime_2026_early_to_recent,hist_gradient_boosting,0.0443329686331951
separacion:4649,2026-0005898,FX-1303,FX,2026-07-01,14,2026-07-31,0,current_regime_2026_early_to_recent,hist_gradient_boosting,0.10566771906875402
separacion:4484,2026-0004638,CP-E18,CP,2026-07-02,45,2026-08-01,0,current_regime_2026_early_to_recent,hist_gradient_boosting,0.05234115649195815
separacion:4555,2026-0005288,MD-E66,MD,2026-07-02,30,2026-08-01,0,current_regime_2026_early_to_recent,hist_gradient_boosting,0.044408038601627293
separacion:4591,2026-0005535,NP-A-E163,NP,2026-07-02,21,2026-08-01,0,current_regime_2026_early_to_recent,hist_gradient_boosting,0.052226023164780415
separacion:4596,2026-0005566,NP-A1303,NP,2026-07-02,21,2026-08-01,0,current_regime_2026_early_to_recent,hist_gradient_boosting,0.28568339828174333
separacion:4400,2026-0004310,NP-A-E134,NP,2026-07-03,60,2026-08-02,0,current_regime_2026_early_to_recent,hist_gradient_boosting,0.03611223003803113
separacion:4599,2026-0005574,CP-E2,CP,2026-07-03,21,2026-08-02,0,current_regime_2026_early_to_recent,hist_gradient_boosting,0.08781323153465323
separacion:4761,2026-0006417,FX-201,FX,2026-07-03,0,2026-08-02,1,current_regime_2026_early_to_recent,hist_gradient_boosting,0.03435916635969536
separacion:4403,2026-0004320,MD-E97,MD,2026-07-04,60,2026-08-03,0,current_regime_2026_early_to_recent,hist_gradient_boosting,0.06124980952528984
separacion:4601,2026-0005611,FX-E28,FX,2026-07-04,21,2026-08-03,0,current_regime_2026_early_to_recent,hist_gradient_boosting,0.33498531121063474
separacion:4743,2026-0006183,MD-E49,MD,2026-07-04,7,2026-08-03,0,current_regime_2026_early_to_recent,hist_gradient_boosting,0.025737347181990448
separacion:4762,2026-0006421,TZ-28,TZ,2026-07-04,0,2026-08-03,0,current_regime_2026_early_to_recent,hist_gradient_boosting,0.02389891445403066
separacion:4210,2026-0003409,SL-E4,SL,2026-07-05,90,2026-08-04,0,current_regime_2026_early_to_recent,hist_gradient_boosting,0.11468264607330077
separacion:4213,2026-0003412,MT-A54,MT,2026-07-05,90,2026-08-04,0,current_regime_2026_early_to_recent,hist_gradient_boosting,0.08506428312135504
separacion:4216,2026-0003420,CP-E87,CP,2026-07-05,90,2026-08-04,0,current_regime_2026_early_to_recent,hist_gradient_boosting,0.09071709197442526
separacion:4337,2026-0003807,CP-E60,CP,2026-07-05,75,2026-08-04,0,current_regime_2026_early_to_recent,hist_gradient_boosting,0.09071709197442526
separacion:4409,2026-0004351,SL-E47,SL,2026-07-05,60,2026-08-04,0,current_regime_2026_early_to_recent,hist_gradient_boosting,0.12667553483066038
separacion:4413,2026-0004374,MT-B24,MT,2026-07-05,60,2026-08-04,0,current_regime_2026_early_to_recent,hist_gradient_boosting,0.09428972158945924
separacion:4604,2026-0005781,SL-1001,SL,2026-07-05,21,2026-08-04,0,current_regime_2026_early_to_recent,hist_gradient_boosting,0.5008416101026428
separacion:4606,2026-0005804,MD-E52,MD,2026-07-05,21,2026-08-04,1,current_regime_2026_early_to_recent,hist_gradient_boosting,0.18038242706141844
separacion:4745,2026-0006261,NP-A-E77,NP,2026-07-05,7,2026-08-04,0,current_regime_2026_early_to_recent,hist_gradient_boosting,0.026143835491467312
separacion:4343,2026-0003846,FX-E43,FX,2026-07-06,75,2026-08-05,0,current_regime_2026_early_to_recent,hist_gradient_boosting,0.1054443802541519
separacion:4609,2026-0005817,NP-A-E106,NP,2026-07-06,21,2026-08-05,0,current_regime_2026_early_to_recent,hist_gradient_boosting,0.2775536363788602
separacion:4611,2026-0005815,MD-1401,MD,2026-07-06,21,2026-08-05,0,current_regime_2026_early_to_recent,hist_gradient_boosting,0.47270874366164684
separacion:4679,2026-0006048,NP-A-E165,NP,2026-07-06,14,2026-08-05,0,current_regime_2026_early_to_recent,hist_gradient_boosting,0.3438328894552063
separacion:4684,2026-0006056,SL-E12,SL,2026-07-06,14,2026-08-05,0,current_regime_2026_early_to_recent,hist_gradient_boosting,0.13252980760577168
separacion:4773,2026-0006518,MD-2106,MD,2026-07-06,0,2026-08-05,0,current_regime_2026_early_to_recent,hist_gradient_boosting,0.029029596326448026
separacion:4625,2026-0005859,FX-1301,FX,2026-07-07,21,2026-08-06,0,current_regime_2026_early_to_recent,hist_gradient_boosting,0.3339015021249777
separacion:4708,2026-0006085,GY-1401,GY,2026-07-07,14,2026-08-06,0,current_regime_2026_early_to_recent,hist_gradient_boosting,0.10458774906790735
separacion:4775,2026-0006528,NP-A1306,NP,2026-07-07,0,2026-08-06,0,current_regime_2026_early_to_recent,hist_gradient_boosting,0.016426060324844026
separacion:4777,2026-0006546,GY-1602,GY,2026-07-07,0,2026-08-06,0,current_regime_2026_early_to_recent,hist_gradient_boosting,0.06965751525038603
separacion:4288,2026-0003484,MT-A27,MT,2026-07-08,90,2026-08-07,0,current_regime_2026_early_to_recent,hist_gradient_boosting,0.022347756835017444
separacion:4290,2026-0003499,MT-A45,MT,2026-07-08,90,2026-08-07,0,current_regime_2026_early_to_recent,hist_gradient_boosting,0.022347756835017444
separacion:4363,2026-0003941,GY-33,GY,2026-07-08,75,2026-08-07,0,current_regime_2026_early_to_recent,hist_gradient_boosting,0.2512457912021648
separacion:4648,2026-0005877,FX-1201,FX,2026-07-08,21,2026-08-07,0,current_regime_2026_early_to_recent,hist_gradient_boosting,0.20293660644429093
separacion:4649,2026-0005898,FX-1303,FX,2026-07-08,21,2026-08-07,0,current_regime_2026_early_to_recent,hist_gradient_boosting,0.40251715149463463
separacion:4295,2026-0003502,SL-E7,SL,2026-07-09,90,2026-08-08,0,current_regime_2026_early_to_recent,hist_gradient_boosting,0.07731453490236012
separacion:4365,2026-0003981,TZ-19,TZ,2026-07-09,75,2026-08-08,0,current_regime_2026_early_to_recent,hist_gradient_boosting,0.042980853399428004
separacion:4798,2026-0006629,TZ-27,TZ,2026-07-10,0,2026-08-09,0,current_regime_2026_early_to_recent,hist_gradient_boosting,0.08373760300108775
separacion:4451,2026-0004523,NP-A-E154,NP,2026-07-11,60,2026-08-10,0,current_regime_2026_early_to_recent,hist_gradient_boosting,0.03767419112985482
separacion:4591,2026-0005535,NP-A-E163,NP,2026-07-11,30,2026-08-10,0,current_regime_2026_early_to_recent,hist_gradient_boosting,0.03841226547119309
separacion:4596,2026-0005566,NP-A1303,NP,2026-07-11,30,2026-08-10,0,current_regime_2026_early_to_recent,hist_gradient_boosting,0.24131282282589603
separacion:4743,2026-0006183,MD-E49,MD,2026-07-11,14,2026-08-10,0,current_regime_2026_early_to_recent,hist_gradient_boosting,0.04989709980930478
separacion:4762,2026-0006421,TZ-28,TZ,2026-07-11,7,2026-08-10,0,current_regime_2026_early_to_recent,hist_gradient_boosting,0.02082817838774326
separacion:4803,2026-0006693,SL-1606,SL,2026-07-11,0,2026-08-10,0,current_regime_2026_early_to_recent,hist_gradient_boosting,0.009431861326466924
separacion:4370,2026-0004112,NP-A-E06,NP,2026-07-12,75,2026-08-11,0,current_regime_2026_early_to_recent,hist_gradient_boosting,0.06505290202041315
separacion:4599,2026-0005574,CP-E2,CP,2026-07-12,30,2026-08-11,0,current_regime_2026_early_to_recent,hist_gradient_boosting,0.10934774666550988
separacion:4745,2026-0006261,NP-A-E77,NP,2026-07-12,14,2026-08-11,0,current_regime_2026_early_to_recent,hist_gradient_boosting,0.03674270339359128
separacion:4804,2026-0006713,CP-B908,CP,2026-07-12,0,2026-08-11,0,current_regime_2026_early_to_recent,hist_gradient_boosting,0.08905536154532995
separacion:4805,2026-0006709,MT-A1205,MT,2026-07-12,0,2026-08-11,0,current_regime_2026_early_to_recent,hist_gradient_boosting,0.08067346979622485
separacion:4301,2026-0003630,NP-A-E08,NP,2026-07-13,90,2026-08-12,0,current_regime_2026_early_to_recent,hist_gradient_boosting,0.24749567499632555
separacion:4457,2026-0004561,MT-B28,MT,2026-07-13,60,2026-08-12,0,current_regime_2026_early_to_recent,hist_gradient_boosting,0.05801874827678582
separacion:4601,2026-0005611,FX-E28,FX,2026-07-13,30,2026-08-12,0,current_regime_2026_early_to_recent,hist_gradient_boosting,0.11824080958524082
separacion:4679,2026-0006048,NP-A-E165,NP,2026-07-13,21,2026-08-12,0,current_regime_2026_early_to_recent,hist_gradient_boosting,0.24032979733065
separacion:4684,2026-0006056,SL-E12,SL,2026-07-13,21,2026-08-12,0,current_regime_2026_early_to_recent,hist_gradient_boosting,0.12076031216815969
separacion:4809,2026-0006749,NP-A-E169,NP,2026-07-13,0,2026-08-12,1,current_regime_2026_early_to_recent,hist_gradient_boosting,0.5384080229335397
separacion:4810,2026-0006752,NP-A-E16,NP,2026-07-13,0,2026-08-12,0,current_regime_2026_early_to_recent,hist_gradient_boosting,0.5384080229335397
separacion:4811,2026-0006758,MT-A602,MT,2026-07-13,0,2026-08-12,1,current_regime_2026_early_to_recent,hist_gradient_boosting,0.04691419504704436
separacion:4463,2026-0004597,TZ-40,TZ,2026-07-14,60,2026-08-13,0,current_regime_2026_early_to_recent,hist_gradient_boosting,0.02751433371276473
separacion:4464,2026-0004616,TZ-43,TZ,2026-07-14,60,2026-08-13,0,current_regime_2026_early_to_recent,hist_gradient_boosting,0.02751433371276473
separacion:4606,2026-0005804,MD-E52,MD,2026-07-14,30,2026-08-13,1,current_regime_2026_early_to_recent,hist_gradient_boosting,0.03520096026721041
separacion:4775,2026-0006528,NP-A1306,NP,2026-07-14,7,2026-08-13,0,current_regime_2026_early_to_recent,hist_gradient_boosting,0.045394713985858356
separacion:4777,2026-0006546,GY-1602,GY,2026-07-14,7,2026-08-13,0,current_regime_2026_early_to_recent,hist_gradient_boosting,0.045633734611129836
separacion:4389,2026-0004188,SL-E1,SL,2026-07-15,75,2026-08-14,0,current_regime_2026_early_to_recent,hist_gradient_boosting,0.08314903606343711
separacion:4609,2026-0005817,NP-A-E106,NP,2026-07-15,30,2026-08-14,0,current_regime_2026_early_to_recent,hist_gradient_boosting,0.05277927596526543
separacion:4611,2026-0005815,MD-1401,MD,2026-07-15,30,2026-08-14,1,current_regime_2026_early_to_recent,hist_gradient_boosting,0.2771856153219846
separacion:4553,2026-0005356,NP-A-E161,NP,2026-07-16,75,2026-08-15,0,current_regime_2026_early_to_recent,hist_gradient_boosting,0.04159230444910804
separacion:4625,2026-0005859,FX-1301,FX,2026-07-16,30,2026-08-15,0,current_regime_2026_early_to_recent,hist_gradient_boosting,0.7247677029444511
separacion:4817,2026-0006802,CP-E78,CP,2026-07-16,0,2026-08-15,0,current_regime_2026_early_to_recent,hist_gradient_boosting,0.3536877727746434
separacion:4818,2026-0006805,MD-E29,MD,2026-07-16,0,2026-08-15,1,current_regime_2026_early_to_recent,hist_gradient_boosting,0.10555742266832636
separacion:4823,2026-0006814,GY-806,GY,2026-07-16,0,2026-08-15,0,current_regime_2026_early_to_recent,hist_gradient_boosting,0.31003685076636783
separacion:4824,2026-0006815,GY-42,GY,2026-07-16,0,2026-08-15,0,current_regime_2026_early_to_recent,hist_gradient_boosting,0.8912186973275885
separacion:4484,2026-0004638,CP-E18,CP,2026-07-17,60,2026-08-16,0,current_regime_2026_early_to_recent,hist_gradient_boosting,0.044242644642955554
separacion:4555,2026-0005288,MD-E66,MD,2026-07-17,45,2026-08-16,0,current_regime_2026_early_to_recent,hist_gradient_boosting,0.03742598366362497
separacion:4798,2026-0006629,TZ-27,TZ,2026-07-17,7,2026-08-16,0,current_regime_2026_early_to_recent,hist_gradient_boosting,0.03098472468876617
separacion:4400,2026-0004310,NP-A-E134,NP,2026-07-18,75,2026-08-17,0,current_regime_2026_early_to_recent,hist_gradient_boosting,0.03710379742986438
separacion:4743,2026-0006183,MD-E49,MD,2026-07-18,21,2026-08-17,0,current_regime_2026_early_to_recent,hist_gradient_boosting,0.09351924655047535
separacion:4762,2026-0006421,TZ-28,TZ,2026-07-18,14,2026-08-17,0,current_regime_2026_early_to_recent,hist_gradient_boosting,0.03728520466379646
separacion:4803,2026-0006693,SL-1606,SL,2026-07-18,7,2026-08-17,0,current_regime_2026_early_to_recent,hist_gradient_boosting,0.0158589938157315
separacion:4858,2026-0006846,FX-204,FX,2026-07-18,0,2026-08-17,0,current_regime_2026_early_to_recent,hist_gradient_boosting,0.02225582102563369
separacion:4859,2026-0006847,MD-1302,MD,2026-07-18,0,2026-08-17,0,current_regime_2026_early_to_recent,hist_gradient_boosting,0.0038079388873654136
separacion:4860,2026-0006852,MT-A501,MT,2026-07-18,0,2026-08-17,0,current_regime_2026_early_to_recent,hist_gradient_boosting,0.01237713296293923
separacion:4403,2026-0004320,MD-E97,MD,2026-07-19,75,2026-08-18,0,current_regime_2026_early_to_recent,hist_gradient_boosting,0.07937076390939246
separacion:4745,2026-0006261,NP-A-E77,NP,2026-07-19,21,2026-08-18,0,current_regime_2026_early_to_recent,hist_gradient_boosting,0.06078384352096137
separacion:4805,2026-0006709,MT-A1205,MT,2026-07-19,7,2026-08-18,0,current_regime_2026_early_to_recent,hist_gradient_boosting,0.1285741401780301
